64 524288 6854.392 7027.107 7253.616 9.25178062914 9.5499988829 9.79063701055 4.62589031457 4.77499944145 4.89531850527
128 262144 3427.362 3429.291 3473.354 19.3210550954 19.5693115574 19.5803256265 9.66052754772 9.7846557787 9.79016281327
192 262144 3427.383 3429.14 3435.745 29.2988263099 29.3552599194 29.3703084832 14.6494131549 14.6776299597 14.6851542416
256 131072 1712.308 1717.185 1717.32 39.0776698577 39.0807420284 39.1920518972 19.5388349288 19.5403710142 19.5960259486
320 131072 1712.429 1712.538 1719.521 48.7845626776 48.98348533 48.9866032402 24.3922813388 24.491742665 24.4933016201
384 131072 1712.326 1712.428 1716.071 58.6591673655 58.7839582161 58.7874598645 29.3295836827 29.391979108 29.3937299323
448 131072 1728.438 1729.112 1742.436 67.4001868648 67.9195517699 67.9460368263 33.7000934324 33.959775885 33.9730184132
512 65536 864.953 865.818 870.377 77.1032138947 77.5092040129 77.5867174286 38.5516069473 38.7546020064 38.7933587143
576 65536 866.754 867.814 878.098 85.9784124323 86.9972966557 87.1036903204 42.9892062162 43.4986483279 43.5518451602
640 65536 857.669 858.144 862.995 97.2034368681 97.7529179252 97.8070561021 48.6017184341 48.8764589626 48.903528051
704 65536 922.811 923.827 929.074 99.3189864317 99.8830820056 99.993051665 49.6594932158 49.9415410028 49.9965258325
768 65536 920.677 920.828 929.762 108.267810472 109.318239671 109.336168928 54.133905236 54.6591198356 54.6680844639
832 65536 961.118 962.528 972.82 112.09874797 113.297383557 113.463595521 56.0493739849 56.6486917783 56.7317977605
896 65536 962.028 962.196 967.309 121.409510301 122.054666617 122.075981156 60.7047551506 61.0273333084 61.0379905782
960 32768 527.204 527.809 534.457 117.716785448 119.199483146 119.336272107 58.8583927238 59.5997415732 59.6681360536
1024 32768 527.393 527.504 561.003 119.623003799 127.219630562 127.24640638 59.8115018993 63.609815281 63.62320319
1088 32768 586.74 587.379 587.676 121.330746874 121.392096074 121.524300372 60.6653734371 60.6960480371 60.7621501858
1152 32768 593.867 594.02 597.477 126.360465759 127.095841891 127.12858603 63.1802328793 63.5479209454 63.5642930151
1216 32768 652.427 653.324 659.515 120.833909767 121.97895072 122.146655488 60.4169548835 60.9894753599 61.0733277439
1280 32768 653.07 653.188 653.232 128.41697896 128.425629375 128.448833969 64.20848948 64.2128146873 64.2244169844
1408 32768 721.504 721.633 736.425 125.300862953 127.869274271 127.892136426 62.6504314764 63.9346371355 63.9460682131
1536 32768 779.22 779.299 819.288 122.866801418 129.171596525 129.184692385 61.4334007089 64.5857982623 64.5923461923
1664 32768 848.499 848.755 863.037 126.358318357 128.484549723 128.5233147 63.1791591786 64.2422748614 64.2616573502
1792 32768 906.417 907.729 919.217 127.761466553 129.378384959 129.56565466 63.8807332763 64.6891924793 64.78282733
1920 16384 488.595 488.695 488.736 128.729129837 128.739929813 128.76627882 64.3645649185 64.3699649065 64.3831394099
2112 16384 547.25 547.976 553.067 125.131342134 126.293881484 126.461427136 62.565671067 63.1469407419 63.2307135678
2304 16384 580.664 580.936 586.012 128.832638239 129.958329317 130.019205599 64.4163191197 64.9791646584 65.0096027996
2496 16384 644.385 645.254 755.728 108.22535092 126.754623761 126.925561582 54.11267546 63.3773118803 63.462780791
2688 16384 679.937 680.196 719.526 122.414456184 129.492652118 129.541978154 61.2072280918 64.746326059 64.7709890769
2944 16384 743.84 744.002 744.142 129.637880942 129.662275101 129.690514089 64.818940471 64.8311375507 64.8452570445
3200 16384 807.628 807.734 807.908 129.789035385 129.816994208 129.8340325 64.8945176926 64.9084971042 64.9170162501
3520 16384 898.284 899.115 905.11 127.435737093 128.285436235 128.40411273 63.7178685464 64.1427181173 64.2020563652
3840 8192 481.795 482.11 486.996 129.189069315 130.498350999 130.583671479 64.5945346574 65.2491754994 65.2918357393
4224 8192 583.333 583.353 583.499 118.605200694 118.634884881 118.638952365 59.3026003472 59.3174424405 59.3194761826
4608 8192 577.496 577.546 588.46 128.296693063 130.721140827 130.732458753 64.1483465316 65.3605704134 65.3662293765
5056 8192 692.372 702.005 702.276 117.955766679 118.001301985 119.643058934 58.9778833393 59.0006509925 59.8215294668
5504 8192 741.531 741.559 741.568 121.603866402 121.605342259 121.609934042 60.801933201 60.8026711293 60.8049670209
6016 8192 812.449 813.235 832.449 118.405024212 121.202535552 121.319792381 59.2025121058 60.6012677762 60.6598961904
6592 8192 887.893 891.301 894.748 120.708096581 121.174920706 121.640026445 60.3540482907 60.5874603529 60.8200132223
7232 8192 973.219 979.223 1006.766 117.69277866 121.003170881 121.7496658 58.8463893298 60.5015854407 60.8748328999
7936 4096 527.959 527.982 531.606 122.293036572 123.132440121 123.137804261 61.1465182861 61.5662200605 61.5689021307
8704 4096 577.74 577.763 577.778 123.409281766 123.412485742 123.41739883 61.7046408828 61.7062428712 61.708699415
9536 4096 630.974 634.573 638.124 122.419642577 123.104689295 123.806863674 61.2098212887 61.5523446475 61.9034318371
10432 4096 687.705 688.641 692.525 123.401962384 124.097961057 124.266864426 61.700981192 62.0489805283 62.1334322129
11456 4096 752.188 754.002 755.798 124.170151284 124.465919189 124.766085074 62.0850756419 62.2329595943 62.3830425372
12544 4096 818.689 818.857 824.158 124.685373436 125.492543875 125.518295714 62.3426867178 62.7462719376 62.7591478571
13760 4096 894.929 899.422 903.698 124.734059387 125.327065604 125.956271391 62.3670296935 62.6635328022 62.9781356957
15104 4096 978.668 979.656 982.647 125.917005802 126.301444589 126.428950369 62.9585029008 63.1507222944 63.2144751846
16576 2048 533.077 537.931 540.727 125.562984648 126.21562245 127.364894753 62.7814923242 63.1078112249 63.6824473763
18176 2048 587.572 587.599 587.609 126.69801858 126.700174779 126.705996882 63.3490092902 63.3500873895 63.352998441
19968 2048 642.218 642.257 651.835 125.47489472 127.346105998 127.353839351 62.7374473601 63.673052999 63.6769196753
21952 2048 699.573 705.659 710.067 126.629447644 127.420456623 128.528962667 63.3147238218 63.7102283114 64.2644813336
24128 2048 770.464 780.064 782.096 126.363372271 126.692538048 128.271130124 63.1816861357 63.3462690241 64.1355650621
26496 2048 844.418 844.465 847.53 128.051651269 128.516416903 128.52357008 64.0258256345 64.2582084515 64.2617850401
29120 2048 921.271 924.229 930.007 128.252281972 129.054076425 129.468440882 64.126140986 64.5270382124 64.7342204411
32000 1024 508.65 508.661 508.726 128.823767608 128.840229544 128.843015826 64.4118838039 64.4201147719 64.4215079131
35200 1024 556.861 556.888 560.211 128.682942677 129.450805189 129.457081749 64.3414713385 64.7254025944 64.7285408747
38720 1024 610.64 612.676 615.151 128.909097116 129.429845465 129.861391327 64.454548558 64.7149227324 64.9306956636
42560 1024 674.47 675.063 676.623 128.820450975 129.118141566 129.23166338 64.4102254875 64.559070783 64.6158316901
46784 1024 731.86 734.787 737.438 129.927711889 130.396471358 130.917978848 64.9638559445 65.1982356792 65.4589894242
51456 1024 809.514 809.658 809.708 130.148013852 130.156051073 130.179203819 65.074006926 65.0780255367 65.0896019093
56576 1024 887.191 887.756 890.812 130.069698208 130.517448488 130.600567409 65.034849104 65.258724244 65.3002837044
62208 512 489.267 489.291 492.332 129.386251554 130.190402031 130.196788257 64.6931257769 65.0952010153 65.0983941284
68416 512 533.521 537.018 537.456 130.351105951 130.457422284 131.312514409 65.1755529755 65.2287111419 65.6562572045
75200 512 588.191 589.306 590.315 130.446964756 130.670313895 130.918018127 65.2234823781 65.3351569473 65.4590090634
82688 512 646.191 646.26 646.423 130.986230379 131.019267787 131.033257969 65.4931151893 65.5096338935 65.5166289843
90944 512 707.901 710.965 712.952 130.621214331 130.986273586 131.553220012 65.3106071657 65.493136793 65.7766100062
100032 512 779.012 780.498 784.111 130.635545223 131.240269674 131.490616319 65.3177726113 65.620134837 65.7453081596
110016 512 855.503 857.784 859.94 131.004935228 131.334210011 131.68438217 65.502467614 65.6671050055 65.8421910852
120960 512 942.765 942.904 945.444 131.010445886 131.363362548 131.382730585 65.5052229429 65.681681274 65.6913652925
133056 256 517.315 519.195 520.591 130.8602569 131.212111057 131.688955472 65.4301284502 65.6060555283 65.844477736
146304 256 569.616 569.77 578.517 129.482189806 131.469975604 131.505519508 64.741094903 65.7349878021 65.7527597539
160896 256 626.227 626.556 629.752 130.811417828 131.478673893 131.54774866 65.405708914 65.7393369467 65.7738743299
176960 256 686.227 688.446 691.746 130.978017943 131.605848534 132.031412346 65.4890089715 65.8029242671 66.015706173
194624 256 755.102 756.419 756.546 131.713719985 131.73583424 131.965599349 65.8568599927 65.86791712 65.9827996747
214080 256 828.984 832.828 838.772 130.677895781 131.610560644 132.220839003 65.3389478905 65.805280322 66.1104195015
235456 256 914.208 914.498 918.452 131.257237177 131.82475194 131.866568658 65.6286185887 65.9123759702 65.9332843292
258944 128 503.479 503.527 503.603 131.630796481 131.650664215 131.663215348 65.8153982403 65.8253321073 65.8316076738
284800 128 604.476 604.702 607.599 119.994930867 120.569801324 120.614879664 59.9974654336 60.2849006618 60.3074398322
313280 128 686.554 686.963 689.064 116.389304912 116.745268668 116.814817188 58.1946524561 58.372634334 58.4074085942
344576 128 754.79 754.894 754.956 116.843174966 116.852771382 116.868872137 58.4215874832 58.4263856912 58.4344360683
379008 128 830.084 830.287 833.739 116.374606442 116.858445333 116.887023482 58.1873032208 58.4292226664 58.443511741
416896 128 912.488 913.04 913.278 116.85968128 116.89014282 116.96085428 58.42984064 58.4450714098 58.4804271399
458560 128 1003.533 1004.731 1007.538 116.51308437 116.838596599 116.978076456 58.256542185 58.4192982997 58.4890382279
504384 64 552.123 552.779 555.485 116.224834154 116.793785582 116.932553072 58.112417077 58.3968927908 58.4662765362
554816 64 607.387 607.612 608.045 116.794724075 116.877955011 116.921251196 58.3973620373 58.4389775054 58.4606255978
610240 64 667.96 668.39 670.967 116.415144113 116.863986595 116.939217917 58.2075720564 58.4319932973 58.4696089586
671232 64 734.721 735.145 737.996 116.420273281 116.871768155 116.939213661 58.2101366403 58.4358840773 58.4696068303
738304 64 808.196 809.026 811.925 116.393647196 116.810723018 116.930685131 58.1968235982 58.4053615088 58.4653425654
812096 64 888.603 889.911 926.702 112.17013452 116.807509964 116.979447515 56.08506726 58.4037549822 58.4897237574
893248 64 977.335 977.688 979.432 116.736786219 116.945021316 116.987260254 58.3683931095 58.4725106578 58.4936301268
982528 32 537.677 538.045 541.821 116.056395009 116.87087883 116.950868272 58.0281975043 58.4354394149 58.4754341361
1080768 32 591.694 591.886 592.56 116.729364115 116.86228767 116.900208554 58.3646820575 58.4311438351 58.4501042769
1188800 32 650.468 652.137 652.498 116.602962768 116.667510048 116.966860783 58.3014813839 58.3337550239 58.4834303917
1307648 32 716.862 720.139 728.826 114.827780568 116.212942224 116.744187863 57.4138902838 58.1064711118 58.3720939316
1438400 32 789.173 792.009 798.238 115.326005527 116.233022605 116.650721705 57.6630027636 58.1165113023 58.3253608524
1582208 32 869.63 876.861 884.056 114.541739437 115.481600847 116.441833883 57.2708697187 57.7408004233 58.2209169417
1740416 32 958.859 962.761 966.421 115.256833202 115.694989722 116.165801228 57.628416601 57.8474948611 58.0829006142
1914432 32 1057.616 1066.011 1072.024 114.291888988 114.936570073 115.848897899 57.1459444938 57.4682850365 57.9244489493
2105856 16 585.514 588.025 591.179 113.988135573 114.599535734 115.091000386 56.9940677866 57.299767867 57.545500193
2316416 16 647.654 651.873 654.848 113.194683346 113.711278117 114.45202531 56.5973416732 56.8556390585 57.2260126549
2548032 16 716.542 719.53 723.91 112.634200384 113.31983934 113.79238621 56.317100192 56.6599196698 56.8961931052
2802816 16 790.566 794.227 799.798 112.140955591 112.927553458 113.450505081 56.0704777956 56.4637767288 56.7252525406
3083072 16 871.653 872.214 875.885 112.638421711 113.112497621 113.18529736 56.3192108553 56.5562488105 56.5926486802
3391360 16 960.527 963.881 967.464 112.173186806 112.590164139 112.983310204 56.086593403 56.2950820693 56.4916551018
3730496 16 1056.853 1058.207 1058.911 112.734565983 112.809565614 112.954092953 56.3672829917 56.4047828071 56.4770464767
4103488 8 583.307 584.114 590.906 111.110410116 112.402387205 112.557894899 55.555205058 56.2011936026 56.2789474496
4513792 8 641.151 642.633 647.088 111.608733279 112.38245157 112.642220007 55.8043666395 56.1912257852 56.3211100037
4965120 8 704.514 706.067 706.682 112.415372119 112.513288399 112.761307795 56.2076860596 56.2566441995 56.3806538976
5461632 8 775.045 775.902 782.956 111.61050174 112.625192357 112.74972679 55.8052508698 56.3125961784 56.374863395
6007744 8 851.668 854.058 859.614 111.822171347 112.549620752 112.865464007 55.9110856733 56.2748103759 56.4327320036
6608512 8 937.027 939.249 945.237 111.862095961 112.575251078 112.84220412 55.9310479806 56.2876255391 56.42110206
7269312 8 1031.491 1032.991 1037.606 112.093600076 112.594390464 112.758125859 56.0468000378 56.2971952321 56.3790629293
7996224 4 568.193 569.109 597.206 107.115119406 112.40340954 112.584618255 53.557559703 56.2017047701 56.2923091274
8795840 4 624.07 626.629 632.846 111.190905844 112.294068739 112.754530742 55.5954529222 56.1470343696 56.3772653709
9675392 4 686.889 688.723 693.422 111.624863359 112.386454351 112.686527226 55.8124316794 56.1932271755 56.3432636132
10642880 4 754.616 757.11 780.53 109.083622667 112.457951949 112.829624604 54.5418113333 56.2289759744 56.4148123019
11707136 4 830.555 836.466 848.213 110.4169448 111.967597009 112.764462317 55.2084724002 55.9837985047 56.3822311587
12877824 4 913.899 919.577 939.817 109.619843012 112.032588897 112.728640692 54.809921506 56.0162944484 56.3643203461
14165568 4 1009.544 1012.153 1033.627 109.637755206 111.963847363 112.253199464 54.8188776028 55.9819236815 56.1265997322
15582080 4 1117.296 1131.225 1157.694 107.676674493 110.196150191 111.569933124 53.8383372463 55.0980750956 55.7849665621
17140288 2 624.116 642.37 663.151 103.386939023 106.731559693 109.853219594 51.6934695115 53.3657798465 54.9266097969
18854272 2 713.426 799.249 822.193 91.7267454235 94.359940394 105.711157149 45.8633727118 47.179970197 52.8555785744
20739648 2 994.442 1103.674 1145.015 72.4519696249 75.1658478862 83.4222528815 36.2259848124 37.5829239431 41.7111264408
22813568 2 1626.617 1695.631 1730.838 52.7225956444 53.8172939749 56.1006506141 26.3612978222 26.9086469875 28.0503253071
25094912 2 2533.401 2553.053 2580.894 38.8933633074 39.3174947798 39.6224869257 19.4466816537 19.6587473899 19.8112434628
27604352 2 3355.744 3471.892 3486.278 31.672003208 31.8032381192 32.9040022123 15.836001604 15.9016190596 16.4520011062
30364736 2 4252.396 4291.076 4323.505 28.0927034894 28.3050088136 28.5624725449 14.0463517447 14.1525044068 14.2812362724
33401152 1 2346.202 2383.375 2402.475 27.805618789 28.0284487334 28.4725287933 13.9028093945 14.0142243667 14.2362643967
36741248 1 2765.172 2791.784 2821.785 26.041139208 26.3209818525 26.5742948359 13.020569604 13.1604909262 13.287147418
40415360 1 3147.453 3157.288 3161.714 25.5654749291 25.6013135324 25.6813112062 12.7827374646 12.8006567662 12.8406556031
44456896 1 3492.387 3518.625 3525.679 25.2189130094 25.2694708871 25.4593182256 12.6094565047 12.6347354435 12.7296591128
48902528 1 3864.443 3875.661 3890.357 25.14038069 25.235709728 25.3089658717 12.570190345 12.617854864 12.6544829358
53792768 1 4265.112 4274.252 4343.944 24.7667870488 25.1706113725 25.2245511958 12.3833935244 12.5853056862 12.6122755979
59172032 1 4691.516 4706.792 4709.508 25.1287531521 25.1432534091 25.225122114 12.5643765761 12.5716267046 12.612561057

META_DATA
TIMESTAMP_DATA  1594852876.44
OPENMP_THREADS 8
FLOPS          8
CONFIG  {'ERT_WORKING_SET_MIN': ['1'], 'ERT_CFLAGS': ['-O3'], 'ERT_CC': ['gcc'], 'ERT_MPI_CFLAGS': [], 'ERT_MPI_LDFLAGS': [], 'ERT_MEMORY_MAX': ['62497788'], 'ERT_PROCS_THREADS': ['8'], 'ERT_LDFLAGS': [], 'ERT_LDLIBS': [], 'ERT_SPEC_GBYTES_DRAM': ['1.0'], 'ERT_RUN': ['export', 'KMP_AFFINITY=scatter;', 'export', 'OMP_NUM_THREADS=ERT_OPENMP_THREADS;', 'ERT_CODE'], 'ERT_FLOPS': ['1,2,4,8,16'], 'ERT_OPENMP_CFLAGS': ['-fopenmp'], 'ERT_SPEC_GFLOPS': ['1.0'], 'ERT_MPI': ['False'], 'ERT_TRIALS_MIN': ['1'], 'ERT_DRIVER': ['driver1'], 'ERT_RESULTS': ['Results.x86'], 'ERT_OPENMP': ['True'], 'ERT_MPI_PROCS': ['1'], 'ERT_KERNEL': ['kernel1'], 'ERT_OPENMP_THREADS': ['1-32'], 'ERT_LD': ['gcc'], 'ERT_NUM_EXPERIMENTS': ['6'], 'ERT_OPENMP_LDFLAGS': ['-fopenmp'], 'ERT_ALIGN': ['32'], 'ERT_GNUPLOT': ['gnuplot']}
HOSTNAME  ('apollo-PowerEdge-R430', [], ['127.0.1.1'])
MPI_PROCS      1
TIMESTAMP_DATA  1594852875.63
TIMESTAMP_DATA  1594852876.17
UNAME  ('Linux', 'apollo-PowerEdge-R430', '4.19.129-0419129-generic', '#202006220433 SMP Mon Jun 22 09:12:54 UTC 2020', 'x86_64', 'x86_64')
TIMESTAMP_DATA  1594852876.98
TIMESTAMP_DATA  1594852876.71
ERT_VERSION  1.0.0
TIMESTAMP_DATA  1594852875.9
