          64            1           1.683          128           64
          64            2           0.768          256          128
          64            4           0.778          512          256
          64            8           0.777         1024          512
          64           16           0.877         2048         1024
          64           32           1.087         4096         2048
          64           64           1.516         8192         4096
          64          128           2.335        16384         8192
          64          256           3.967        32768        16384
          64          512           7.767        65536        32768
          64         1024          15.908       131072        65536
          64         2048          32.343       262144       131072
          64         4096          64.395       524288       262144
          64         8192         129.190      1048576       524288
          64        16384         258.701      2097152      1048576
          64        32768         531.693      4194304      2097152
          64        65536        1035.647      8388608      4194304
          64       131072        2071.711     16777216      8388608
          64       262144        4147.264     33554432     16777216
          64       524288        7072.106     67108864     33554432
         128            1           0.759          256          128
         128            2           0.754          512          256
         128            4           0.762         1024          512
         128            8           0.826         2048         1024
         128           16           0.919         4096         2048
         128           32           1.106         8192         4096
         128           64           1.528        16384         8192
         128          128           2.372        32768        16384
         128          256           4.045        65536        32768
         128          512           7.384       131072        65536
         128         1024          14.066       262144       131072
         128         2048          27.454       524288       262144
         128         4096          54.201      1048576       524288
         128         8192         107.670      2097152      1048576
         128        16384         214.657      4194304      2097152
         128        32768         428.612      8388608      4194304
         128        65536         861.476     16777216      8388608
         128       131072        1712.336     33554432     16777216
         128       262144        3473.354     67108864     33554432
         192            1           0.804          384          192
         192            2           0.799          768          384
         192            4           0.845         1536          768
         192            8           0.824         3072         1536
         192           16           0.899         6144         3072
         192           32           1.180        12288         6144
         192           64           1.545        24576        12288
         192          128           2.382        49152        24576
         192          256           4.047        98304        49152
         192          512           7.383       196608        98304
         192         1024          14.073       393216       196608
         192         2048          27.445       786432       393216
         192         4096          54.187      1572864       786432
         192         8192         107.686      3145728      1572864
         192        16384         214.657      6291456      3145728
         192        32768         428.596     12582912      6291456
         192        65536         856.509     25165824     12582912
         192       131072        1719.972     50331648     25165824
         192       262144        3429.135    100663296     50331648
         256            1           0.758          512          256
         256            2           0.771         1024          512
         256            4           0.788         2048         1024
         256            8           0.839         4096         2048
         256           16           0.908         8192         4096
         256           32           1.121        16384         8192
         256           64           1.530        32768        16384
         256          128           2.368        65536        32768
         256          256           4.078       131072        65536
         256          512           7.393       262144       131072
         256         1024          14.068       524288       262144
         256         2048          27.441      1048576       524288
         256         4096          54.182      2097152      1048576
         256         8192         107.680      4194304      2097152
         256        16384         214.648      8388608      4194304
         256        32768         428.598     16777216      8388608
         256        65536         856.501     33554432     16777216
         256       131072        1712.309     67108864     33554432
         320            1           0.755          640          320
         320            2           0.958         1280          640
         320            4           0.898         2560         1280
         320            8           0.984         5120         2560
         320           16           0.921        10240         5120
         320           32           1.330        20480        10240
         320           64           1.540        40960        20480
         320          128           2.489        81920        40960
         320          256           4.167       163840        81920
         320          512           7.491       327680       163840
         320         1024          14.101       655360       327680
         320         2048          27.478      1310720       655360
         320         4096          54.433      2621440      1310720
         320         8192         107.799      5242880      2621440
         320        16384         219.445     10485760      5242880
         320        32768         428.716     20971520     10485760
         320        65536         856.787     41943040     20971520
         320       131072        1712.538     83886080     41943040
         384            1           0.761          768          384
         384            2           0.771         1536          768
         384            4           0.785         3072         1536
         384            8           0.967         6144         3072
         384           16           0.966        12288         6144
         384           32           1.193        24576        12288
         384           64           1.549        49152        24576
         384          128           2.386        98304        49152
         384          256           4.180       196608        98304
         384          512           7.399       393216       196608
         384         1024          14.254       786432       393216
         384         2048          27.459      1572864       786432
         384         4096          54.312      3145728      1572864
         384         8192         107.688      6291456      3145728
         384        16384         214.669     12582912      6291456
         384        32768         434.586     25165824     12582912
         384        65536         856.532     50331648     25165824
         384       131072        1712.326    100663296     50331648
         448            1           0.901          896          448
         448            2           0.780         1792          896
         448            4           0.794         3584         1792
         448            8           0.828         7168         3584
         448           16           0.934        14336         7168
         448           32           1.135        28672        14336
         448           64           1.559        57344        28672
         448          128           2.401       114688        57344
         448          256           4.089       229376       114688
         448          512           7.447       458752       229376
         448         1024          14.242       917504       458752
         448         2048          27.833      1835008       917504
         448         4096          54.666      3670016      1835008
         448         8192         108.899      7340032      3670016
         448        16384         216.734     14680064      7340032
         448        32768         433.047     29360128     14680064
         448        65536         867.817     58720256     29360128
         448       131072        1729.112    117440512     58720256
         512            1           0.760         1024          512
         512            2           0.773         2048         1024
         512            4           0.785         4096         2048
         512            8           0.820         8192         4096
         512           16           0.927        16384         8192
         512           32           1.131        32768        16384
         512           64           1.557        65536        32768
         512          128           2.392       131072        65536
         512          256           4.061       262144       131072
         512          512           7.475       524288       262144
         512         1024          14.196      1048576       524288
         512         2048          27.830      2097152      1048576
         512         4096          54.884      4194304      2097152
         512         8192         107.958      8388608      4194304
         512        16384         216.013     16777216      8388608
         512        32768         433.371     33554432     16777216
         512        65536         865.033     67108864     33554432
         576            1           0.758         1152          576
         576            2           0.775         2304         1152
         576            4           0.777         4608         2304
         576            8           0.882         9216         4608
         576           16           0.934        18432         9216
         576           32           1.275        36864        18432
         576           64           1.677        73728        36864
         576          128           2.429       147456        73728
         576          256           4.110       294912       147456
         576          512          12.590       589824       294912
         576         1024          14.316      1179648       589824
         576         2048          27.936      2359296      1179648
         576         4096          55.044      4718592      2359296
         576         8192         109.133      9437184      4718592
         576        16384         217.664     18874368      9437184
         576        32768         434.064     37748736     18874368
         576        65536         866.754     75497472     37748736
         640            1           0.931         1280          640
         640            2           0.770         2560         1280
         640            4           0.805         5120         2560
         640            8           0.838        10240         5120
         640           16           0.941        20480        10240
         640           32           1.154        40960        20480
         640           64           1.579        81920        40960
         640          128           2.420       163840        81920
         640          256           4.119       327680       163840
         640          512           7.471       655360       327680
         640         1024          14.320      1310720       655360
         640         2048          27.602      2621440      1310720
         640         4096          54.748      5242880      2621440
         640         8192         108.130     10485760      5242880
         640        16384         214.930     20971520     10485760
         640        32768         429.511     41943040     20971520
         640        65536         857.669     83886080     41943040
         704            1           0.763         1408          704
         704            2           0.789         2816         1408
         704            4           0.797         5632         2816
         704            8           0.847        11264         5632
         704           16           0.957        22528        11264
         704           32           1.186        45056        22528
         704           64           1.635        90112        45056
         704          128           2.531       180224        90112
         704          256           4.327       360448       180224
         704          512           7.952       720896       360448
         704         1024          15.150      1441792       720896
         704         2048          29.707      2883584      1441792
         704         4096          58.655      5767168      2883584
         704         8192         116.195     11534336      5767168
         704        16384         234.811     23068672     11534336
         704        32768         470.768     46137344     23068672
         704        65536         922.811     92274688     46137344
         768            1           0.752         1536          768
         768            2           0.793         3072         1536
         768            4           0.830         6144         3072
         768            8           0.930        12288         6144
         768           16           1.117        24576        12288
         768           32           1.222        49152        24576
         768           64           1.632        98304        49152
         768          128           2.539       196608        98304
         768          256           4.329       393216       196608
         768          512           8.072       786432       393216
         768         1024          15.225      1572864       786432
         768         2048          29.738      3145728      1572864
         768         4096          58.317      6291456      3145728
         768         8192         115.854     12582912      6291456
         768        16384         230.921     25165824     12582912
         768        32768         460.752     50331648     25165824
         768        65536         920.763    100663296     50331648
         832            1           0.748         1664          832
         832            2           0.851         3328         1664
         832            4           1.012         6656         3328
         832            8           1.040        13312         6656
         832           16           1.156        26624        13312
         832           32           1.251        53248        26624
         832           64           1.673       106496        53248
         832          128           2.645       212992       106496
         832          256           4.475       425984       212992
         832          512           8.255       851968       425984
         832         1024          15.810      1703936       851968
         832         2048          31.047      3407872      1703936
         832         4096          60.963      6815744      3407872
         832         8192         121.028     13631488      6815744
         832        16384         241.218     27262976     13631488
         832        32768         485.196     54525952     27262976
         832        65536         962.516    109051904     54525952
         896            1           0.763         1792          896
         896            2           0.790         3584         1792
         896            4           0.821         7168         3584
         896            8           0.869        14336         7168
         896           16           0.970        28672        14336
         896           32           1.207        57344        28672
         896           64           1.681       114688        57344
         896          128           2.620       229376       114688
         896          256           4.527       458752       229376
         896          512           8.281       917504       458752
         896         1024          15.774      1835008       917504
         896         2048          30.851      3670016      1835008
         896         4096          60.926      7340032      3670016
         896         8192         120.981     14680064      7340032
         896        16384         241.189     29360128     14680064
         896        32768         481.499     58720256     29360128
         896        65536         962.028    117440512     58720256
         960            1           0.772         1920          960
         960            2           0.784         3840         1920
         960            4           0.818         7680         3840
         960            8           0.884        15360         7680
         960           16           1.001        30720        15360
         960           32           1.257        61440        30720
         960           64           1.764       122880        61440
         960          128           2.791       245760       122880
         960          256           4.862       491520       245760
         960          512           8.993       983040       491520
         960         1024          17.337      1966080       983040
         960         2048          33.750      3932160      1966080
         960         4096          66.717      7864320      3932160
         960         8192         132.685     15728640      7864320
         960        16384         264.422     31457280     15728640
         960        32768         534.457     62914560     31457280
        1024            1           0.763         2048         1024
        1024            2           0.954         4096         2048
        1024            4           0.839         8192         4096
        1024            8           0.874        16384         8192
        1024           16           1.161        32768        16384
        1024           32           1.251        65536        32768
        1024           64           1.759       131072        65536
        1024          128           2.792       262144       131072
        1024          256           4.969       524288       262144
        1024          512           8.975      1048576       524288
        1024         1024          17.299      2097152      1048576
        1024         2048          33.699      4194304      2097152
        1024         4096          66.639      8388608      4194304
        1024         8192         132.517     16777216      8388608
        1024        16384         264.074     33554432     16777216
        1024        32768         527.393     67108864     33554432
        1088            1           0.825         2176         1088
        1088            2           0.787         4352         2176
        1088            4           0.815         8704         4352
        1088            8           0.883        17408         8704
        1088           16           1.021        34816        17408
        1088           32           1.311        69632        34816
        1088           64           1.879       139264        69632
        1088          128           3.029       278528       139264
        1088          256           5.311       557056       278528
        1088          512           9.954      1114112       557056
        1088         1024          19.090      2228224      1114112
        1088         2048          37.481      4456448      2228224
        1088         4096          74.117      8912896      4456448
        1088         8192         147.335     17825792      8912896
        1088        16384         293.966     35651584     17825792
        1088        32768         586.798     71303168     35651584
        1152            1           0.756         2304         1152
        1152            2           0.778         4608         2304
        1152            4           0.820         9216         4608
        1152            8           0.877        18432         9216
        1152           16           1.033        36864        18432
        1152           32           1.320        73728        36864
        1152           64           1.888       147456        73728
        1152          128           3.042       294912       147456
        1152          256           5.434       589824       294912
        1152          512          10.013      1179648       589824
        1152         1024          19.387      2359296      1179648
        1152         2048          37.926      4718592      2359296
        1152         4096          74.994      9437184      4718592
        1152         8192         149.140     18874368      9437184
        1152        16384         297.423     37748736     18874368
        1152        32768         594.032     75497472     37748736
        1216            1           0.762         2432         1216
        1216            2           0.800         4864         2432
        1216            4           0.840         9728         4864
        1216            8           1.002        19456         9728
        1216           16           1.055        38912        19456
        1216           32           1.392        77824        38912
        1216           64           2.066       155648        77824
        1216          128           3.346       311296       155648
        1216          256           5.856       622592       311296
        1216          512          11.031      1245184       622592
        1216         1024          21.223      2490368      1245184
        1216         2048          41.582      4980736      2490368
        1216         4096          85.802      9961472      4980736
        1216         8192         163.816     19922944      9961472
        1216        16384         326.839     39845888     19922944
        1216        32768         652.481     79691776     39845888
        1280            1           0.755         2560         1280
        1280            2           0.774         5120         2560
        1280            4           0.830        10240         5120
        1280            8           0.899        20480        10240
        1280           16           1.054        40960        20480
        1280           32           1.361        81920        40960
        1280           64           2.008       163840        81920
        1280          128           3.288       327680       163840
        1280          256           5.844       655360       327680
        1280          512          10.948      1310720       655360
        1280         1024          21.122      2621440      1310720
        1280         2048          41.619      5242880      2621440
        1280         4096          82.356     10485760      5242880
        1280         8192         163.911     20971520     10485760
        1280        16384         326.980     41943040     20971520
        1280        32768         653.121     83886080     41943040
        1408            1           0.967         2816         1408
        1408            2           0.799         5632         2816
        1408            4           0.844        11264         5632
        1408            8           0.921        22528        11264
        1408           16           1.083        45056        22528
        1408           32           1.436        90112        45056
        1408           64           2.140       180224        90112
        1408          128           3.551       360448       180224
        1408          256           6.370       720896       360448
        1408          512          12.007      1441792       720896
        1408         1024          23.381      2883584      1441792
        1408         2048          45.867      5767168      2883584
        1408         4096          90.868     11534336      5767168
        1408         8192         180.991     23068672     11534336
        1408        16384         361.172     46137344     23068672
        1408        32768         726.908     92274688     46137344
        1536            1           0.940         3072         1536
        1536            2           0.790         6144         3072
        1536            4           0.838        12288         6144
        1536            8           0.932        24576        12288
        1536           16           1.243        49152        24576
        1536           32           1.533        98304        49152
        1536           64           2.384       196608        98304
        1536          128           3.768       393216       196608
        1536          256           6.863       786432       393216
        1536          512          12.936      1572864       786432
        1536         1024          25.153      3145728      1572864
        1536         2048          49.509      6291456      3145728
        1536         4096          98.161     12582912      6291456
        1536         8192         195.502     25165824     12582912
        1536        16384         390.084     50331648     25165824
        1536        32768         779.288    100663296     50331648
        1664            1           0.771         3328         1664
        1664            2           0.797         6656         3328
        1664            4           0.962        13312         6656
        1664            8           0.947        26624        13312
        1664           16           1.322        53248        26624
        1664           32           1.565       106496        53248
        1664           64           2.387       212992       106496
        1664          128           4.055       425984       212992
        1664          256           7.377       851968       425984
        1664          512          14.066      1703936       851968
        1664         1024          27.374      3407872      1703936
        1664         2048          53.898      6815744      3407872
        1664         4096         106.824     13631488      6815744
        1664         8192         212.804     27262976     13631488
        1664        16384         424.823     54525952     27262976
        1664        32768         848.733    109051904     54525952
        1792            1           0.763         3584         1792
        1792            2           0.808         7168         3584
        1792            4           0.879        14336         7168
        1792            8           1.184        28672        14336
        1792           16           1.331        57344        28672
        1792           32           1.632       114688        57344
        1792           64           2.499       229376       114688
        1792          128           4.258       458752       229376
        1792          256           7.817       917504       458752
        1792          512          14.877      1835008       917504
        1792         1024          29.155      3670016      1835008
        1792         2048          57.541      7340032      3670016
        1792         4096         114.262     14680064      7340032
        1792         8192         227.243     29360128     14680064
        1792        16384         457.684     58720256     29360128
        1792        32768         907.709    117440512     58720256
        1920            1           0.778         3840         1920
        1920            2           0.810         7680         3840
        1920            4           0.883        15360         7680
        1920            8           0.977        30720        15360
        1920           16           1.223        61440        30720
        1920           32           1.685       122880        61440
        1920           64           2.684       245760       122880
        1920          128           4.741       491520       245760
        1920          256           8.472       983040       491520
        1920          512          15.974      1966080       983040
        1920         1024          31.332      3932160      1966080
        1920         2048          61.860      7864320      3932160
        1920         4096         122.829     15728640      7864320
        1920         8192         244.811     31457280     15728640
        1920        16384         488.696     62914560     31457280
        2112            1           0.943         4224         2112
        2112            2           0.843         8448         4224
        2112            4           0.909        16896         8448
        2112            8           1.002        33792        16896
        2112           16           1.276        67584        33792
        2112           32           1.805       135168        67584
        2112           64           3.064       270336       135168
        2112          128           5.162       540672       270336
        2112          256           9.365      1081344       540672
        2112          512          17.845      2162688      1081344
        2112         1024          35.027      4325376      2162688
        2112         2048          69.166      8650752      4325376
        2112         4096         137.504     17301504      8650752
        2112         8192         273.737     34603008     17301504
        2112        16384         547.868     69206016     34603008
        2304            1           0.786         4608         2304
        2304            2           0.843         9216         4608
        2304            4           1.001        18432         9216
        2304            8           1.030        36864        18432
        2304           16           1.313        73728        36864
        2304           32           1.859       147456        73728
        2304           64           2.997       294912       147456
        2304          128           5.278       589824       294912
        2304          256           9.865      1179648       589824
        2304          512          18.855      2359296      1179648
        2304         1024          37.081      4718592      2359296
        2304         2048          73.498      9437184      4718592
        2304         4096         145.836     18874368      9437184
        2304         8192         290.897     37748736     18874368
        2304        16384         586.012     75497472     37748736
        2496            1           0.796         4992         2496
        2496            2           0.872         9984         4992
        2496            4           0.940        19968         9984
        2496            8           1.065        39936        19968
        2496           16           1.360        79872        39936
        2496           32           2.108       159744        79872
        2496           64           3.248       319488       159744
        2496          128           5.761       638976       319488
        2496          256          11.026      1277952       638976
        2496          512          21.002      2555904      1277952
        2496         1024          41.109      5111808      2555904
        2496         2048          81.497     10223616      5111808
        2496         4096         161.793     20447232     10223616
        2496         8192         322.770     40894464     20447232
        2496        16384         644.385     81788928     40894464
        2688            1           0.787         5376         2688
        2688            2           0.944        10752         5376
        2688            4           1.023        21504        10752
        2688            8           1.154        43008        21504
        2688           16           1.500        86016        43008
        2688           32           2.125       172032        86016
        2688           64           3.399       344064       172032
        2688          128           6.144       688128       344064
        2688          256          11.476      1376256       688128
        2688          512          22.065      2752512      1376256
        2688         1024          43.280      5505024      2752512
        2688         2048          85.748     11010048      5505024
        2688         4096         170.554     22020096     11010048
        2688         8192         340.359     44040192     22020096
        2688        16384         680.196     88080384     44040192
        2944            1           0.799         5888         2944
        2944            2           0.841        11776         5888
        2944            4           1.093        23552        11776
        2944            8           1.091        47104        23552
        2944           16           1.456        94208        47104
        2944           32           2.214       188416        94208
        2944           64           3.635       376832       188416
        2944          128           6.633       753664       376832
        2944          256          12.449      1507328       753664
        2944          512          24.112      3014656      1507328
        2944         1024          47.264      6029312      3014656
        2944         2048          93.722     12058624      6029312
        2944         4096         186.847     24117248     12058624
        2944         8192         376.159     48234496     24117248
        2944        16384         743.840     96468992     48234496
        3200            1           0.802         6400         3200
        3200            2           1.029        12800         6400
        3200            4           0.961        25600        12800
        3200            8           1.138        51200        25600
        3200           16           1.525       102400        51200
        3200           32           2.493       204800       102400
        3200           64           3.998       409600       204800
        3200          128           7.033       819200       409600
        3200          256          13.377      1638400       819200
        3200          512          26.066      3276800      1638400
        3200         1024          51.285      6553600      3276800
        3200         2048         101.769     13107200      6553600
        3200         4096         202.689     26214400     13107200
        3200         8192         404.310     52428800     26214400
        3200        16384         807.720    104857600     52428800
        3520            1           0.829         7040         3520
        3520            2           0.958        14080         7040
        3520            4           0.995        28160        14080
        3520            8           1.180        56320        28160
        3520           16           1.708       112640        56320
        3520           32           2.483       225280       112640
        3520           64           4.334       450560       225280
        3520          128           7.850       901120       450560
        3520          256          14.770      1802240       901120
        3520          512          28.867      3604480      1802240
        3520         1024          56.874      7208960      3604480
        3520         2048         113.016     14417920      7208960
        3520         4096         225.237     28835840     14417920
        3520         8192         449.154     57671680     28835840
        3520        16384         904.553    115343360     57671680
        3840            1           0.811         7680         3840
        3840            2           0.865        15360         7680
        3840            4           0.987        30720        15360
        3840            8           1.208        61440        30720
        3840           16           1.677       122880        61440
        3840           32           2.604       245760       122880
        3840           64           4.495       491520       245760
        3840          128           8.253       983040       491520
        3840          256          15.779      1966080       983040
        3840          512          30.894      3932160      1966080
        3840         1024          60.954      7864320      3932160
        3840         2048         121.135     15728640      7864320
        3840         4096         241.387     31457280     15728640
        3840         8192         481.927     62914560     31457280
        4224            1           0.825         8448         4224
        4224            2           0.904        16896         8448
        4224            4           1.029        33792        16896
        4224            8           1.326        67584        33792
        4224           16           1.908       135168        67584
        4224           32           3.005       270336       135168
        4224           64           5.431       540672       270336
        4224          128           9.830      1081344       540672
        4224          256          19.088      2162688      1081344
        4224          512          37.245      4325376      2162688
        4224         1024          73.645      8650752      4325376
        4224         2048         146.450     17301504      8650752
        4224         4096         292.091     34603008     17301504
        4224         8192         583.349     69206016     34603008
        4608            1           0.810         9216         4608
        4608            2           0.894        18432         9216
        4608            4           1.053        36864        18432
        4608            8           1.307        73728        36864
        4608           16           1.864       147456        73728
        4608           32           2.990       294912       147456
        4608           64           5.236       589824       294912
        4608          128           9.755      1179648       589824
        4608          256          18.743      2359296      1179648
        4608          512          36.870      4718592      2359296
        4608         1024          72.926      9437184      4718592
        4608         2048         144.985     18874368      9437184
        4608         4096         289.090     37748736     18874368
        4608         8192         577.528     75497472     37748736
        5056            1           0.979        10112         5056
        5056            2           0.925        20224        10112
        5056            4           1.107        40448        20224
        5056            8           1.416        80896        40448
        5056           16           2.074       161792        80896
        5056           32           3.248       323584       161792
        5056           64           5.734       647168       323584
        5056          128          10.723      1294336       647168
        5056          256          21.901      2588672      1294336
        5056          512          43.529      5177344      2588672
        5056         1024          86.975     10354688      5177344
        5056         2048         177.238     20709376     10354688
        5056         4096         347.446     41418752     20709376
        5056         8192         692.372     82837504     41418752
        5504            1           0.889        11008         5504
        5504            2           0.924        22016        11008
        5504            4           1.102        44032        22016
        5504            8           1.461        88064        44032
        5504           16           2.193       176128        88064
        5504           32           3.631       352256       176128
        5504           64           6.565       704512       352256
        5504          128          12.340      1409024       704512
        5504          256          23.933      2818048      1409024
        5504          512          47.171      5636096      2818048
        5504         1024          93.445     11272192      5636096
        5504         2048         186.044     22544384     11272192
        5504         4096         371.231     45088768     22544384
        5504         8192         741.546     90177536     45088768
        6016            1           0.837        12032         6016
        6016            2           0.971        24064        12032
        6016            4           1.237        48128        24064
        6016            8           1.597        96256        48128
        6016           16           2.322       192512        96256
        6016           32           3.899       385024       192512
        6016           64           7.098       770048       385024
        6016          128          13.432      1540096       770048
        6016          256          26.074      3080192      1540096
        6016          512          51.762      6160384      3080192
        6016         1024         102.517     12320768      6160384
        6016         2048         203.916     24641536     12320768
        6016         4096         406.986     49283072     24641536
        6016         8192         818.045     98566144     49283072
        6592            1           0.892        13184         6592
        6592            2           0.961        26368        13184
        6592            4           1.199        52736        26368
        6592            8           1.605       105472        52736
        6592           16           2.475       210944       105472
        6592           32           4.195       421888       210944
        6592           64           7.647       843776       421888
        6592          128          14.561      1687552       843776
        6592          256          28.651      3375104      1687552
        6592          512          56.175      6750208      3375104
        6592         1024         111.030     13500416      6750208
        6592         2048         223.703     27000832     13500416
        6592         4096         444.644     54001664     27000832
        6592         8192         891.301    108003328     54001664
        7232            1           0.864        14464         7232
        7232            2           1.052        28928        14464
        7232            4           1.356        57856        28928
        7232            8           1.676       115712        57856
        7232           16           2.623       231424       115712
        7232           32           4.576       462848       231424
        7232           64           8.258       925696       462848
        7232          128          15.898      1851392       925696
        7232          256          30.897      3702784      1851392
        7232          512          60.545      7405568      3702784
        7232         1024         123.250     14811136      7405568
        7232         2048         243.176     29622272     14811136
        7232         4096         489.338     59244544     29622272
        7232         8192         977.739    118489088     59244544
        7936            1           1.026        15872         7936
        7936            2           1.008        31744        15872
        7936            4           1.246        63488        31744
        7936            8           1.759       126976        63488
        7936           16           2.796       253952       126976
        7936           32           4.851       507904       253952
        7936           64           8.999      1015808       507904
        7936          128          17.226      2031616      1015808
        7936          256          33.704      4063232      2031616
        7936          512          66.740      8126464      4063232
        7936         1024         132.618     16252928      8126464
        7936         2048         264.399     32505856     16252928
        7936         4096         527.971     65011712     32505856
        8704            1           0.877        17408         8704
        8704            2           1.013        34816        17408
        8704            4           1.300        69632        34816
        8704            8           1.857       139264        69632
        8704           16           2.977       278528       139264
        8704           32           5.246       557056       278528
        8704           64           9.741      1114112       557056
        8704          128          18.792      2228224      1114112
        8704          256          36.808      4456448      2228224
        8704          512          72.969      8912896      4456448
        8704         1024         145.090     17825792      8912896
        8704         2048         289.310     35651584     17825792
        8704         4096         577.767     71303168     35651584
        9536            1           0.949        19072         9536
        9536            2           1.043        38144        19072
        9536            4           1.373        76288        38144
        9536            8           1.976       152576        76288
        9536           16           3.208       305152       152576
        9536           32           5.619       610304       305152
        9536           64          10.563      1220608       610304
        9536          128          20.455      2441216      1220608
        9536          256          40.121      4882432      2441216
        9536          512          80.251      9764864      4882432
        9536         1024         158.463     19529728      9764864
        9536         2048         317.143     39059456     19529728
        9536         4096         634.525     78118912     39059456
       10432            1           0.911        20864        10432
       10432            2           1.067        41728        20864
       10432            4           1.405        83456        41728
       10432            8           2.064       166912        83456
       10432           16           3.595       333824       166912
       10432           32           6.098       667648       333824
       10432           64          11.390      1335296       667648
       10432          128          22.130      2670592      1335296
       10432          256          43.326      5341184      2670592
       10432          512          85.795     10682368      5341184
       10432         1024         176.317     21364736     10682368
       10432         2048         347.042     42729472     21364736
       10432         4096         689.741     85458944     42729472
       11456            1           0.937        22912        11456
       11456            2           1.098        45824        22912
       11456            4           1.473        91648        45824
       11456            8           2.205       183296        91648
       11456           16           3.647       366592       183296
       11456           32           6.603       733184       366592
       11456           64          12.403      1466368       733184
       11456          128          24.034      2932736      1466368
       11456          256          47.554      5865472      2932736
       11456          512          93.782     11730944      5865472
       11456         1024         188.274     23461888     11730944
       11456         2048         374.699     46923776     23461888
       11456         4096         752.211     93847552     46923776
       12544            1           0.943        25088        12544
       12544            2           1.145        50176        25088
       12544            4           1.557       100352        50176
       12544            8           2.338       200704       100352
       12544           16           3.943       401408       200704
       12544           32           7.157       802816       401408
       12544           64          13.528      1605632       802816
       12544          128          26.307      3211264      1605632
       12544          256          51.949      6422528      3211264
       12544          512         103.075     12845056      6422528
       12544         1024         205.314     25690112     12845056
       12544         2048         409.591     51380224     25690112
       12544         4096         822.228    102760448     51380224
       13760            1           0.952        27520        13760
       13760            2           1.173        55040        27520
       13760            4           1.617       110080        55040
       13760            8           2.479       220160       110080
       13760           16           4.259       440320       220160
       13760           32           7.733       880640       440320
       13760           64          14.636      1761280       880640
       13760          128          28.733      3522560      1761280
       13760          256          56.375      7045120      3522560
       13760          512         112.584     14090240      7045120
       13760         1024         223.511     28180480     14090240
       13760         2048         448.849     56360960     28180480
       13760         4096         894.929    112721920     56360960
       15104            1           1.034        30208        15104
       15104            2           1.253        60416        30208
       15104            4           1.739       120832        60416
       15104            8           2.808       241664       120832
       15104           16           4.767       483328       241664
       15104           32           8.351       966656       483328
       15104           64          16.149      1933312       966656
       15104          128          31.306      3866624      1933312
       15104          256          61.959      7733248      3866624
       15104          512         123.044     15466496      7733248
       15104         1024         245.280     30932992     15466496
       15104         2048         489.338     61865984     30932992
       15104         4096         982.647    123731968     61865984
       16576            1           1.017        33152        16576
       16576            2           1.264        66304        33152
       16576            4           1.840       132608        66304
       16576            8           2.916       265216       132608
       16576           16           4.909       530432       265216
       16576           32           9.099      1060864       530432
       16576           64          17.466      2121728      1060864
       16576          128          34.295      4243456      2121728
       16576          256          67.870      8486912      4243456
       16576          512         134.040     16973824      8486912
       16576         1024         268.034     33947648     16973824
       16576         2048         537.931     67895296     33947648
       18176            1           1.021        36352        18176
       18176            2           1.304        72704        36352
       18176            4           1.880       145408        72704
       18176            8           3.032       290816       145408
       18176           16           5.286       581632       290816
       18176           32           9.891      1163264       581632
       18176           64          19.055      2326528      1163264
       18176          128          37.432      4653056      2326528
       18176          256          74.292      9306112      4653056
       18176          512         147.511     18612224      9306112
       18176         1024         294.197     37224448     18612224
       18176         2048         587.584     74448896     37224448
       19968            1           1.143        39936        19968
       19968            2           1.555        79872        39936
       19968            4           2.072       159744        79872
       19968            8           3.359       319488       159744
       19968           16           5.834       638976       319488
       19968           32          10.743      1277952       638976
       19968           64          20.813      2555904      1277952
       19968          128          40.805      5111808      2555904
       19968          256          81.159     10223616      5111808
       19968          512         161.197     20447232     10223616
       19968         1024         321.533     40894464     20447232
       19968         2048         642.218     81788928     40894464
       21952            1           1.079        43904        21952
       21952            2           1.469        87808        43904
       21952            4           2.091       175616        87808
       21952            8           3.514       351232       175616
       21952           16           6.220       702464       351232
       21952           32          11.677      1404928       702464
       21952           64          22.725      2809856      1404928
       21952          128          45.049      5619712      2809856
       21952          256          88.580     11239424      5619712
       21952          512         178.822     22478848     11239424
       21952         1024         350.769     44957696     22478848
       21952         2048         707.457     89915392     44957696
       24128            1           1.117        48256        24128
       24128            2           1.596        96512        48256
       24128            4           2.273       193024        96512
       24128            8           3.723       386048       193024
       24128           16           6.738       772096       386048
       24128           32          12.764      1544192       772096
       24128           64          25.003      3088384      1544192
       24128          128          49.275      6176768      3088384
       24128          256          97.154     12353536      6176768
       24128          512         195.433     24707072     12353536
       24128         1024         390.449     49414144     24707072
       24128         2048         779.281     98828288     49414144
       26496            1           1.147        52992        26496
       26496            2           1.580       105984        52992
       26496            4           2.507       211968       105984
       26496            8           4.096       423936       211968
       26496           16           7.344       847872       423936
       26496           32          14.020      1695744       847872
       26496           64          27.288      3391488      1695744
       26496          128          53.537      6782976      3391488
       26496          256         106.300     13565952      6782976
       26496          512         211.742     27131904     13565952
       26496         1024         422.656     54263808     27131904
       26496         2048         847.530    108527616     54263808
       29120            1           1.191        58240        29120
       29120            2           1.643       116480        58240
       29120            4           2.529       232960       116480
       29120            8           4.346       465920       232960
       29120           16           7.950       931840       465920
       29120           32          15.073      1863680       931840
       29120           64          29.500      3727360      1863680
       29120          128          58.304      7454720      3727360
       29120          256         115.959     14909440      7454720
       29120          512         230.965     29818880     14909440
       29120         1024         459.783     59637760     29818880
       29120         2048         921.271    119275520     59637760
       32000            1           1.300        64000        32000
       32000            2           1.745       128000        64000
       32000            4           2.842       256000       128000
       32000            8           4.731       512000       256000
       32000           16           8.754      1024000       512000
       32000           32          16.623      2048000      1024000
       32000           64          32.434      4096000      2048000
       32000          128          64.295      8192000      4096000
       32000          256         127.705     16384000      8192000
       32000          512         254.736     32768000     16384000
       32000         1024         508.661     65536000     32768000
       35200            1           1.574        70400        35200
       35200            2           1.818       140800        70400
       35200            4           2.919       281600       140800
       35200            8           5.122       563200       281600
       35200           16           9.478      1126400       563200
       35200           32          18.128      2252800      1126400
       35200           64          35.501      4505600      2252800
       35200          128          70.264      9011200      4505600
       35200          256         139.755     18022400      9011200
       35200          512         278.897     36044800     18022400
       35200         1024         560.211     72089600     36044800
       38720            1           1.431        77440        38720
       38720            2           2.034       154880        77440
       38720            4           3.244       309760       154880
       38720            8           5.544       619520       309760
       38720           16          10.395      1239040       619520
       38720           32          20.024      2478080      1239040
       38720           64          38.647      4956160      2478080
       38720          128          77.089      9912320      4956160
       38720          256         152.878     19824640      9912320
       38720          512         305.458     39649280     19824640
       38720         1024         615.151     79298560     39649280
       42560            1           1.395        85120        42560
       42560            2           2.039       170240        85120
       42560            4           3.369       340480       170240
       42560            8           6.090       680960       340480
       42560           16          11.189      1361920       680960
       42560           32          21.955      2723840      1361920
       42560           64          42.320      5447680      2723840
       42560          128          83.416     10895360      5447680
       42560          256         168.854     21790720     10895360
       42560          512         337.924     43581440     21790720
       42560         1024         675.029     87162880     43581440
       46784            1           1.474        93568        46784
       46784            2           2.170       187136        93568
       46784            4           3.612       374272       187136
       46784            8           6.506       748544       374272
       46784           16          12.207      1497088       748544
       46784           32          23.729      2994176      1497088
       46784           64          46.770      5988352      2994176
       46784          128          92.354     11976704      5988352
       46784          256         184.654     23953408     11976704
       46784          512         368.780     47906816     23953408
       46784         1024         737.438     95813632     47906816
       51456            1           1.533       102912        51456
       51456            2           2.413       205824       102912
       51456            4           4.125       411648       205824
       51456            8           7.044       823296       411648
       51456           16          13.335      1646592       823296
       51456           32          26.062      3293184      1646592
       51456           64          51.312      6586368      3293184
       51456          128         102.047     13172736      6586368
       51456          256         203.056     26345472     13172736
       51456          512         405.334     52690944     26345472
       51456         1024         809.708    105381888     52690944
       56576            1           1.604       113152        56576
       56576            2           2.656       226304       113152
       56576            4           4.294       452608       226304
       56576            8           7.676       905216       452608
       56576           16          14.594      1810432       905216
       56576           32          28.543      3620864      1810432
       56576           64          56.225      7241728      3620864
       56576          128         111.599     14483456      7241728
       56576          256         222.366     28966912     14483456
       56576          512         443.932     57933824     28966912
       56576         1024         890.812    115867648     57933824
       62208            1           1.717       124416        62208
       62208            2           2.634       248832       124416
       62208            4           4.684       497664       248832
       62208            8           8.348       995328       497664
       62208           16          15.955      1990656       995328
       62208           32          31.268      3981312      1990656
       62208           64          61.809      7962624      3981312
       62208          128         122.838     15925248      7962624
       62208          256         245.018     31850496     15925248
       62208          512         489.289     63700992     31850496
       68416            1           1.866       136832        68416
       68416            2           2.817       273664       136832
       68416            4           4.917       547328       273664
       68416            8           9.100      1094656       547328
       68416           16          17.513      2189312      1094656
       68416           32          34.247      4378624      2189312
       68416           64          67.797      8757248      4378624
       68416          128         134.735     17514496      8757248
       68416          256         267.096     35028992     17514496
       68416          512         537.018     70057984     35028992
       75200            1           1.529       150400        75200
       75200            2           3.023       300800       150400
       75200            4           5.335       601600       300800
       75200            8           9.913      1203200       601600
       75200           16          19.065      2406400      1203200
       75200           32          37.483      4812800      2406400
       75200           64          74.136      9625600      4812800
       75200          128         147.727     19251200      9625600
       75200          256         293.755     38502400     19251200
       75200          512         589.158     77004800     38502400
       82688            1           1.686       165376        82688
       82688            2           3.503       330752       165376
       82688            4           5.761       661504       330752
       82688            8          10.990      1323008       661504
       82688           16          20.910      2646016      1323008
       82688           32          41.086      5292032      2646016
       82688           64          81.566     10584064      5292032
       82688          128         162.167     21168128     10584064
       82688          256         326.629     42336256     21168128
       82688          512         646.221     84672512     42336256
       90944            1           1.914       181888        90944
       90944            2           3.505       363776       181888
       90944            4           6.275       727552       363776
       90944            8          11.845      1455104       727552
       90944           16          22.923      2910208      1455104
       90944           32          45.184      5820416      2910208
       90944           64          89.344     11640832      5820416
       90944          128         177.962     23281664     11640832
       90944          256         356.769     46563328     23281664
       90944          512         709.754     93126656     46563328
      100032            1           2.463       200064       100032
      100032            2           3.767       400128       200064
      100032            4           6.819       800256       400128
      100032            8          12.906      1600512       800256
      100032           16          25.082      3201024      1600512
      100032           32          49.418      6402048      3201024
      100032           64          98.298     12804096      6402048
      100032          128         195.855     25608192     12804096
      100032          256         390.537     51216384     25608192
      100032          512         779.012    102432768     51216384
      110016            1           2.281       220032       110016
      110016            2           4.129       440064       220032
      110016            4           7.403       880128       440064
      110016            8          14.102      1760256       880128
      110016           16          27.564      3520512      1760256
      110016           32          54.609      7041024      3520512
      110016           64         107.688     14082048      7041024
      110016          128         218.297     28164096     14082048
      110016          256         429.054     56328192     28164096
      110016          512         856.732    112656384     56328192
      120960            1           2.290       241920       120960
      120960            2           4.421       483840       241920
      120960            4           8.121       967680       483840
      120960            8          15.464      1935360       967680
      120960           16          30.151      3870720      1935360
      120960           32          59.572      7741440      3870720
      120960           64         118.584     15482880      7741440
      120960          128         236.279     30965760     15482880
      120960          256         471.714     61931520     30965760
      120960          512         942.904    123863040     61931520
      133056            1           2.864       266112       133056
      133056            2           4.790       532224       266112
      133056            4           8.842      1064448       532224
      133056            8          16.879      2128896      1064448
      133056           16          33.011      4257792      2128896
      133056           32          65.353      8515584      4257792
      133056           64         129.982     17031168      8515584
      133056          128         259.912     34062336     17031168
      133056          256         520.591     68124672     34062336
      146304            1           3.125       292608       146304
      146304            2           5.185       585216       292608
      146304            4           9.631      1170432       585216
      146304            8          18.467      2340864      1170432
      146304           16          36.265      4681728      2340864
      146304           32          71.823      9363456      4681728
      146304           64         142.934     18726912      9363456
      146304          128         285.225     37453824     18726912
      146304          256         569.834     74907648     37453824
      160896            1           3.271       321792       160896
      160896            2           5.619       643584       321792
      160896            4          10.520      1287168       643584
      160896            8          20.229      2574336      1287168
      160896           16          39.864      5148672      2574336
      160896           32          78.952     10297344      5148672
      160896           64         157.066     20594688     10297344
      160896          128         313.479     41189376     20594688
      160896          256         626.556     82378752     41189376
      176960            1           3.414       353920       176960
      176960            2           6.110       707840       353920
      176960            4          11.514      1415680       707840
      176960            8          22.243      2831360      1415680
      176960           16          43.811      5662720      2831360
      176960           32          86.576     11325440      5662720
      176960           64         172.297     22650880     11325440
      176960          128         343.717     45301760     22650880
      176960          256         691.746     90603520     45301760
      194624            1           3.797       389248       194624
      194624            2           6.690       778496       389248
      194624            4          12.553      1556992       778496
      194624            8          24.803      3113984      1556992
      194624           16          48.160      6227968      3113984
      194624           32          95.145     12455936      6227968
      194624           64         189.440     24911872     12455936
      194624          128         377.914     49823744     24911872
      194624          256         756.494     99647488     49823744
      214080            1           4.280       428160       214080
      214080            2           7.398       856320       428160
      214080            4          13.846      1712640       856320
      214080            8          26.799      3425280      1712640
      214080           16          52.651      6850560      3425280
      214080           32         104.455     13701120      6850560
      214080           64         208.801     27402240     13701120
      214080          128         416.207     54804480     27402240
      214080          256         832.828    109608960     54804480
      235456            1           5.008       470912       235456
      235456            2           8.164       941824       470912
      235456            4          15.300      1883648       941824
      235456            8          29.555      3767296      1883648
      235456           16          58.136      7534592      3767296
      235456           32         115.214     15069184      7534592
      235456           64         228.996     30138368     15069184
      235456          128         461.537     60276736     30138368
      235456          256         914.244    120553472     60276736
      258944            1           4.897       517888       258944
      258944            2           9.042      1035776       517888
      258944            4          16.847      2071552      1035776
      258944            8          32.741      4143104      2071552
      258944           16          64.119      8286208      4143104
      258944           32         126.807     16572416      8286208
      258944           64         252.284     33144832     16572416
      258944          128         503.479     66289664     33144832
      284800            1           6.410       569600       284800
      284800            2          10.332      1139200       569600
      284800            4          19.740      2278400      1139200
      284800            8          38.609      4556800      2278400
      284800           16          76.354      9113600      4556800
      284800           32         151.843     18227200      9113600
      284800           64         302.744     36454400     18227200
      284800          128         604.720     72908800     36454400
      313280            1           6.469       626560       313280
      313280            2          11.493      1253120       626560
      313280            4          22.374      2506240      1253120
      313280            8          43.657      5012480      2506240
      313280           16          86.518     10024960      5012480
      313280           32         172.206     20049920     10024960
      313280           64         346.590     40099840     20049920
      313280          128         686.597     80199680     40099840
      344576            1           7.439       689152       344576
      344576            2          12.553      1378304       689152
      344576            4          24.345      2756608      1378304
      344576            8          47.911      5513216      2756608
      344576           16          95.035     11026432      5513216
      344576           32         189.516     22052864     11026432
      344576           64         377.836     44105728     22052864
      344576          128         754.956     88211456     44105728
      379008            1           8.413       758016       379008
      379008            2          13.737      1516032       758016
      379008            4          26.709      3032064      1516032
      379008            8          52.624      6064128      3032064
      379008           16         104.525     12128256      6064128
      379008           32         208.131     24256512     12128256
      379008           64         415.533     48513024     24256512
      379008          128         833.739     97026048     48513024
      416896            1           9.130       833792       416896
      416896            2          15.046      1667584       833792
      416896            4          29.323      3335168      1667584
      416896            8          57.793      6670336      3335168
      416896           16         114.894     13340672      6670336
      416896           32         228.880     26681344     13340672
      416896           64         456.934     53362688     26681344
      416896          128         913.278    106725376     53362688
      458560            1          10.006       917120       458560
      458560            2          16.472      1834240       917120
      458560            4          32.113      3668480      1834240
      458560            8          63.557      7336960      3668480
      458560           16         126.288     14673920      7336960
      458560           32         251.832     29347840     14673920
      458560           64         502.525     58695680     29347840
      458560          128        1007.538    117391360     58695680
      504384            1          10.681      1008768       504384
      504384            2          18.015      2017536      1008768
      504384            4          35.287      4035072      2017536
      504384            8          69.799      8070144      4035072
      504384           16         138.799     16140288      8070144
      504384           32         276.735     32280576     16140288
      504384           64         552.779     64561152     32280576
      554816            1          12.010      1109632       554816
      554816            2          19.863      2219264      1109632
      554816            4          38.712      4438528      2219264
      554816            8          76.668      8877056      4438528
      554816           16         152.641     17754112      8877056
      554816           32         304.268     35508224     17754112
      554816           64         607.993     71016448     35508224
      610240            1          13.469      1220480       610240
      610240            2          21.666      2440960      1220480
      610240            4          42.554      4881920      2440960
      610240            8          84.287      9763840      4881920
      610240           16         167.680     19527680      9763840
      610240           32         334.612     39055360     19527680
      610240           64         668.079     78110720     39055360
      671232            1          15.200      1342464       671232
      671232            2          23.719      2684928      1342464
      671232            4          46.673      5369856      2684928
      671232            8          92.728     10739712      5369856
      671232           16         187.613     21479424     10739712
      671232           32         367.795     42958848     21479424
      671232           64         734.731     85917696     42958848
      738304            1          16.215      1476608       738304
      738304            2          26.000      2953216      1476608
      738304            4          51.228      5906432      2953216
      738304            8         101.762     11812864      5906432
      738304           16         202.674     23625728     11812864
      738304           32         404.504     47251456     23625728
      738304           64         808.294     94502912     47251456
      812096            1          17.813      1624192       812096
      812096            2          28.574      3248384      1624192
      812096            4          56.318      6496768      3248384
      812096            8         111.818     12993536      6496768
      812096           16         222.829     25987072     12993536
      812096           32         445.641     51974144     25987072
      812096           64         926.702    103948288     51974144
      893248            1          19.209      1786496       893248
      893248            2          31.462      3572992      1786496
      893248            4          61.803      7145984      3572992
      893248            8         123.035     14291968      7145984
      893248           16         244.985     28583936     14291968
      893248           32         489.254     57167872     28583936
      893248           64         977.602    114335744     57167872
      982528            1          21.867      1965056       982528
      982528            2          34.400      3930112      1965056
      982528            4          67.951      7860224      3930112
      982528            8         135.042     15720448      7860224
      982528           16         269.375     31440896     15720448
      982528           32         538.023     62881792     31440896
     1080768            1          23.998      2161536      1080768
     1080768            2          37.726      4323072      2161536
     1080768            4          74.702      8646144      4323072
     1080768            8         148.499     17292288      8646144
     1080768           16         346.491     34584576     17292288
     1080768           32         591.886     69169152     34584576
     1188800            1          26.933      2377600      1188800
     1188800            2          41.505      4755200      2377600
     1188800            4          82.115      9510400      4755200
     1188800            8         163.379     19020800      9510400
     1188800           16         325.496     38041600     19020800
     1188800           32         650.468     76083200     38041600
     1307648            1          29.780      2615296      1307648
     1307648            2          45.664      5230592      2615296
     1307648            4          90.392     10461184      5230592
     1307648            8         179.661     20922368     10461184
     1307648           16         358.332     41844736     20922368
     1307648           32         716.862     83689472     41844736
     1438400            1          32.249      2876800      1438400
     1438400            2          50.206      5753600      2876800
     1438400            4          99.391     11507200      5753600
     1438400            8         201.356     23014400     11507200
     1438400           16         394.735     46028800     23014400
     1438400           32         789.173     92057600     46028800
     1582208            1          35.144      3164416      1582208
     1582208            2          55.426      6328832      3164416
     1582208            4         109.721     12657664      6328832
     1582208            8         218.123     25315328     12657664
     1582208           16         434.616     50630656     25315328
     1582208           32         869.630    101261312     50630656
     1740416            1          38.498      3480832      1740416
     1740416            2          61.067      6961664      3480832
     1740416            4         120.657     13923328      6961664
     1740416            8         239.672     27846656     13923328
     1740416           16         478.876     55693312     27846656
     1740416           32         962.761    111386624     55693312
     1914432            1          42.624      3828864      1914432
     1914432            2          67.155      7657728      3828864
     1914432            4         133.191     15315456      7657728
     1914432            8         264.435     30630912     15315456
     1914432           16         529.422     61261824     30630912
     1914432           32        1057.616    122523648     61261824
     2105856            1          49.925      4211712      2105856
     2105856            2          74.720      8423424      4211712
     2105856            4         147.448     16846848      8423424
     2105856            8         295.085     33693696     16846848
     2105856           16         591.179     67387392     33693696
     2316416            1          52.292      4632832      2316416
     2316416            2          82.477      9265664      4632832
     2316416            4         162.893     18531328      9265664
     2316416            8         324.441     37062656     18531328
     2316416           16         647.654     74125312     37062656
     2548032            1          57.603      5096064      2548032
     2548032            2          91.023     10192128      5096064
     2548032            4         180.471     20384256     10192128
     2548032            8         359.268     40768512     20384256
     2548032           16         716.752     81537024     40768512
     2802816            1          63.335      5605632      2802816
     2802816            2         101.639     11211264      5605632
     2802816            4         200.238     22422528     11211264
     2802816            8         397.711     44845056     22422528
     2802816           16         799.798     89690112     44845056
     3083072            1          70.252      6166144      3083072
     3083072            2         110.687     12332288      6166144
     3083072            4         220.509     24664576     12332288
     3083072            8         438.042     49329152     24664576
     3083072           16         872.214     98658304     49329152
     3391360            1          76.275      6782720      3391360
     3391360            2         122.918     13565440      6782720
     3391360            4         242.854     27130880     13565440
     3391360            8         482.735     54261760     27130880
     3391360           16         967.464    108523520     54261760
     3730496            1          86.002      7460992      3730496
     3730496            2         133.842     14921984      7460992
     3730496            4         266.634     29843968     14921984
     3730496            8         530.702     59687936     29843968
     3730496           16        1058.133    119375872     59687936
     4103488            1          93.057      8206976      4103488
     4103488            2         147.037     16413952      8206976
     4103488            4         292.457     32827904     16413952
     4103488            8         583.548     65655808     32827904
     4513792            1         102.425      9027584      4513792
     4513792            2         161.597     18055168      9027584
     4513792            4         322.418     36110336     18055168
     4513792            8         647.088     72220672     36110336
     4965120            1         113.295      9930240      4965120
     4965120            2         177.334     19860480      9930240
     4965120            4         352.970     39720960     19860480
     4965120            8         705.201     79441920     39720960
     5461632            1         125.267     10923264      5461632
     5461632            2         195.894     21846528     10923264
     5461632            4         389.271     43693056     21846528
     5461632            8         775.584     87386112     43693056
     6007744            1         138.878     12015488      6007744
     6007744            2         214.426     24030976     12015488
     6007744            4         433.844     48061952     24030976
     6007744            8         851.668     96123904     48061952
     6608512            1         151.327     13217024      6608512
     6608512            2         236.625     26434048     13217024
     6608512            4         470.080     52868096     26434048
     6608512            8         937.470    105736192     52868096
     7269312            1         165.636     14538624      7269312
     7269312            2         259.316     29077248     14538624
     7269312            4         516.071     58154496     29077248
     7269312            8        1037.606    116308992     58154496
     7996224            1         183.335     15992448      7996224
     7996224            2         285.652     31984896     15992448
     7996224            4         568.773     63969792     31984896
     8795840            1         201.225     17591680      8795840
     8795840            2         313.025     35183360     17591680
     8795840            4         624.070     70366720     35183360
     9675392            1         219.839     19350784      9675392
     9675392            2         344.115     38701568     19350784
     9675392            4         693.422     77403136     38701568
    10642880            1         245.437     21285760     10642880
    10642880            2         378.516     42571520     21285760
    10642880            4         754.616     85143040     42571520
    11707136            1         267.231     23414272     11707136
    11707136            2         416.292     46828544     23414272
    11707136            4         830.555     93657088     46828544
    12877824            1         293.221     25755648     12877824
    12877824            2         459.980     51511296     25755648
    12877824            4         924.633    103022592     51511296
    14165568            1         324.087     28331136     14165568
    14165568            2         509.058     56662272     28331136
    14165568            4        1012.153    113324544     56662272
    15582080            1         357.165     31164160     15582080
    15582080            2         564.758     62328320     31164160
    15582080            4        1133.537    124656640     62328320
    17140288            1         395.371     34280576     17140288
    17140288            2         633.157     68561152     34280576
    18854272            1         436.264     37708544     18854272
    18854272            2         764.369     75417088     37708544
    20739648            1         522.846     41479296     20739648
    20739648            2        1101.901     82958592     41479296
    22813568            1         688.643     45627136     22813568
    22813568            2        1643.012     91254272     45627136
    25094912            1        1023.708     50189824     25094912
    25094912            2        2553.053    100379648     50189824
    27604352            1        1480.229     55208704     27604352
    27604352            2        3486.278    110417408     55208704
    30364736            1        1982.996     60729472     30364736
    30364736            2        4293.065    121458944     60729472
    33401152            1        2394.922     66802304     33401152
    36741248            1        2777.124     73482496     36741248
    40415360            1        3150.748     80830720     40415360
    44456896            1        3505.634     88913792     44456896
    48902528            1        3875.661     97805056     48902528
    53792768            1        4268.719    107585536     53792768
    59172032            1        4706.792    118344064     59172032

META_DATA
MPI_PROCS      1
OPENMP_THREADS 8
FLOPS          8
ERT_VERSION  1.0.0
TIMESTAMP_DATA  1594852876.98
HOSTNAME  ('apollo-PowerEdge-R430', [], ['127.0.1.1'])
UNAME  ('Linux', 'apollo-PowerEdge-R430', '4.19.129-0419129-generic', '#202006220433 SMP Mon Jun 22 09:12:54 UTC 2020', 'x86_64', 'x86_64')
CONFIG  {'ERT_WORKING_SET_MIN': ['1'], 'ERT_CFLAGS': ['-O3'], 'ERT_CC': ['gcc'], 'ERT_MPI_CFLAGS': [], 'ERT_MPI_LDFLAGS': [], 'ERT_MEMORY_MAX': ['62497788'], 'ERT_PROCS_THREADS': ['8'], 'ERT_LDFLAGS': [], 'ERT_LDLIBS': [], 'ERT_SPEC_GBYTES_DRAM': ['1.0'], 'ERT_RUN': ['export', 'KMP_AFFINITY=scatter;', 'export', 'OMP_NUM_THREADS=ERT_OPENMP_THREADS;', 'ERT_CODE'], 'ERT_FLOPS': ['1,2,4,8,16'], 'ERT_OPENMP_CFLAGS': ['-fopenmp'], 'ERT_SPEC_GFLOPS': ['1.0'], 'ERT_MPI': ['False'], 'ERT_TRIALS_MIN': ['1'], 'ERT_DRIVER': ['driver1'], 'ERT_RESULTS': ['Results.x86'], 'ERT_OPENMP': ['True'], 'ERT_MPI_PROCS': ['1'], 'ERT_KERNEL': ['kernel1'], 'ERT_OPENMP_THREADS': ['1-32'], 'ERT_LD': ['gcc'], 'ERT_NUM_EXPERIMENTS': ['6'], 'ERT_OPENMP_LDFLAGS': ['-fopenmp'], 'ERT_ALIGN': ['32'], 'ERT_GNUPLOT': ['gnuplot']}
