          64            1           1.562          128           64
          64            2           0.765          256          128
          64            4           0.771          512          256
          64            8           0.786         1024          512
          64           16           0.886         2048         1024
          64           32           1.102         4096         2048
          64           64           1.619         8192         4096
          64          128           2.402        16384         8192
          64          256           4.013        32768        16384
          64          512           7.360        65536        32768
          64         1024          14.063       131072        65536
          64         2048          27.424       262144       131072
          64         4096          54.164       524288       262144
          64         8192         107.649      1048576       524288
          64        16384         214.660      2097152      1048576
          64        32768         428.570      4194304      2097152
          64        65536         856.479      8388608      4194304
          64       131072        1723.641     16777216      8388608
          64       262144        3434.682     33554432     16777216
          64       524288        6855.139     67108864     33554432
         128            1           0.745          256          128
         128            2           0.777          512          256
         128            4           0.765         1024          512
         128            8           0.810         2048         1024
         128           16           0.911         4096         2048
         128           32           1.114         8192         4096
         128           64           1.535        16384         8192
         128          128           2.366        32768        16384
         128          256           4.042        65536        32768
         128          512           7.374       131072        65536
         128         1024          14.065       262144       131072
         128         2048          27.435       524288       262144
         128         4096          54.306      1048576       524288
         128         8192         107.667      2097152      1048576
         128        16384         221.261      4194304      2097152
         128        32768         428.622      8388608      4194304
         128        65536         856.650     16777216      8388608
         128       131072        1712.318     33554432     16777216
         128       262144        3427.362     67108864     33554432
         192            1           0.776          384          192
         192            2           0.777          768          384
         192            4           0.768         1536          768
         192            8           0.799         3072         1536
         192           16           0.909         6144         3072
         192           32           1.120        12288         6144
         192           64           1.661        24576        12288
         192          128           2.370        49152        24576
         192          256           4.032        98304        49152
         192          512           7.390       196608        98304
         192         1024          14.071       393216       196608
         192         2048          27.451       786432       393216
         192         4096          54.184      1572864       786432
         192         8192         107.676      3145728      1572864
         192        16384         214.651      6291456      3145728
         192        32768         428.708     12582912      6291456
         192        65536         862.258     25165824     12582912
         192       131072        1712.314     50331648     25165824
         192       262144        3427.383    100663296     50331648
         256            1           0.745          512          256
         256            2           0.765         1024          512
         256            4           0.768         2048         1024
         256            8           0.818         4096         2048
         256           16           0.912         8192         4096
         256           32           1.125        16384         8192
         256           64           1.682        32768        16384
         256          128           2.376        65536        32768
         256          256           4.048       131072        65536
         256          512           7.386       262144       131072
         256         1024          14.066       524288       262144
         256         2048          27.445      1048576       524288
         256         4096          54.184      2097152      1048576
         256         8192         107.667      4194304      2097152
         256        16384         214.659      8388608      4194304
         256        32768         428.597     16777216      8388608
         256        65536         856.513     33554432     16777216
         256       131072        1717.185     67108864     33554432
         320            1           0.761          640          320
         320            2           0.771         1280          640
         320            4           0.776         2560         1280
         320            8           0.815         5120         2560
         320           16           0.915        10240         5120
         320           32           1.126        20480        10240
         320           64           1.543        40960        20480
         320          128           2.373        81920        40960
         320          256           4.046       163840        81920
         320          512           7.423       327680       163840
         320         1024          14.099       655360       327680
         320         2048          27.582      1310720       655360
         320         4096          54.325      2621440      1310720
         320         8192         107.794      5242880      2621440
         320        16384         214.771     10485760      5242880
         320        32768         428.798     20971520     10485760
         320        65536         856.631     41943040     20971520
         320       131072        1716.678     83886080     41943040
         384            1           0.754          768          384
         384            2           0.919         1536          768
         384            4           0.803         3072         1536
         384            8           0.820         6144         3072
         384           16           0.924        12288         6144
         384           32           1.271        24576        12288
         384           64           1.706        49152        24576
         384          128           2.378        98304        49152
         384          256           4.055       196608        98304
         384          512           7.545       393216       196608
         384         1024          14.212       786432       393216
         384         2048          27.596      1572864       786432
         384         4096          54.288      3145728      1572864
         384         8192         107.690      6291456      3145728
         384        16384         214.666     12582912      6291456
         384        32768         428.618     25165824     12582912
         384        65536         856.552     50331648     25165824
         384       131072        1712.334    100663296     50331648
         448            1           0.789          896          448
         448            2           0.905         1792          896
         448            4           0.795         3584         1792
         448            8           0.960         7168         3584
         448           16           1.075        14336         7168
         448           32           1.140        28672        14336
         448           64           1.695        57344        28672
         448          128           2.527       114688        57344
         448          256           4.089       229376       114688
         448          512           7.515       458752       229376
         448         1024          14.244       917504       458752
         448         2048          33.256      1835008       917504
         448         4096          54.840      3670016      1835008
         448         8192         108.840      7340032      3670016
         448        16384         216.963     14680064      7340032
         448        32768         432.924     29360128     14680064
         448        65536         865.225     58720256     29360128
         448       131072        1728.465    117440512     58720256
         512            1           0.904         1024          512
         512            2           0.798         2048         1024
         512            4           0.804         4096         2048
         512            8           0.825         8192         4096
         512           16           0.936        16384         8192
         512           32           1.130        32768        16384
         512           64           1.683        65536        32768
         512          128           2.545       131072        65536
         512          256           4.065       262144       131072
         512          512           7.427       524288       262144
         512         1024          14.253      1048576       524288
         512         2048          27.595      2097152      1048576
         512         4096          54.400      4194304      2097152
         512         8192         107.953      8388608      4194304
         512        16384         216.047     16777216      8388608
         512        32768         438.526     33554432     16777216
         512        65536         865.690     67108864     33554432
         576            1           0.766         1152          576
         576            2           0.755         2304         1152
         576            4           0.914         4608         2304
         576            8           0.828         9216         4608
         576           16           0.932        18432         9216
         576           32           1.148        36864        18432
         576           64           1.567        73728        36864
         576          128           2.403       147456        73728
         576          256           4.244       294912       147456
         576          512           7.707       589824       294912
         576         1024          14.427      1179648       589824
         576         2048          27.922      2359296      1179648
         576         4096          55.072      4718592      2359296
         576         8192         109.114      9437184      4718592
         576        16384         217.617     18874368      9437184
         576        32768         433.921     37748736     18874368
         576        65536         866.835     75497472     37748736
         640            1           0.757         1280          640
         640            2           0.769         2560         1280
         640            4           0.784         5120         2560
         640            8           0.828        10240         5120
         640           16           0.938        20480        10240
         640           32           1.142        40960        20480
         640           64           1.580        81920        40960
         640          128           2.425       163840        81920
         640          256           4.114       327680       163840
         640          512           7.443       655360       327680
         640         1024          14.129      1310720       655360
         640         2048          27.783      2621440      1310720
         640         4096          54.425      5242880      2621440
         640         8192         108.012     10485760      5242880
         640        16384         214.530     20971520     10485760
         640        32768         429.105     41943040     20971520
         640        65536         862.372     83886080     41943040
         704            1           0.762         1408          704
         704            2           0.937         2816         1408
         704            4           0.820         5632         2816
         704            8           0.947        11264         5632
         704           16           0.965        22528        11264
         704           32           1.190        45056        22528
         704           64           1.637        90112        45056
         704          128           2.527       180224        90112
         704          256           4.327       360448       180224
         704          512           8.132       720896       360448
         704         1024          15.151      1441792       720896
         704         2048          29.676      2883584      1441792
         704         4096          58.508      5767168      2883584
         704         8192         116.083     11534336      5767168
         704        16384         231.420     23068672     11534336
         704        32768         462.034     46137344     23068672
         704        65536         922.888     92274688     46137344
         768            1           0.761         1536          768
         768            2           0.754         3072         1536
         768            4           0.807         6144         3072
         768            8           0.839        12288         6144
         768           16           0.957        24576        12288
         768           32           1.185        49152        24576
         768           64           1.624        98304        49152
         768          128           2.524       196608        98304
         768          256           4.326       393216       196608
         768          512           7.938       786432       393216
         768         1024          15.106      1572864       786432
         768         2048          29.623      3145728      1572864
         768         4096          58.376      6291456      3145728
         768         8192         115.818     12582912      6291456
         768        16384         230.803     25165824     12582912
         768        32768         460.836     50331648     25165824
         768        65536         929.762    100663296     50331648
         832            1           0.755         1664          832
         832            2           0.768         3328         1664
         832            4           0.817         6656         3328
         832            8           0.853        13312         6656
         832           16           1.086        26624        13312
         832           32           1.210        53248        26624
         832           64           1.846       106496        53248
         832          128           2.762       212992       106496
         832          256           4.606       425984       212992
         832          512           8.338       851968       425984
         832         1024          16.046      1703936       851968
         832         2048          30.884      3407872      1703936
         832         4096          61.053      6815744      3407872
         832         8192         120.967     13631488      6815744
         832        16384         241.129     27262976     13631488
         832        32768         481.257     54525952     27262976
         832        65536         962.528    109051904     54525952
         896            1           0.751         1792          896
         896            2           0.778         3584         1792
         896            4           0.805         7168         3584
         896            8           0.871        14336         7168
         896           16           1.082        28672        14336
         896           32           1.203        57344        28672
         896           64           1.835       114688        57344
         896          128           2.607       229376       114688
         896          256           4.484       458752       229376
         896          512           8.283       917504       458752
         896         1024          15.775      1835008       917504
         896         2048          30.898      3670016      1835008
         896         4096          60.929      7340032      3670016
         896         8192         121.029     14680064      7340032
         896        16384         241.124     29360128     14680064
         896        32768         481.405     58720256     29360128
         896        65536         967.309    117440512     58720256
         960            1           0.757         1920          960
         960            2           0.772         3840         1920
         960            4           0.804         7680         3840
         960            8           0.870        15360         7680
         960           16           0.985        30720        15360
         960           32           1.253        61440        30720
         960           64           1.769       122880        61440
         960          128           2.799       245760       122880
         960          256           4.845       491520       245760
         960          512           8.971       983040       491520
         960         1024          17.181      1966080       983040
         960         2048          33.746      3932160      1966080
         960         4096          66.639      7864320      3932160
         960         8192         132.499     15728640      7864320
         960        16384         264.122     31457280     15728640
         960        32768         527.492     62914560     31457280
        1024            1           0.761         2048         1024
        1024            2           0.781         4096         2048
        1024            4           0.796         8192         4096
        1024            8           0.865        16384         8192
        1024           16           0.992        32768        16384
        1024           32           1.260        65536        32768
        1024           64           1.766       131072        65536
        1024          128           2.789       262144       131072
        1024          256           4.858       524288       262144
        1024          512           8.980      1048576       524288
        1024         1024          17.339      2097152      1048576
        1024         2048          33.796      4194304      2097152
        1024         4096          66.743      8388608      4194304
        1024         8192         132.554     16777216      8388608
        1024        16384         264.340     33554432     16777216
        1024        32768         527.504     67108864     33554432
        1088            1           0.937         2176         1088
        1088            2           0.788         4352         2176
        1088            4           0.814         8704         4352
        1088            8           0.868        17408         8704
        1088           16           1.027        34816        17408
        1088           32           1.307        69632        34816
        1088           64           1.871       139264        69632
        1088          128           3.017       278528       139264
        1088          256           5.332       557056       278528
        1088          512           9.898      1114112       557056
        1088         1024          19.047      2228224      1114112
        1088         2048          37.531      4456448      2228224
        1088         4096          74.219      8912896      4456448
        1088         8192         147.531     17825792      8912896
        1088        16384         294.221     35651584     17825792
        1088        32768         587.666     71303168     35651584
        1152            1           0.749         2304         1152
        1152            2           0.789         4608         2304
        1152            4           0.811         9216         4608
        1152            8           0.885        18432         9216
        1152           16           1.029        36864        18432
        1152           32           1.329        73728        36864
        1152           64           1.882       147456        73728
        1152          128           3.046       294912       147456
        1152          256           5.392       589824       294912
        1152          512          10.012      1179648       589824
        1152         1024          19.404      2359296      1179648
        1152         2048          37.904      4718592      2359296
        1152         4096          78.141      9437184      4718592
        1152         8192         149.148     18874368      9437184
        1152        16384         297.397     37748736     18874368
        1152        32768         594.020     75497472     37748736
        1216            1           0.757         2432         1216
        1216            2           0.804         4864         2432
        1216            4           0.851         9728         4864
        1216            8           0.905        19456         9728
        1216           16           1.067        38912        19456
        1216           32           1.371        77824        38912
        1216           64           2.022       155648        77824
        1216          128           3.279       311296       155648
        1216          256           5.839       622592       311296
        1216          512          10.935      1245184       622592
        1216         1024          21.225      2490368      1245184
        1216         2048          41.601      4980736      2490368
        1216         4096          82.396      9961472      4980736
        1216         8192         163.892     19922944      9961472
        1216        16384         327.026     39845888     19922944
        1216        32768         653.324     79691776     39845888
        1280            1           0.765         2560         1280
        1280            2           0.791         5120         2560
        1280            4           0.841        10240         5120
        1280            8           0.902        20480        10240
        1280           16           1.067        40960        20480
        1280           32           1.370        81920        40960
        1280           64           2.004       163840        81920
        1280          128           3.271       327680       163840
        1280          256           5.845       655360       327680
        1280          512          10.941      1310720       655360
        1280         1024          21.253      2621440      1310720
        1280         2048          41.627      5242880      2621440
        1280         4096          82.480     10485760      5242880
        1280         8192         163.927     20971520     10485760
        1280        16384         326.935     41943040     20971520
        1280        32768         653.094     83886080     41943040
        1408            1           0.763         2816         1408
        1408            2           0.893         5632         2816
        1408            4           0.948        11264         5632
        1408            8           1.048        22528        11264
        1408           16           1.096        45056        22528
        1408           32           1.588        90112        45056
        1408           64           2.268       180224        90112
        1408          128           3.699       360448       180224
        1408          256           6.528       720896       360448
        1408          512          12.134      1441792       720896
        1408         1024          23.375      2883584      1441792
        1408         2048          46.042      5767168      2883584
        1408         4096          90.913     11534336      5767168
        1408         8192         186.012     23068672     11534336
        1408        16384         361.157     46137344     23068672
        1408        32768         721.504     92274688     46137344
        1536            1           0.772         3072         1536
        1536            2           0.921         6144         3072
        1536            4           0.854        12288         6144
        1536            8           0.919        24576        12288
        1536           16           1.240        49152        24576
        1536           32           1.518        98304        49152
        1536           64           2.406       196608        98304
        1536          128           3.825       393216       196608
        1536          256           6.814       786432       393216
        1536          512          13.075      1572864       786432
        1536         1024          25.206      3145728      1572864
        1536         2048          49.540      6291456      3145728
        1536         4096          98.162     12582912      6291456
        1536         8192         195.478     25165824     12582912
        1536        16384         390.077     50331648     25165824
        1536        32768         779.220    100663296     50331648
        1664            1           0.799         3328         1664
        1664            2           0.796         6656         3328
        1664            4           0.859        13312         6656
        1664            8           0.977        26624        13312
        1664           16           1.141        53248        26624
        1664           32           1.552       106496        53248
        1664           64           2.394       212992       106496
        1664          128           4.044       425984       212992
        1664          256           7.367       851968       425984
        1664          512          14.016      1703936       851968
        1664         1024          27.365      3407872      1703936
        1664         2048          53.830      6815744      3407872
        1664         4096         106.846     13631488      6815744
        1664         8192         213.004     27262976     13631488
        1664        16384         424.745     54525952     27262976
        1664        32768         852.508    109051904     54525952
        1792            1           0.761         3584         1792
        1792            2           0.821         7168         3584
        1792            4           1.027        14336         7168
        1792            8           1.117        28672        14336
        1792           16           1.188        57344        28672
        1792           32           1.723       114688        57344
        1792           64           2.599       229376       114688
        1792          128           4.456       458752       229376
        1792          256           7.867       917504       458752
        1792          512          14.895      1835008       917504
        1792         1024          29.136      3670016      1835008
        1792         2048          57.431      7340032      3670016
        1792         4096         114.024     14680064      7340032
        1792         8192         227.224     29360128     14680064
        1792        16384         453.638     58720256     29360128
        1792        32768         906.417    117440512     58720256
        1920            1           0.889         3840         1920
        1920            2           0.829         7680         3840
        1920            4           0.909        15360         7680
        1920            8           0.993        30720        15360
        1920           16           1.209        61440        30720
        1920           32           1.688       122880        61440
        1920           64           2.646       245760       122880
        1920          128           4.551       491520       245760
        1920          256           8.378       983040       491520
        1920          512          15.981      1966080       983040
        1920         1024          31.352      3932160      1966080
        1920         2048          61.854      7864320      3932160
        1920         4096         122.836     15728640      7864320
        1920         8192         244.791     31457280     15728640
        1920        16384         488.695     62914560     31457280
        2112            1           0.921         4224         2112
        2112            2           1.031         8448         4224
        2112            4           0.975        16896         8448
        2112            8           0.985        33792        16896
        2112           16           1.299        67584        33792
        2112           32           1.817       135168        67584
        2112           64           2.992       270336       135168
        2112          128           5.007       540672       270336
        2112          256           9.443      1081344       540672
        2112          512          17.832      2162688      1081344
        2112         1024          35.125      4325376      2162688
        2112         2048          69.270      8650752      4325376
        2112         4096         137.668     17301504      8650752
        2112         8192         279.493     34603008     17301504
        2112        16384         547.976     69206016     34603008
        2304            1           0.798         4608         2304
        2304            2           0.824         9216         4608
        2304            4           0.912        18432         9216
        2304            8           1.013        36864        18432
        2304           16           1.311        73728        36864
        2304           32           1.871       147456        73728
        2304           64           2.989       294912       147456
        2304          128           5.246       589824       294912
        2304          256           9.791      1179648       589824
        2304          512          18.866      2359296      1179648
        2304         1024          37.154      4718592      2359296
        2304         2048          73.351      9437184      4718592
        2304         4096         145.886     18874368      9437184
        2304         8192         290.780     37748736     18874368
        2304        16384         580.729     75497472     37748736
        2496            1           0.808         4992         2496
        2496            2           0.841         9984         4992
        2496            4           0.895        19968         9984
        2496            8           1.069        39936        19968
        2496           16           1.474        79872        39936
        2496           32           1.968       159744        79872
        2496           64           3.255       319488       159744
        2496          128           5.770       638976       319488
        2496          256          10.787      1277952       638976
        2496          512          20.971      2555904      1277952
        2496         1024          41.066      5111808      2555904
        2496         2048          81.385     10223616      5111808
        2496         4096         162.044     20447232     10223616
        2496         8192         323.125     40894464     20447232
        2496        16384         645.593     81788928     40894464
        2688            1           0.798         5376         2688
        2688            2           0.889        10752         5376
        2688            4           0.924        21504        10752
        2688            8           1.083        43008        21504
        2688           16           1.398        86016        43008
        2688           32           2.101       172032        86016
        2688           64           3.379       344064       172032
        2688          128           6.150       688128       344064
        2688          256          11.483      1376256       688128
        2688          512          22.082      2752512      1376256
        2688         1024          43.280      5505024      2752512
        2688         2048          85.778     11010048      5505024
        2688         4096         170.686     22020096     11010048
        2688         8192         340.460     44040192     22020096
        2688        16384         719.526     88080384     44040192
        2944            1           0.783         5888         2944
        2944            2           0.855        11776         5888
        2944            4           0.939        23552        11776
        2944            8           1.113        47104        23552
        2944           16           1.469        94208        47104
        2944           32           2.171       188416        94208
        2944           64           3.622       376832       188416
        2944          128           6.550       753664       376832
        2944          256          19.451      1507328       753664
        2944          512          24.086      3014656      1507328
        2944         1024          47.306      6029312      3014656
        2944         2048          93.823     12058624      6029312
        2944         4096         186.669     24117248     12058624
        2944         8192         372.630     48234496     24117248
        2944        16384         744.023     96468992     48234496
        3200            1           0.801         6400         3200
        3200            2           0.852        12800         6400
        3200            4           0.965        25600        12800
        3200            8           1.126        51200        25600
        3200           16           1.522       102400        51200
        3200           32           2.298       204800       102400
        3200           64           3.889       409600       204800
        3200          128           7.034       819200       409600
        3200          256          13.321      1638400       819200
        3200          512          26.083      3276800      1638400
        3200         1024          51.267      6553600      3276800
        3200         2048         101.689     13107200      6553600
        3200         4096         202.542     26214400     13107200
        3200         8192         404.341     52428800     26214400
        3200        16384         807.755    104857600     52428800
        3520            1           0.802         7040         3520
        3520            2           0.863        14080         7040
        3520            4           1.119        28160        14080
        3520            8           1.217        56320        28160
        3520           16           1.600       112640        56320
        3520           32           2.480       225280       112640
        3520           64           4.391       450560       225280
        3520          128           7.926       901120       450560
        3520          256          14.787      1802240       901120
        3520          512          28.854      3604480      1802240
        3520         1024          57.027      7208960      3604480
        3520         2048         113.127     14417920      7208960
        3520         4096         230.401     28835840     14417920
        3520         8192         450.065     57671680     28835840
        3520        16384         899.115    115343360     57671680
        3840            1           0.810         7680         3840
        3840            2           0.866        15360         7680
        3840            4           0.967        30720        15360
        3840            8           1.233        61440        30720
        3840           16           1.675       122880        61440
        3840           32           2.725       245760       122880
        3840           64           4.482       491520       245760
        3840          128           8.251       983040       491520
        3840          256          15.885      1966080       983040
        3840          512          30.913      3932160      1966080
        3840         1024          61.051      7864320      3932160
        3840         2048         121.117     15728640      7864320
        3840         4096         241.442     31457280     15728640
        3840         8192         482.110     62914560     31457280
        4224            1           0.821         8448         4224
        4224            2           0.918        16896         8448
        4224            4           1.028        33792        16896
        4224            8           1.334        67584        33792
        4224           16           2.011       135168        67584
        4224           32           2.995       270336       135168
        4224           64           5.280       540672       270336
        4224          128           9.826      1081344       540672
        4224          256          18.965      2162688      1081344
        4224          512          37.263      4325376      2162688
        4224         1024          73.782      8650752      4325376
        4224         2048         146.487     17301504      8650752
        4224         4096         292.110     34603008     17301504
        4224         8192         583.499     69206016     34603008
        4608            1           0.811         9216         4608
        4608            2           0.901        18432         9216
        4608            4           1.042        36864        18432
        4608            8           1.290        73728        36864
        4608           16           1.851       147456        73728
        4608           32           2.970       294912       147456
        4608           64           5.265       589824       294912
        4608          128           9.750      1179648       589824
        4608          256          18.878      2359296      1179648
        4608          512          36.914      4718592      2359296
        4608         1024          72.938      9437184      4718592
        4608         2048         157.149     18874368      9437184
        4608         4096         289.260     37748736     18874368
        4608         8192         577.642     75497472     37748736
        5056            1           0.829        10112         5056
        5056            2           0.928        20224        10112
        5056            4           1.074        40448        20224
        5056            8           1.406        80896        40448
        5056           16           2.086       161792        80896
        5056           32           3.440       323584       161792
        5056           64           5.672       647168       323584
        5056          128          10.819      1294336       647168
        5056          256          21.651      2588672      1294336
        5056          512          43.843      5177344      2588672
        5056         1024          87.577     10354688      5177344
        5056         2048         175.357     20709376     10354688
        5056         4096         351.051     41418752     20709376
        5056         8192         698.754     82837504     41418752
        5504            1           0.842        11008         5504
        5504            2           1.041        22016        11008
        5504            4           1.108        44032        22016
        5504            8           1.466        88064        44032
        5504           16           2.187       176128        88064
        5504           32           3.667       352256       176128
        5504           64           6.549       704512       352256
        5504          128          12.470      1409024       704512
        5504          256          24.028      2818048      1409024
        5504          512          47.262      5636096      2818048
        5504         1024          93.468     11272192      5636096
        5504         2048         186.150     22544384     11272192
        5504         4096         371.251     45088768     22544384
        5504         8192         741.559     90177536     45088768
        6016            1           0.832        12032         6016
        6016            2           0.925        24064        12032
        6016            4           1.262        48128        24064
        6016            8           1.651        96256        48128
        6016           16           2.324       192512        96256
        6016           32           3.921       385024       192512
        6016           64           7.074       770048       385024
        6016          128          13.422      1540096       770048
        6016          256          26.146      3080192      1540096
        6016          512          51.949      6160384      3080192
        6016         1024         102.472     12320768      6160384
        6016         2048         203.496     24641536     12320768
        6016         4096         406.981     49283072     24641536
        6016         8192         813.122     98566144     49283072
        6592            1           1.001        13184         6592
        6592            2           0.986        26368        13184
        6592            4           1.195        52736        26368
        6592            8           1.611       105472        52736
        6592           16           2.591       210944       105472
        6592           32           4.215       421888       210944
        6592           64           7.697       843776       421888
        6592          128          14.577      1687552       843776
        6592          256          28.660      3375104      1687552
        6592          512          56.229      6750208      3375104
        6592         1024         111.218     13500416      6750208
        6592         2048         222.393     27000832     13500416
        6592         4096         445.765     54001664     27000832
        6592         8192         890.070    108003328     54001664
        7232            1           0.855        14464         7232
        7232            2           0.967        28928        14464
        7232            4           1.214        57856        28928
        7232            8           1.676       115712        57856
        7232           16           2.627       231424       115712
        7232           32           4.488       462848       231424
        7232           64           8.252       925696       462848
        7232          128          16.005      1851392       925696
        7232          256          31.275      3702784      1851392
        7232          512          60.483      7405568      3702784
        7232         1024         121.470     14811136      7405568
        7232         2048         243.215     29622272     14811136
        7232         4096         492.622     59244544     29622272
        7232         8192         979.223    118489088     59244544
        7936            1           0.867        15872         7936
        7936            2           1.017        31744        15872
        7936            4           1.277        63488        31744
        7936            8           1.760       126976        63488
        7936           16           2.792       253952       126976
        7936           32           4.867       507904       253952
        7936           64           9.100      1015808       507904
        7936          128          17.212      2031616      1015808
        7936          256          33.778      4063232      2031616
        7936          512          66.758      8126464      4063232
        7936         1024         132.632     16252928      8126464
        7936         2048         264.412     32505856     16252928
        7936         4096         527.982     65011712     32505856
        8704            1           0.871        17408         8704
        8704            2           1.007        34816        17408
        8704            4           1.293        69632        34816
        8704            8           1.852       139264        69632
        8704           16           2.980       278528       139264
        8704           32           5.239       557056       278528
        8704           64           9.746      1114112       557056
        8704          128          18.767      2228224      1114112
        8704          256          36.914      4456448      2228224
        8704          512          72.974      8912896      4456448
        8704         1024         145.102     17825792      8912896
        8704         2048         289.301     35651584     17825792
        8704         4096         577.762     71303168     35651584
        9536            1           0.907        19072         9536
        9536            2           1.063        38144        19072
        9536            4           1.367        76288        38144
        9536            8           1.966       152576        76288
        9536           16           3.178       305152       152576
        9536           32           5.634       610304       305152
        9536           64          10.674      1220608       610304
        9536          128          20.557      2441216      1220608
        9536          256          39.764      4882432      2441216
        9536          512          79.118      9764864      4882432
        9536         1024         162.131     19529728      9764864
        9536         2048         318.194     39059456     19529728
        9536         4096         636.277     78118912     39059456
       10432            1           0.908        20864        10432
       10432            2           1.058        41728        20864
       10432            4           1.400        83456        41728
       10432            8           2.079       166912        83456
       10432           16           3.401       333824       166912
       10432           32           6.082       667648       333824
       10432           64          11.508      1335296       667648
       10432          128          22.036      2670592      1335296
       10432          256          43.650      5341184      2670592
       10432          512          86.344     10682368      5341184
       10432         1024         173.327     21364736     10682368
       10432         2048         342.562     42729472     21364736
       10432         4096         687.705     85458944     42729472
       11456            1           0.916        22912        11456
       11456            2           1.092        45824        22912
       11456            4           1.452        91648        45824
       11456            8           2.205       183296        91648
       11456           16           3.636       366592       183296
       11456           32           6.545       733184       366592
       11456           64          12.404      1466368       733184
       11456          128          24.119      2932736      1466368
       11456          256          47.535      5865472      2932736
       11456          512          94.299     11730944      5865472
       11456         1024         187.928     23461888     11730944
       11456         2048         377.186     46923776     23461888
       11456         4096         755.711     93847552     46923776
       12544            1           1.070        25088        12544
       12544            2           1.136        50176        25088
       12544            4           1.529       100352        50176
       12544            8           2.415       200704       100352
       12544           16           4.055       401408       200704
       12544           32           7.316       802816       401408
       12544           64          13.535      1605632       802816
       12544          128          26.322      3211264      1605632
       12544          256          57.299      6422528      3211264
       12544          512         103.118     12845056      6422528
       12544         1024         205.490     25690112     12845056
       12544         2048         409.605     51380224     25690112
       12544         4096         818.707    102760448     51380224
       13760            1           0.948        27520        13760
       13760            2           1.160        55040        27520
       13760            4           1.615       110080        55040
       13760            8           2.486       220160       110080
       13760           16           4.251       440320       220160
       13760           32           7.702       880640       440320
       13760           64          14.662      1761280       880640
       13760          128          28.560      3522560      1761280
       13760          256          56.939      7045120      3522560
       13760          512         112.134     14090240      7045120
       13760         1024         224.578     28180480     14090240
       13760         2048         447.889     56360960     28180480
       13760         4096         899.422    112721920     56360960
       15104            1           0.987        30208        15104
       15104            2           1.209        60416        30208
       15104            4           1.692       120832        60416
       15104            8           2.639       241664       120832
       15104           16           4.539       483328       241664
       15104           32           8.491       966656       483328
       15104           64          16.001      1933312       966656
       15104          128          31.393      3866624      1933312
       15104          256          61.957      7733248      3866624
       15104          512         123.354     15466496      7733248
       15104         1024         245.298     30932992     15466496
       15104         2048         504.383     61865984     30932992
       15104         4096         979.656    123731968     61865984
       16576            1           0.998        33152        16576
       16576            2           1.256        66304        33152
       16576            4           1.804       132608        66304
       16576            8           2.826       265216       132608
       16576           16           4.916       530432       265216
       16576           32           9.083      1060864       530432
       16576           64          17.437      2121728      1060864
       16576          128          34.297      4243456      2121728
       16576          256          67.394      8486912      4243456
       16576          512         133.624     16973824      8486912
       16576         1024         269.392     33947648     16973824
       16576         2048         533.077     67895296     33947648
       18176            1           1.015        36352        18176
       18176            2           1.306        72704        36352
       18176            4           1.971       145408        72704
       18176            8           3.156       290816       145408
       18176           16           5.439       581632       290816
       18176           32           9.961      1163264       581632
       18176           64          19.060      2326528      1163264
       18176          128          37.403      4653056      2326528
       18176          256          74.070      9306112      4653056
       18176          512         147.521     18612224      9306112
       18176         1024         294.219     37224448     18612224
       18176         2048         587.599     74448896     37224448
       19968            1           1.049        39936        19968
       19968            2           1.351        79872        39936
       19968            4           1.976       159744        79872
       19968            8           3.207       319488       159744
       19968           16           5.735       638976       319488
       19968           32          10.730      1277952       638976
       19968           64          20.751      2555904      1277952
       19968          128          40.834      5111808      2555904
       19968          256          81.031     10223616      5111808
       19968          512         164.611     20447232     10223616
       19968         1024         321.674     40894464     20447232
       19968         2048         642.230     81788928     40894464
       21952            1           1.185        43904        21952
       21952            2           1.548        87808        43904
       21952            4           2.081       175616        87808
       21952            8           3.543       351232       175616
       21952           16           6.213       702464       351232
       21952           32          11.694      1404928       702464
       21952           64          22.562      2809856      1404928
       21952          128          44.647      5619712      2809856
       21952          256          88.550     11239424      5619712
       21952          512         176.047     22478848     11239424
       21952         1024         351.845     44957696     22478848
       21952         2048         699.573     89915392     44957696
       24128            1           1.127        48256        24128
       24128            2           1.513        96512        48256
       24128            4           2.240       193024        96512
       24128            8           3.745       386048       193024
       24128           16           6.966       772096       386048
       24128           32          12.746      1544192       772096
       24128           64          25.086      3088384      1544192
       24128          128          48.891      6176768      3088384
       24128          256          98.005     12353536      6176768
       24128          512         193.354     24707072     12353536
       24128         1024         390.032     49414144     24707072
       24128         2048         782.096     98828288     49414144
       26496            1           1.149        52992        26496
       26496            2           1.566       105984        52992
       26496            4           2.368       211968       105984
       26496            8           4.049       423936       211968
       26496           16           7.324       847872       423936
       26496           32          13.920      1695744       847872
       26496           64          27.077      3391488      1695744
       26496          128          53.439      6782976      3391488
       26496          256         106.288     13565952      6782976
       26496          512         211.860     27131904     13565952
       26496         1024         422.783     54263808     27131904
       26496         2048         844.444    108527616     54263808
       29120            1           1.183        58240        29120
       29120            2           1.646       116480        58240
       29120            4           2.536       232960       116480
       29120            8           4.356       465920       232960
       29120           16           8.053       931840       465920
       29120           32          15.163      1863680       931840
       29120           64          29.582      3727360      1863680
       29120          128          58.394      7454720      3727360
       29120          256         115.907     14909440      7454720
       29120          512         231.162     29818880     14909440
       29120         1024         461.106     59637760     29818880
       29120         2048         921.348    119275520     59637760
       32000            1           1.235        64000        32000
       32000            2           1.725       128000        64000
       32000            4           2.725       256000       128000
       32000            8           4.667       512000       256000
       32000           16           8.641      1024000       512000
       32000           32          16.559      2048000      1024000
       32000           64          32.412      4096000      2048000
       32000          128          64.139      8192000      4096000
       32000          256         127.768     16384000      8192000
       32000          512         259.064     32768000     16384000
       32000         1024         508.661     65536000     32768000
       35200            1           1.416        70400        35200
       35200            2           1.942       140800        70400
       35200            4           2.914       281600       140800
       35200            8           5.091       563200       281600
       35200           16           9.461      1126400       563200
       35200           32          18.251      2252800      1126400
       35200           64          35.513      4505600      2252800
       35200          128          70.312      9011200      4505600
       35200          256         139.834     18022400      9011200
       35200          512         278.871     36044800     18022400
       35200         1024         556.861     72089600     36044800
       38720            1           1.561        77440        38720
       38720            2           1.934       154880        77440
       38720            4           3.126       309760       154880
       38720            8           5.513       619520       309760
       38720           16          10.252      1239040       619520
       38720           32          19.788      2478080      1239040
       38720           64          38.852      4956160      2478080
       38720          128          77.414      9912320      4956160
       38720          256         153.860     19824640      9912320
       38720          512         306.168     39649280     19824640
       38720         1024         610.670     79298560     39649280
       42560            1           1.395        85120        42560
       42560            2           2.038       170240        85120
       42560            4           3.352       340480       170240
       42560            8           5.971       680960       340480
       42560           16          11.389      1361920       680960
       42560           32          21.787      2723840      1361920
       42560           64          42.883      5447680      2723840
       42560          128          84.997     10895360      5447680
       42560          256         167.481     21790720     10895360
       42560          512         341.954     43581440     21790720
       42560         1024         674.470     87162880     43581440
       46784            1           1.456        93568        46784
       46784            2           2.164       187136        93568
       46784            4           3.618       374272       187136
       46784            8           6.461       748544       374272
       46784           16          12.264      1497088       748544
       46784           32          23.710      2994176      1497088
       46784           64          46.796      5988352      2994176
       46784          128          92.158     11976704      5988352
       46784          256         184.202     23953408     11976704
       46784          512         369.661     47906816     23953408
       46784         1024         734.787     95813632     47906816
       51456            1           1.529       102912        51456
       51456            2           2.309       205824       102912
       51456            4           3.876       411648       205824
       51456            8           7.083       823296       411648
       51456           16          13.362      1646592       823296
       51456           32          25.988      3293184      1646592
       51456           64          51.245      6586368      3293184
       51456          128         101.837     13172736      6586368
       51456          256         202.867     26345472     13172736
       51456          512         405.153     52690944     26345472
       51456         1024         809.685    105381888     52690944
       56576            1           1.602       113152        56576
       56576            2           2.463       226304       113152
       56576            4           4.308       452608       226304
       56576            8           7.642       905216       452608
       56576           16          14.610      1810432       905216
       56576           32          28.412      3620864      1810432
       56576           64          56.232      7241728      3620864
       56576          128         111.531     14483456      7241728
       56576          256         225.332     28966912     14483456
       56576          512         444.077     57933824     28966912
       56576         1024         887.756    115867648     57933824
       62208            1           1.690       124416        62208
       62208            2           2.629       248832       124416
       62208            4           4.535       497664       248832
       62208            8           8.438       995328       497664
       62208           16          15.960      1990656       995328
       62208           32          31.364      3981312      1990656
       62208           64          61.793      7962624      3981312
       62208          128         122.981     15925248      7962624
       62208          256         244.895     31850496     15925248
       62208          512         489.267     63700992     31850496
       68416            1           1.897       136832        68416
       68416            2           3.025       273664       136832
       68416            4           4.936       547328       273664
       68416            8           9.099      1094656       547328
       68416           16          17.430      2189312      1094656
       68416           32          34.286      4378624      2189312
       68416           64          67.563      8757248      4378624
       68416          128         134.787     17514496      8757248
       68416          256         267.202     35028992     17514496
       68416          512         535.243     70057984     35028992
       75200            1           2.060       150400        75200
       75200            2           3.159       300800       150400
       75200            4           5.309       601600       300800
       75200            8          10.050      1203200       601600
       75200           16          19.093      2406400      1203200
       75200           32          37.460      4812800      2406400
       75200           64          74.188      9625600      4812800
       75200          128         147.707     19251200      9625600
       75200          256         298.007     38502400     19251200
       75200          512         589.309     77004800     38502400
       82688            1           1.641       165376        82688
       82688            2           3.374       330752       165376
       82688            4           5.784       661504       330752
       82688            8          10.818      1323008       661504
       82688           16          20.905      2646016      1323008
       82688           32          41.041      5292032      2646016
       82688           64          81.497     10584064      5292032
       82688          128         162.129     21168128     10584064
       82688          256         323.501     42336256     21168128
       82688          512         646.304     84672512     42336256
       90944            1           2.164       181888        90944
       90944            2           3.589       363776       181888
       90944            4           6.395       727552       363776
       90944            8          11.946      1455104       727552
       90944           16          22.995      2910208      1455104
       90944           32          45.026      5820416      2910208
       90944           64          89.223     11640832      5820416
       90944          128         177.704     23281664     11640832
       90944          256         354.675     46563328     23281664
       90944          512         707.901     93126656     46563328
      100032            1           2.392       200064       100032
      100032            2           3.923       400128       200064
      100032            4           6.787       800256       400128
      100032            8          13.096      1600512       800256
      100032           16          25.080      3201024      1600512
      100032           32          49.577      6402048      3201024
      100032           64          98.205     12804096      6402048
      100032          128         195.602     25608192     12804096
      100032          256         393.615     51216384     25608192
      100032          512         780.498    102432768     51216384
      110016            1           2.169       220032       110016
      110016            2           4.070       440064       220032
      110016            4           7.411       880128       440064
      110016            8          14.085      1760256       880128
      110016           16          27.519      3520512      1760256
      110016           32          54.358      7041024      3520512
      110016           64         107.915     14082048      7041024
      110016          128         214.975     28164096     14082048
      110016          256         428.253     56328192     28164096
      110016          512         857.784    112656384     56328192
      120960            1           2.440       241920       120960
      120960            2           4.396       483840       241920
      120960            4           8.086       967680       483840
      120960            8          15.442      1935360       967680
      120960           16          30.299      3870720      1935360
      120960           32          59.554      7741440      3870720
      120960           64         118.465     15482880      7741440
      120960          128         236.221     30965760     15482880
      120960          256         471.748     61931520     30965760
      120960          512         945.424    123863040     61931520
      133056            1           3.036       266112       133056
      133056            2           4.783       532224       266112
      133056            4           8.817      1064448       532224
      133056            8          16.916      2128896      1064448
      133056           16          33.007      4257792      2128896
      133056           32          65.326      8515584      4257792
      133056           64         130.179     17031168      8515584
      133056          128         259.998     34062336     17031168
      133056          256         517.315     68124672     34062336
      146304            1           3.312       292608       146304
      146304            2           5.186       585216       292608
      146304            4           9.617      1170432       585216
      146304            8          18.527      2340864      1170432
      146304           16          36.283      4681728      2340864
      146304           32          71.848      9363456      4681728
      146304           64         142.974     18726912      9363456
      146304          128         285.205     37453824     18726912
      146304          256         569.691     74907648     37453824
      160896            1           3.143       321792       160896
      160896            2           5.614       643584       321792
      160896            4          10.510      1287168       643584
      160896            8          20.304      2574336      1287168
      160896           16          39.866      5148672      2574336
      160896           32          78.953     10297344      5148672
      160896           64         157.148     20594688     10297344
      160896          128         313.463     41189376     20594688
      160896          256         629.752     82378752     41189376
      176960            1           4.192       353920       176960
      176960            2           6.134       707840       353920
      176960            4          11.479      1415680       707840
      176960            8          22.230      2831360      1415680
      176960           16          43.687      5662720      2831360
      176960           32          86.503     11325440      5662720
      176960           64         172.184     22650880     11325440
      176960          128         343.386     45301760     22650880
      176960          256         686.227     90603520     45301760
      194624            1           3.955       389248       194624
      194624            2           6.699       778496       389248
      194624            4          12.586      1556992       778496
      194624            8          24.768      3113984      1556992
      194624           16          48.173      6227968      3113984
      194624           32          95.244     12455936      6227968
      194624           64         189.731     24911872     12455936
      194624          128         378.191     49823744     24911872
      194624          256         755.401     99647488     49823744
      214080            1           4.308       428160       214080
      214080            2           7.367       856320       428160
      214080            4          13.820      1712640       856320
      214080            8          26.810      3425280      1712640
      214080           16          52.829      6850560      3425280
      214080           32         104.495     13701120      6850560
      214080           64         209.483     27402240     13701120
      214080          128         418.190     54804480     27402240
      214080          256         838.772    109608960     54804480
      235456            1           5.191       470912       235456
      235456            2           8.144       941824       470912
      235456            4          15.239      1883648       941824
      235456            8          29.578      3767296      1883648
      235456           16          58.139      7534592      3767296
      235456           32         115.229     15069184      7534592
      235456           64         229.071     30138368     15069184
      235456          128         457.166     60276736     30138368
      235456          256         914.498    120553472     60276736
      258944            1           5.285       517888       258944
      258944            2           8.974      1035776       517888
      258944            4          16.817      2071552      1035776
      258944            8          32.583      4143104      2071552
      258944           16          64.136      8286208      4143104
      258944           32         126.681     16572416      8286208
      258944           64         252.313     33144832     16572416
      258944          128         503.603     66289664     33144832
      284800            1           6.446       569600       284800
      284800            2          10.226      1139200       569600
      284800            4          19.766      2278400      1139200
      284800            8          38.775      4556800      2278400
      284800           16          76.297      9113600      4556800
      284800           32         151.972     18227200      9113600
      284800           64         305.900     36454400     18227200
      284800          128         604.684     72908800     36454400
      313280            1           6.467       626560       313280
      313280            2          11.534      1253120       626560
      313280            4          22.356      2506240      1253120
      313280            8          43.636      5012480      2506240
      313280           16          86.628     10024960      5012480
      313280           32         172.252     20049920     10024960
      313280           64         343.641     40099840     20049920
      313280          128         686.554     80199680     40099840
      344576            1           7.121       689152       344576
      344576            2          12.552      1378304       689152
      344576            4          24.321      2756608      1378304
      344576            8          47.921      5513216      2756608
      344576           16          95.056     11026432      5513216
      344576           32         189.286     22052864     11026432
      344576           64         377.902     44105728     22052864
      344576          128         754.894     88211456     44105728
      379008            1           7.911       758016       379008
      379008            2          13.710      1516032       758016
      379008            4          26.704      3032064      1516032
      379008            8          52.613      6064128      3032064
      379008           16         104.564     12128256      6064128
      379008           32         211.653     24256512     12128256
      379008           64         415.574     48513024     24256512
      379008          128         830.174     97026048     48513024
      416896            1           8.741       833792       416896
      416896            2          15.042      1667584       833792
      416896            4          29.294      3335168      1667584
      416896            8          57.798      6670336      3335168
      416896           16         114.823     13340672      6670336
      416896           32         228.850     26681344     13340672
      416896           64         456.836     53362688     26681344
      416896          128         912.944    106725376     53362688
      458560            1          10.162       917120       458560
      458560            2          16.448      1834240       917120
      458560            4          32.150      3668480      1834240
      458560            8          63.480      7336960      3668480
      458560           16         126.149     14673920      7336960
      458560           32         251.742     29347840     14673920
      458560           64         505.546     58695680     29347840
      458560          128        1004.210    117391360     58695680
      504384            1          12.147      1008768       504384
      504384            2          18.075      2017536      1008768
      504384            4          35.265      4035072      2017536
      504384            8          69.770      8070144      4035072
      504384           16         138.892     16140288      8070144
      504384           32         276.678     32280576     16140288
      504384           64         552.736     64561152     32280576
      554816            1          11.809      1109632       554816
      554816            2          19.756      2219264      1109632
      554816            4          38.861      4438528      2219264
      554816            8          76.647      8877056      4438528
      554816           16         152.578     17754112      8877056
      554816           32         304.222     35508224     17754112
      554816           64         607.512     71016448     35508224
      610240            1          13.959      1220480       610240
      610240            2          21.680      2440960      1220480
      610240            4          42.538      4881920      2440960
      610240            8          84.269      9763840      4881920
      610240           16         170.519     19527680      9763840
      610240           32         334.650     39055360     19527680
      610240           64         668.390     78110720     39055360
      671232            1          14.815      1342464       671232
      671232            2          23.923      2684928      1342464
      671232            4          46.698      5369856      2684928
      671232            8          92.560     10739712      5369856
      671232           16         184.390     21479424     10739712
      671232           32         367.826     42958848     21479424
      671232           64         734.721     85917696     42958848
      738304            1          15.856      1476608       738304
      738304            2          26.110      2953216      1476608
      738304            4          51.325      5906432      2953216
      738304            8         101.771     11812864      5906432
      738304           16         202.744     23625728     11812864
      738304           32         404.627     47251456     23625728
      738304           64         811.925     94502912     47251456
      812096            1          17.181      1624192       812096
      812096            2          28.629      3248384      1624192
      812096            4          56.411      6496768      3248384
      812096            8         111.915     12993536      6496768
      812096           16         222.897     25987072     12993536
      812096           32         445.595     51974144     25987072
      812096           64         889.285    103948288     51974144
      893248            1          20.751      1786496       893248
      893248            2          31.395      3572992      1786496
      893248            4          61.929      7145984      3572992
      893248            8         123.047     14291968      7145984
      893248           16         245.154     28583936     14291968
      893248           32         489.179     57167872     28583936
      893248           64         977.335    114335744     57167872
      982528            1          20.972      1965056       982528
      982528            2          34.548      3930112      1965056
      982528            4          68.176      7860224      3930112
      982528            8         138.798     15720448      7860224
      982528           16         269.903     31440896     15720448
      982528           32         538.573     62881792     31440896
     1080768            1          23.497      2161536      1080768
     1080768            2          37.824      4323072      2161536
     1080768            4          74.828      8646144      4323072
     1080768            8         148.769     17292288      8646144
     1080768           16         296.636     34584576     17292288
     1080768           32         592.198     69169152     34584576
     1188800            1          25.767      2377600      1188800
     1188800            2          41.655      4755200      2377600
     1188800            4          82.270      9510400      4755200
     1188800            8         163.551     19020800      9510400
     1188800           16         326.165     38041600     19020800
     1188800           32         651.544     76083200     38041600
     1307648            1          27.873      2615296      1307648
     1307648            2          45.842      5230592      2615296
     1307648            4          90.553     10461184      5230592
     1307648            8         180.230     20922368     10461184
     1307648           16         363.628     41844736     20922368
     1307648           32         718.373     83689472     41844736
     1438400            1          31.233      2876800      1438400
     1438400            2          50.540      5753600      2876800
     1438400            4          99.925     11507200      5753600
     1438400            8         198.936     23014400     11507200
     1438400           16         396.255     46028800     23014400
     1438400           32         791.685     92057600     46028800
     1582208            1          34.574      3164416      1582208
     1582208            2          56.050      6328832      3164416
     1582208            4         109.936     12657664      6328832
     1582208            8         218.714     25315328     12657664
     1582208           16         436.280     50630656     25315328
     1582208           32         876.906    101261312     50630656
     1740416            1          37.887      3480832      1740416
     1740416            2          60.994      6961664      3480832
     1740416            4         120.814     13923328      6961664
     1740416            8         240.408     27846656     13923328
     1740416           16         479.331     55693312     27846656
     1740416           32         958.859    111386624     55693312
     1914432            1          40.850      3828864      1914432
     1914432            2          67.992      7657728      3828864
     1914432            4         133.962     15315456      7657728
     1914432            8         266.051     30630912     15315456
     1914432           16         530.356     61261824     30630912
     1914432           32        1066.011    122523648     61261824
     2105856            1          46.147      4211712      2105856
     2105856            2          75.055      8423424      4211712
     2105856            4         148.072     16846848      8423424
     2105856            8         295.687     33693696     16846848
     2105856           16         588.025     67387392     33693696
     2316416            1          50.298      4632832      2316416
     2316416            2          82.287      9265664      4632832
     2316416            4         163.165     18531328      9265664
     2316416            8         324.283     37062656     18531328
     2316416           16         649.444     74125312     37062656
     2548032            1          55.165      5096064      2548032
     2548032            2          91.154     10192128      5096064
     2548032            4         180.201     20384256     10192128
     2548032            8         358.351     40768512     20384256
     2548032           16         723.712     81537024     40768512
     2802816            1          62.229      5605632      2802816
     2802816            2         100.063     11211264      5605632
     2802816            4         198.988     22422528     11211264
     2802816            8         396.774     44845056     22422528
     2802816           16         793.189     89690112     44845056
     3083072            1          68.355      6166144      3083072
     3083072            2         110.697     12332288      6166144
     3083072            4         219.915     24664576     12332288
     3083072            8         436.620     49329152     24664576
     3083072           16         872.011     98658304     49329152
     3391360            1          74.127      6782720      3391360
     3391360            2         122.814     13565440      6782720
     3391360            4         241.630     27130880     13565440
     3391360            8         488.686     54261760     27130880
     3391360           16         961.113    108523520     54261760
     3730496            1          83.130      7460992      3730496
     3730496            2         134.814     14921984      7460992
     3730496            4         265.634     29843968     14921984
     3730496            8         529.200     59687936     29843968
     3730496           16        1056.853    119375872     59687936
     4103488            1          90.914      8206976      4103488
     4103488            2         148.011     16413952      8206976
     4103488            4         293.093     32827904     16413952
     4103488            8         589.960     65655808     32827904
     4513792            1          98.741      9027584      4513792
     4513792            2         161.896     18055168      9027584
     4513792            4         322.934     36110336     18055168
     4513792            8         642.696     72220672     36110336
     4965120            1         110.912      9930240      4965120
     4965120            2         178.846     19860480      9930240
     4965120            4         353.767     39720960     19860480
     4965120            8         706.458     79441920     39720960
     5461632            1         120.018     10923264      5461632
     5461632            2         195.366     21846528     10923264
     5461632            4         389.749     43693056     21846528
     5461632            8         782.956     87386112     43693056
     6007744            1         130.973     12015488      6007744
     6007744            2         214.855     24030976     12015488
     6007744            4         428.797     48061952     24030976
     6007744            8         854.293     96123904     48061952
     6608512            1         143.472     13217024      6608512
     6608512            2         237.219     26434048     13217024
     6608512            4         470.976     52868096     26434048
     6608512            8         943.060    105736192     52868096
     7269312            1         163.531     14538624      7269312
     7269312            2         260.544     29077248     14538624
     7269312            4         518.548     58154496     29077248
     7269312            8        1033.070    116308992     58154496
     7996224            1         175.424     15992448      7996224
     7996224            2         286.219     31984896     15992448
     7996224            4         569.704     63969792     31984896
     8795840            1         191.820     17591680      8795840
     8795840            2         314.712     35183360     17591680
     8795840            4         632.846     70366720     35183360
     9675392            1         212.399     19350784      9675392
     9675392            2         345.726     38701568     19350784
     9675392            4         688.723     77403136     38701568
    10642880            1         232.682     21285760     10642880
    10642880            2         379.677     42571520     21285760
    10642880            4         757.110     85143040     42571520
    11707136            1         255.297     23414272     11707136
    11707136            2         417.852     46828544     23414272
    11707136            4         839.803     93657088     46828544
    12877824            1         282.129     25755648     12877824
    12877824            2         460.503     51511296     25755648
    12877824            4         919.577    103022592     51511296
    14165568            1         311.742     28331136     14165568
    14165568            2         508.991     56662272     28331136
    14165568            4        1013.384    113324544     56662272
    15582080            1         351.550     31164160     15582080
    15582080            2         570.293     62328320     31164160
    15582080            4        1129.107    124656640     62328320
    17140288            1         379.285     34280576     17140288
    17140288            2         640.777     68561152     34280576
    18854272            1         430.040     37708544     18854272
    18854272            2         799.249     75417088     37708544
    20739648            1         521.662     41479296     20739648
    20739648            2        1063.100     82958592     41479296
    22813568            1         673.267     45627136     22813568
    22813568            2        1712.663     91254272     45627136
    25094912            1        1056.619     50189824     25094912
    25094912            2        2534.790    100379648     50189824
    27604352            1        1507.417     55208704     27604352
    27604352            2        3471.892    110417408     55208704
    30364736            1        1950.166     60729472     30364736
    30364736            2        4291.076    121458944     60729472
    33401152            1        2383.375     66802304     33401152
    36741248            1        2821.785     73482496     36741248
    40415360            1        3147.453     80830720     40415360
    44456896            1        3521.184     88913792     44456896
    48902528            1        3878.816     97805056     48902528
    53792768            1        4276.623    107585536     53792768
    59172032            1        4697.777    118344064     59172032

META_DATA
MPI_PROCS      1
OPENMP_THREADS 8
FLOPS          8
ERT_VERSION  1.0.0
TIMESTAMP_DATA  1594852876.17
HOSTNAME  ('apollo-PowerEdge-R430', [], ['127.0.1.1'])
UNAME  ('Linux', 'apollo-PowerEdge-R430', '4.19.129-0419129-generic', '#202006220433 SMP Mon Jun 22 09:12:54 UTC 2020', 'x86_64', 'x86_64')
CONFIG  {'ERT_WORKING_SET_MIN': ['1'], 'ERT_CFLAGS': ['-O3'], 'ERT_CC': ['gcc'], 'ERT_MPI_CFLAGS': [], 'ERT_MPI_LDFLAGS': [], 'ERT_MEMORY_MAX': ['62497788'], 'ERT_PROCS_THREADS': ['8'], 'ERT_LDFLAGS': [], 'ERT_LDLIBS': [], 'ERT_SPEC_GBYTES_DRAM': ['1.0'], 'ERT_RUN': ['export', 'KMP_AFFINITY=scatter;', 'export', 'OMP_NUM_THREADS=ERT_OPENMP_THREADS;', 'ERT_CODE'], 'ERT_FLOPS': ['1,2,4,8,16'], 'ERT_OPENMP_CFLAGS': ['-fopenmp'], 'ERT_SPEC_GFLOPS': ['1.0'], 'ERT_MPI': ['False'], 'ERT_TRIALS_MIN': ['1'], 'ERT_DRIVER': ['driver1'], 'ERT_RESULTS': ['Results.x86'], 'ERT_OPENMP': ['True'], 'ERT_MPI_PROCS': ['1'], 'ERT_KERNEL': ['kernel1'], 'ERT_OPENMP_THREADS': ['1-32'], 'ERT_LD': ['gcc'], 'ERT_NUM_EXPERIMENTS': ['6'], 'ERT_OPENMP_LDFLAGS': ['-fopenmp'], 'ERT_ALIGN': ['32'], 'ERT_GNUPLOT': ['gnuplot']}
