          64            1           1.511          128           64
          64            2           0.781          256          128
          64            4           0.769          512          256
          64            8           0.789         1024          512
          64           16           0.879         2048         1024
          64           32           1.094         4096         2048
          64           64          10.823         8192         4096
          64          128           2.360        16384         8192
          64          256           4.156        32768        16384
          64          512           7.050        65536        32768
          64         1024          14.344       131072        65536
          64         2048          29.036       262144       131072
          64         4096          58.252       524288       262144
          64         8192         116.862      1048576       524288
          64        16384         234.031      2097152      1048576
          64        32768         468.352      4194304      2097152
          64        65536         936.970      8388608      4194304
          64       131072        1874.370     16777216      8388608
          64       262144        3753.261     33554432     16777216
          64       524288        7253.616     67108864     33554432
         128            1           0.749          256          128
         128            2           0.769          512          256
         128            4           0.901         1024          512
         128            8           0.810         2048         1024
         128           16           0.931         4096         2048
         128           32           1.257         8192         4096
         128           64           1.531        16384         8192
         128          128           2.386        32768        16384
         128          256           4.037        65536        32768
         128          512           7.394       131072        65536
         128         1024          14.286       262144       131072
         128         2048          27.452       524288       262144
         128         4096          54.184      1048576       524288
         128         8192         107.685      2097152      1048576
         128        16384         214.648      4194304      2097152
         128        32768         428.718      8388608      4194304
         128        65536         864.532     16777216      8388608
         128       131072        1712.327     33554432     16777216
         128       262144        3431.536     67108864     33554432
         192            1           0.784          384          192
         192            2           0.793          768          384
         192            4           0.833         1536          768
         192            8           0.808         3072         1536
         192           16           0.957         6144         3072
         192           32           1.113        12288         6144
         192           64           1.535        24576        12288
         192          128           2.481        49152        24576
         192          256           4.039        98304        49152
         192          512           7.381       196608        98304
         192         1024          14.090       393216       196608
         192         2048          27.440       786432       393216
         192         4096          54.182      1572864       786432
         192         8192         107.670      3145728      1572864
         192        16384         214.650      6291456      3145728
         192        32768         428.597     12582912      6291456
         192        65536         856.508     25165824     12582912
         192       131072        1719.329     50331648     25165824
         192       262144        3430.307    100663296     50331648
         256            1           0.934          512          256
         256            2           0.756         1024          512
         256            4           0.760         2048         1024
         256            8           0.821         4096         2048
         256           16           0.914         8192         4096
         256           32           1.120        16384         8192
         256           64           1.536        32768        16384
         256          128           2.367        65536        32768
         256          256           4.029       131072        65536
         256          512           7.388       262144       131072
         256         1024          14.059       524288       262144
         256         2048          27.438      1048576       524288
         256         4096          54.183      2097152      1048576
         256         8192         107.662      4194304      2097152
         256        16384         214.678      8388608      4194304
         256        32768         428.629     16777216      8388608
         256        65536         856.515     33554432     16777216
         256       131072        1717.296     67108864     33554432
         320            1           0.752          640          320
         320            2           0.778         1280          640
         320            4           0.897         2560         1280
         320            8           0.812         5120         2560
         320           16           1.027        10240         5120
         320           32           1.135        20480        10240
         320           64           1.536        40960        20480
         320          128           2.386        81920        40960
         320          256           4.070       163840        81920
         320          512           7.389       327680       163840
         320         1024          14.102       655360       327680
         320         2048          27.479      1310720       655360
         320         4096          54.310      2621440      1310720
         320         8192         107.778      5242880      2621440
         320        16384         214.769     10485760      5242880
         320        32768         428.794     20971520     10485760
         320        65536         856.707     41943040     20971520
         320       131072        1712.429     83886080     41943040
         384            1           0.751          768          384
         384            2           0.785         1536          768
         384            4           0.794         3072         1536
         384            8           0.828         6144         3072
         384           16           0.939        12288         6144
         384           32           1.129        24576        12288
         384           64           1.549        49152        24576
         384          128           2.380        98304        49152
         384          256           4.051       196608        98304
         384          512           7.401       393216       196608
         384         1024          14.079       786432       393216
         384         2048          27.459      1572864       786432
         384         4096          54.203      3145728      1572864
         384         8192         107.686      6291456      3145728
         384        16384         219.737     12582912      6291456
         384        32768         428.634     25165824     12582912
         384        65536         856.516     50331648     25165824
         384       131072        1712.341    100663296     50331648
         448            1           0.875          896          448
         448            2           0.771         1792          896
         448            4           0.804         3584         1792
         448            8           0.829         7168         3584
         448           16           0.920        14336         7168
         448           32           1.131        28672        14336
         448           64           1.553        57344        28672
         448          128           2.397       114688        57344
         448          256           4.066       229376       114688
         448          512           7.497       458752       229376
         448         1024          14.207       917504       458752
         448         2048          28.017      1835008       917504
         448         4096          54.812      3670016      1835008
         448         8192         108.041      7340032      3670016
         448        16384         216.863     14680064      7340032
         448        32768         440.203     29360128     14680064
         448        65536         863.955     58720256     29360128
         448       131072        1728.438    117440512     58720256
         512            1           0.758         1024          512
         512            2           0.788         2048         1024
         512            4           0.810         4096         2048
         512            8           0.823         8192         4096
         512           16           0.921        16384         8192
         512           32           1.145        32768        16384
         512           64           1.559        65536        32768
         512          128           2.397       131072        65536
         512          256           4.062       262144       131072
         512          512           7.432       524288       262144
         512         1024          14.102      1048576       524288
         512         2048          27.589      2097152      1048576
         512         4096          54.833      4194304      2097152
         512         8192         107.897      8388608      4194304
         512        16384         216.429     16777216      8388608
         512        32768         432.240     33554432     16777216
         512        65536         870.377     67108864     33554432
         576            1           0.757         1152          576
         576            2           0.808         2304         1152
         576            4           0.794         4608         2304
         576            8           0.824         9216         4608
         576           16           0.929        18432         9216
         576           32           1.150        36864        18432
         576           64           1.576        73728        36864
         576          128           2.413       147456        73728
         576          256           4.103       294912       147456
         576          512           7.494       589824       294912
         576         1024          14.279      1179648       589824
         576         2048          27.914      2359296      1179648
         576         4096          54.960      4718592      2359296
         576         8192         109.158      9437184      4718592
         576        16384         217.590     18874368      9437184
         576        32768         433.930     37748736     18874368
         576        65536         867.421     75497472     37748736
         640            1           0.792         1280          640
         640            2           0.770         2560         1280
         640            4           0.786         5120         2560
         640            8           0.835        10240         5120
         640           16           0.932        20480        10240
         640           32           1.150        40960        20480
         640           64           1.569        81920        40960
         640          128           2.430       163840        81920
         640          256           4.096       327680       163840
         640          512           7.523       655360       327680
         640         1024          14.209      1310720       655360
         640         2048          27.688      2621440      1310720
         640         4096          54.755      5242880      2621440
         640         8192         108.134     10485760      5242880
         640        16384         215.448     20971520     10485760
         640        32768         429.576     41943040     20971520
         640        65536         857.787     83886080     41943040
         704            1           0.774         1408          704
         704            2           0.779         2816         1408
         704            4           0.783         5632         2816
         704            8           0.851        11264         5632
         704           16           1.082        22528        11264
         704           32           1.173        45056        22528
         704           64           1.740        90112        45056
         704          128           2.685       180224        90112
         704          256           4.327       360448       180224
         704          512           7.959       720896       360448
         704         1024          15.156      1441792       720896
         704         2048          36.543      2883584      1441792
         704         4096          58.497      5767168      2883584
         704         8192         116.131     11534336      5767168
         704        16384         231.445     23068672     11534336
         704        32768         462.039     46137344     23068672
         704        65536         923.340     92274688     46137344
         768            1           0.762         1536          768
         768            2           0.772         3072         1536
         768            4           0.817         6144         3072
         768            8           0.841        12288         6144
         768           16           0.956        24576        12288
         768           32           1.187        49152        24576
         768           64           1.615        98304        49152
         768          128           2.530       196608        98304
         768          256           4.325       393216       196608
         768          512           7.924       786432       393216
         768         1024          15.219      1572864       786432
         768         2048          29.597      3145728      1572864
         768         4096          58.342      6291456      3145728
         768         8192         115.857     12582912      6291456
         768        16384         230.835     25165824     12582912
         768        32768         460.841     50331648     25165824
         768        65536         920.828    100663296     50331648
         832            1           0.742         1664          832
         832            2           0.780         3328         1664
         832            4           0.822         6656         3328
         832            8           0.851        13312         6656
         832           16           0.970        26624        13312
         832           32           1.198        53248        26624
         832           64           1.680       106496        53248
         832          128           2.598       212992       106496
         832          256           4.491       425984       212992
         832          512           8.205       851968       425984
         832         1024          15.771      1703936       851968
         832         2048          30.863      3407872      1703936
         832         4096          60.869      6815744      3407872
         832         8192         120.946     13631488      6815744
         832        16384         243.683     27262976     13631488
         832        32768         481.256     54525952     27262976
         832        65536         961.118    109051904     54525952
         896            1           0.761         1792          896
         896            2           0.788         3584         1792
         896            4           0.924         7168         3584
         896            8           0.868        14336         7168
         896           16           0.969        28672        14336
         896           32           1.233        57344        28672
         896           64           1.875       114688        57344
         896          128           2.610       229376       114688
         896          256           4.611       458752       229376
         896          512           8.253       917504       458752
         896         1024          15.762      1835008       917504
         896         2048          30.869      3670016      1835008
         896         4096          60.951      7340032      3670016
         896         8192         120.924     14680064      7340032
         896        16384         241.165     29360128     14680064
         896        32768         481.558     58720256     29360128
         896        65536         962.076    117440512     58720256
         960            1           0.826         1920          960
         960            2           0.797         3840         1920
         960            4           0.812         7680         3840
         960            8           0.951        15360         7680
         960           16           1.120        30720        15360
         960           32           1.369        61440        30720
         960           64           1.882       122880        61440
         960          128           2.926       245760       122880
         960          256           4.838       491520       245760
         960          512           8.961       983040       491520
         960         1024          17.381      1966080       983040
         960         2048          33.760      3932160      1966080
         960         4096          66.715      7864320      3932160
         960         8192         132.742     15728640      7864320
         960        16384         270.729     31457280     15728640
         960        32768         527.204     62914560     31457280
        1024            1           0.918         2048         1024
        1024            2           0.773         4096         2048
        1024            4           0.931         8192         4096
        1024            8           1.027        16384         8192
        1024           16           1.001        32768        16384
        1024           32           1.261        65536        32768
        1024           64           1.794       131072        65536
        1024          128           2.889       262144       131072
        1024          256           4.857       524288       262144
        1024          512           8.992      1048576       524288
        1024         1024          17.297      2097152      1048576
        1024         2048          33.846      4194304      2097152
        1024         4096          66.820      8388608      4194304
        1024         8192         132.531     16777216      8388608
        1024        16384         264.227     33554432     16777216
        1024        32768         527.489     67108864     33554432
        1088            1           0.751         2176         1088
        1088            2           0.774         4352         2176
        1088            4           0.837         8704         4352
        1088            8           0.977        17408         8704
        1088           16           1.034        34816        17408
        1088           32           1.297        69632        34816
        1088           64           2.005       139264        69632
        1088          128           3.012       278528       139264
        1088          256           5.310       557056       278528
        1088          512           9.910      1114112       557056
        1088         1024          19.182      2228224      1114112
        1088         2048          37.640      4456448      2228224
        1088         4096          74.219      8912896      4456448
        1088         8192         147.404     17825792      8912896
        1088        16384         293.915     35651584     17825792
        1088        32768         586.740     71303168     35651584
        1152            1           0.758         2304         1152
        1152            2           0.794         4608         2304
        1152            4           0.831         9216         4608
        1152            8           0.888        18432         9216
        1152           16           1.021        36864        18432
        1152           32           1.465        73728        36864
        1152           64           2.022       147456        73728
        1152          128           3.043       294912       147456
        1152          256           5.502       589824       294912
        1152          512          10.012      1179648       589824
        1152         1024          19.294      2359296      1179648
        1152         2048          37.913      4718592      2359296
        1152         4096          74.948      9437184      4718592
        1152         8192         149.066     18874368      9437184
        1152        16384         297.379     37748736     18874368
        1152        32768         597.477     75497472     37748736
        1216            1           0.755         2432         1216
        1216            2           0.791         4864         2432
        1216            4           0.839         9728         4864
        1216            8           0.902        19456         9728
        1216           16           1.064        38912        19456
        1216           32           1.370        77824        38912
        1216           64           2.013       155648        77824
        1216          128           3.274       311296       155648
        1216          256           5.829       622592       311296
        1216          512          10.927      1245184       622592
        1216         1024          21.126      2490368      1245184
        1216         2048          41.605      4980736      2490368
        1216         4096          82.360      9961472      4980736
        1216         8192         163.917     19922944      9961472
        1216        16384         327.086     39845888     19922944
        1216        32768         653.321     79691776     39845888
        1280            1           0.755         2560         1280
        1280            2           0.782         5120         2560
        1280            4           0.824        10240         5120
        1280            8           0.891        20480        10240
        1280           16           1.048        40960        20480
        1280           32           1.369        81920        40960
        1280           64           2.000       163840        81920
        1280          128           3.284       327680       163840
        1280          256           5.848       655360       327680
        1280          512          10.933      1310720       655360
        1280         1024          21.225      2621440      1310720
        1280         2048          41.590      5242880      2621440
        1280         4096          82.398     10485760      5242880
        1280         8192         163.935     20971520     10485760
        1280        16384         327.002     41943040     20971520
        1280        32768         653.070     83886080     41943040
        1408            1           0.750         2816         1408
        1408            2           0.794         5632         2816
        1408            4           0.836        11264         5632
        1408            8           0.908        22528        11264
        1408           16           1.087        45056        22528
        1408           32           1.428        90112        45056
        1408           64           2.132       180224        90112
        1408          128           3.556       360448       180224
        1408          256           6.375       720896       360448
        1408          512          11.991      1441792       720896
        1408         1024          23.373      2883584      1441792
        1408         2048          45.923      5767168      2883584
        1408         4096          90.935     11534336      5767168
        1408         8192         180.981     23068672     11534336
        1408        16384         361.039     46137344     23068672
        1408        32768         736.425     92274688     46137344
        1536            1           0.748         3072         1536
        1536            2           0.791         6144         3072
        1536            4           0.946        12288         6144
        1536            8           0.961        24576        12288
        1536           16           1.113        49152        24576
        1536           32           1.653        98304        49152
        1536           64           2.247       196608        98304
        1536          128           3.809       393216       196608
        1536          256           6.820       786432       393216
        1536          512          12.902      1572864       786432
        1536         1024          25.178      3145728      1572864
        1536         2048          49.511      6291456      3145728
        1536         4096          98.198     12582912      6291456
        1536         8192         195.427     25165824     12582912
        1536        16384         390.086     50331648     25165824
        1536        32768         779.253    100663296     50331648
        1664            1           0.761         3328         1664
        1664            2           0.799         6656         3328
        1664            4           0.858        13312         6656
        1664            8           0.949        26624        13312
        1664           16           1.153        53248        26624
        1664           32           1.566       106496        53248
        1664           64           2.377       212992       106496
        1664          128           4.040       425984       212992
        1664          256           7.369       851968       425984
        1664          512          13.989      1703936       851968
        1664         1024          27.360      3407872      1703936
        1664         2048          53.848      6815744      3407872
        1664         4096         106.813     13631488      6815744
        1664         8192         212.762     27262976     13631488
        1664        16384         424.715     54525952     27262976
        1664        32768         848.499    109051904     54525952
        1792            1           0.773         3584         1792
        1792            2           0.802         7168         3584
        1792            4           0.875        14336         7168
        1792            8           0.973        28672        14336
        1792           16           1.186        57344        28672
        1792           32           1.617       114688        57344
        1792           64           2.513       229376       114688
        1792          128           4.275       458752       229376
        1792          256           7.819       917504       458752
        1792          512          14.894      1835008       917504
        1792         1024          29.147      3670016      1835008
        1792         2048          57.458      7340032      3670016
        1792         4096         118.081     14680064      7340032
        1792         8192         227.227     29360128     14680064
        1792        16384         453.721     58720256     29360128
        1792        32768         906.474    117440512     58720256
        1920            1           0.783         3840         1920
        1920            2           0.828         7680         3840
        1920            4           0.864        15360         7680
        1920            8           0.980        30720        15360
        1920           16           1.219        61440        30720
        1920           32           1.781       122880        61440
        1920           64           2.645       245760       122880
        1920          128           4.551       491520       245760
        1920          256           8.365       983040       491520
        1920          512          15.984      1966080       983040
        1920         1024          31.356      3932160      1966080
        1920         2048          61.853      7864320      3932160
        1920         4096         122.930     15728640      7864320
        1920         8192         244.805     31457280     15728640
        1920        16384         488.639     62914560     31457280
        2112            1           0.798         4224         2112
        2112            2           0.845         8448         4224
        2112            4           0.920        16896         8448
        2112            8           1.160        33792        16896
        2112           16           1.278        67584        33792
        2112           32           1.872       135168        67584
        2112           64           2.859       270336       135168
        2112          128           5.046       540672       270336
        2112          256           9.285      1081344       540672
        2112          512          17.958      2162688      1081344
        2112         1024          35.094      4325376      2162688
        2112         2048          69.267      8650752      4325376
        2112         4096         137.568     17301504      8650752
        2112         8192         274.554     34603008     17301504
        2112        16384         548.113     69206016     34603008
        2304            1           0.783         4608         2304
        2304            2           0.835         9216         4608
        2304            4           1.072        18432         9216
        2304            8           1.183        36864        18432
        2304           16           1.402        73728        36864
        2304           32           2.018       147456        73728
        2304           64           2.986       294912       147456
        2304          128           5.412       589824       294912
        2304          256           9.910      1179648       589824
        2304          512          18.972      2359296      1179648
        2304         1024          37.157      4718592      2359296
        2304         2048          73.315      9437184      4718592
        2304         4096         152.819     18874368      9437184
        2304         8192         290.761     37748736     18874368
        2304        16384         580.830     75497472     37748736
        2496            1           0.798         4992         2496
        2496            2           0.971         9984         4992
        2496            4           0.989        19968         9984
        2496            8           1.089        39936        19968
        2496           16           1.516        79872        39936
        2496           32           2.019       159744        79872
        2496           64           3.266       319488       159744
        2496          128           5.777       638976       319488
        2496          256          10.802      1277952       638976
        2496          512          21.001      2555904      1277952
        2496         1024          41.099      5111808      2555904
        2496         2048          81.484     10223616      5111808
        2496         4096         161.907     20447232     10223616
        2496         8192         323.094     40894464     20447232
        2496        16384         645.254     81788928     40894464
        2688            1           0.788         5376         2688
        2688            2           0.852        10752         5376
        2688            4           0.921        21504        10752
        2688            8           1.077        43008        21504
        2688           16           1.499        86016        43008
        2688           32           2.044       172032        86016
        2688           64           3.383       344064       172032
        2688          128           6.046       688128       344064
        2688          256          11.502      1376256       688128
        2688          512          21.972      2752512      1376256
        2688         1024          43.298      5505024      2752512
        2688         2048          85.755     11010048      5505024
        2688         4096         170.679     22020096     11010048
        2688         8192         340.380     44040192     22020096
        2688        16384         679.998     88080384     44040192
        2944            1           0.778         5888         2944
        2944            2           0.955        11776         5888
        2944            4           1.081        23552        11776
        2944            8           1.107        47104        23552
        2944           16           1.491        94208        47104
        2944           32           2.177       188416        94208
        2944           64           3.641       376832       188416
        2944          128           6.546       753664       376832
        2944          256          12.370      1507328       753664
        2944          512          24.066      3014656      1507328
        2944         1024          47.298      6029312      3014656
        2944         2048          93.897     12058624      6029312
        2944         4096         189.914     24117248     12058624
        2944         8192         372.467     48234496     24117248
        2944        16384         744.002     96468992     48234496
        3200            1           0.810         6400         3200
        3200            2           0.855        12800         6400
        3200            4           0.962        25600        12800
        3200            8           1.157        51200        25600
        3200           16           1.522       102400        51200
        3200           32           2.307       204800       102400
        3200           64           3.873       409600       204800
        3200          128           7.144       819200       409600
        3200          256          13.337      1638400       819200
        3200          512          26.147      3276800      1638400
        3200         1024          51.357      6553600      3276800
        3200         2048         101.744     13107200      6553600
        3200         4096         202.493     26214400     13107200
        3200         8192         404.446     52428800     26214400
        3200        16384         807.628    104857600     52428800
        3520            1           0.828         7040         3520
        3520            2           0.874        14080         7040
        3520            4           1.082        28160        14080
        3520            8           1.183        56320        28160
        3520           16           1.622       112640        56320
        3520           32           2.618       225280       112640
        3520           64           4.235       450560       225280
        3520          128           7.897       901120       450560
        3520          256          14.780      1802240       901120
        3520          512          28.909      3604480      1802240
        3520         1024          56.976      7208960      3604480
        3520         2048         113.084     14417920      7208960
        3520         4096         225.578     28835840     14417920
        3520         8192         450.316     57671680     28835840
        3520        16384         905.110    115343360     57671680
        3840            1           0.800         7680         3840
        3840            2           0.871        15360         7680
        3840            4           0.991        30720        15360
        3840            8           1.201        61440        30720
        3840           16           1.664       122880        61440
        3840           32           2.607       245760       122880
        3840           64           4.479       491520       245760
        3840          128           8.263       983040       491520
        3840          256          15.895      1966080       983040
        3840          512          30.912      3932160      1966080
        3840         1024          61.004      7864320      3932160
        3840         2048         121.054     15728640      7864320
        3840         4096         241.327     31457280     15728640
        3840         8192         481.795     62914560     31457280
        4224            1           0.837         8448         4224
        4224            2           0.914        16896         8448
        4224            4           1.197        33792        16896
        4224            8           1.466        67584        33792
        4224           16           1.872       135168        67584
        4224           32           3.037       270336       135168
        4224           64           5.271       540672       270336
        4224          128           9.979      1081344       540672
        4224          256          18.918      2162688      1081344
        4224          512          37.310      4325376      2162688
        4224         1024          73.655      8650752      4325376
        4224         2048         146.470     17301504      8650752
        4224         4096         292.076     34603008     17301504
        4224         8192         583.333     69206016     34603008
        4608            1           0.825         9216         4608
        4608            2           0.895        18432         9216
        4608            4           1.040        36864        18432
        4608            8           1.304        73728        36864
        4608           16           1.855       147456        73728
        4608           32           3.005       294912       147456
        4608           64           5.235       589824       294912
        4608          128           9.737      1179648       589824
        4608          256          18.802      2359296      1179648
        4608          512          36.985      4718592      2359296
        4608         1024          72.925      9437184      4718592
        4608         2048         145.040     18874368      9437184
        4608         4096         289.191     37748736     18874368
        4608         8192         588.460     75497472     37748736
        5056            1           0.821        10112         5056
        5056            2           0.920        20224        10112
        5056            4           1.072        40448        20224
        5056            8           1.407        80896        40448
        5056           16           2.071       161792        80896
        5056           32           3.235       323584       161792
        5056           64           5.992       647168       323584
        5056          128          10.749      1294336       647168
        5056          256          21.682      2588672      1294336
        5056          512          43.822      5177344      2588672
        5056         1024          87.602     10354688      5177344
        5056         2048         175.386     20709376     10354688
        5056         4096         351.021     41418752     20709376
        5056         8192         702.276     82837504     41418752
        5504            1           0.845        11008         5504
        5504            2           0.931        22016        11008
        5504            4           1.118        44032        22016
        5504            8           1.476        88064        44032
        5504           16           2.197       176128        88064
        5504           32           3.722       352256       176128
        5504           64           6.542       704512       352256
        5504          128          12.391      1409024       704512
        5504          256          24.022      2818048      1409024
        5504          512          47.168      5636096      2818048
        5504         1024          93.624     11272192      5636096
        5504         2048         186.060     22544384     11272192
        5504         4096         371.211     45088768     22544384
        5504         8192         741.558     90177536     45088768
        6016            1           0.829        12032         6016
        6016            2           0.923        24064        12032
        6016            4           1.199        48128        24064
        6016            8           1.523        96256        48128
        6016           16           2.358       192512        96256
        6016           32           3.903       385024       192512
        6016           64           7.057       770048       385024
        6016          128          13.594      1540096       770048
        6016          256          26.224      3080192      1540096
        6016          512          51.617      6160384      3080192
        6016         1024         102.381     12320768      6160384
        6016         2048         203.917     24641536     12320768
        6016         4096         406.969     49283072     24641536
        6016         8192         832.449     98566144     49283072
        6592            1           0.887        13184         6592
        6592            2           1.110        26368        13184
        6592            4           1.170        52736        26368
        6592            8           1.596       105472        52736
        6592           16           2.589       210944       105472
        6592           32           4.240       421888       210944
        6592           64           7.653       843776       421888
        6592          128          14.582      1687552       843776
        6592          256          28.517      3375104      1687552
        6592          512          56.187      6750208      3375104
        6592         1024         111.206     13500416      6750208
        6592         2048         222.723     27000832     13500416
        6592         4096         445.569     54001664     27000832
        6592         8192         891.238    108003328     54001664
        7232            1           0.857        14464         7232
        7232            2           0.988        28928        14464
        7232            4           1.201        57856        28928
        7232            8           1.681       115712        57856
        7232           16           2.641       231424       115712
        7232           32           4.486       462848       231424
        7232           64           8.387       925696       462848
        7232          128          15.774      1851392       925696
        7232          256          30.895      3702784      1851392
        7232          512          60.483      7405568      3702784
        7232         1024         123.253     14811136      7405568
        7232         2048         245.094     29622272     14811136
        7232         4096         490.552     59244544     29622272
        7232         8192        1006.766    118489088     59244544
        7936            1           0.864        15872         7936
        7936            2           1.003        31744        15872
        7936            4           1.265        63488        31744
        7936            8           1.755       126976        63488
        7936           16           2.806       253952       126976
        7936           32          11.620       507904       253952
        7936           64           9.125      1015808       507904
        7936          128          17.223      2031616      1015808
        7936          256          33.801      4063232      2031616
        7936          512          66.744      8126464      4063232
        7936         1024         132.626     16252928      8126464
        7936         2048         264.412     32505856     16252928
        7936         4096         527.959     65011712     32505856
        8704            1           0.874        17408         8704
        8704            2           1.004        34816        17408
        8704            4           1.295        69632        34816
        8704            8           1.860       139264        69632
        8704           16           2.969       278528       139264
        8704           32           5.236       557056       278528
        8704           64           9.729      1114112       557056
        8704          128          18.766      2228224      1114112
        8704          256          36.918      4456448      2228224
        8704          512          72.983      8912896      4456448
        8704         1024         145.074     17825792      8912896
        8704         2048         289.296     35651584     17825792
        8704         4096         577.763     71303168     35651584
        9536            1           0.912        19072         9536
        9536            2           1.053        38144        19072
        9536            4           1.373        76288        38144
        9536            8           1.968       152576        76288
        9536           16           3.186       305152       152576
        9536           32           5.664       610304       305152
        9536           64          10.542      1220608       610304
        9536          128          20.290      2441216      1220608
        9536          256          40.201      4882432      2441216
        9536          512          79.725      9764864      4882432
        9536         1024         158.531     19529728      9764864
        9536         2048         315.396     39059456     19529728
        9536         4096         638.124     78118912     39059456
       10432            1           0.923        20864        10432
       10432            2           1.061        41728        20864
       10432            4           1.397        83456        41728
       10432            8           2.063       166912        83456
       10432           16           3.397       333824       166912
       10432           32           6.055       667648       333824
       10432           64          11.433      1335296       667648
       10432          128          22.027      2670592      1335296
       10432          256          43.636      5341184      2670592
       10432          512          87.641     10682368      5341184
       10432         1024         173.328     21364736     10682368
       10432         2048         343.728     42729472     21364736
       10432         4096         688.641     85458944     42729472
       11456            1           0.915        22912        11456
       11456            2           1.125        45824        22912
       11456            4           1.467        91648        45824
       11456            8           2.207       183296        91648
       11456           16           3.654       366592       183296
       11456           32           6.621       733184       366592
       11456           64          12.633      1466368       733184
       11456          128          24.221      2932736      1466368
       11456          256          48.014      5865472      2932736
       11456          512          94.571     11730944      5865472
       11456         1024         188.788     23461888     11730944
       11456         2048         377.741     46923776     23461888
       11456         4096         755.798     93847552     46923776
       12544            1           0.968        25088        12544
       12544            2           1.138        50176        25088
       12544            4           1.597       100352        50176
       12544            8           2.345       200704       100352
       12544           16           3.936       401408       200704
       12544           32           7.139       802816       401408
       12544           64          13.562      1605632       802816
       12544          128          26.319      3211264      1605632
       12544          256          51.843      6422528      3211264
       12544          512         103.038     12845056      6422528
       12544         1024         205.239     25690112     12845056
       12544         2048         409.812     51380224     25690112
       12544         4096         824.158    102760448     51380224
       13760            1           0.977        27520        13760
       13760            2           1.169        55040        27520
       13760            4           1.617       110080        55040
       13760            8           2.482       220160       110080
       13760           16           4.256       440320       220160
       13760           32           7.683       880640       440320
       13760           64          14.659      1761280       880640
       13760          128          28.731      3522560      1761280
       13760          256          56.982      7045120      3522560
       13760          512         112.061     14090240      7045120
       13760         1024         224.390     28180480     14090240
       13760         2048         446.064     56360960     28180480
       13760         4096         896.775    112721920     56360960
       15104            1           1.117        30208        15104
       15104            2           1.238        60416        30208
       15104            4           1.716       120832        60416
       15104            8           2.760       241664       120832
       15104           16           4.562       483328       241664
       15104           32           8.372       966656       483328
       15104           64          16.003      1933312       966656
       15104          128          31.393      3866624      1933312
       15104          256          62.055      7733248      3866624
       15104          512         123.146     15466496      7733248
       15104         1024         245.453     30932992     15466496
       15104         2048         489.966     61865984     30932992
       15104         4096         981.775    123731968     61865984
       16576            1           1.088        33152        16576
       16576            2           1.246        66304        33152
       16576            4           1.799       132608        66304
       16576            8           2.799       265216       132608
       16576           16           4.913       530432       265216
       16576           32           9.087      1060864       530432
       16576           64          17.445      2121728      1060864
       16576          128          34.291      4243456      2121728
       16576          256          67.547      8486912      4243456
       16576          512         134.450     16973824      8486912
       16576         1024         269.381     33947648     16973824
       16576         2048         534.052     67895296     33947648
       18176            1           1.086        36352        18176
       18176            2           1.315        72704        36352
       18176            4           1.885       145408        72704
       18176            8           3.140       290816       145408
       18176           16           5.316       581632       290816
       18176           32          10.019      1163264       581632
       18176           64          19.050      2326528      1163264
       18176          128          37.419      4653056      2326528
       18176          256          74.171      9306112      4653056
       18176          512         147.532     18612224      9306112
       18176         1024         294.193     37224448     18612224
       18176         2048         587.594     74448896     37224448
       19968            1           1.124        39936        19968
       19968            2           1.365        79872        39936
       19968            4           2.079       159744        79872
       19968            8           3.217       319488       159744
       19968           16           5.730       638976       319488
       19968           32          10.775      1277952       638976
       19968           64          20.752      2555904      1277952
       19968          128          40.862      5111808      2555904
       19968          256          80.926     10223616      5111808
       19968          512         161.249     20447232     10223616
       19968         1024         321.607     40894464     20447232
       19968         2048         651.835     81788928     40894464
       21952            1           1.166        43904        21952
       21952            2           1.526        87808        43904
       21952            4           2.121       175616        87808
       21952            8           3.503       351232       175616
       21952           16           6.209       702464       351232
       21952           32          11.693      1404928       702464
       21952           64          22.574      2809856      1404928
       21952          128          44.416      5619712      2809856
       21952          256          88.105     11239424      5619712
       21952          512         175.936     22478848     11239424
       21952         1024         351.757     44957696     22478848
       21952         2048         701.607     89915392     44957696
       24128            1           1.123        48256        24128
       24128            2           1.476        96512        48256
       24128            4           2.234       193024        96512
       24128            8           3.745       386048       193024
       24128           16           6.725       772096       386048
       24128           32          12.822      1544192       772096
       24128           64          24.662      3088384      1544192
       24128          128          49.302      6176768      3088384
       24128          256          97.066     12353536      6176768
       24128          512         195.460     24707072     12353536
       24128         1024         390.048     49414144     24707072
       24128         2048         770.464     98828288     49414144
       26496            1           1.162        52992        26496
       26496            2           1.559       105984        52992
       26496            4           2.392       211968       105984
       26496            8           4.036       423936       211968
       26496           16           7.321       847872       423936
       26496           32          13.920      1695744       847872
       26496           64          27.103      3391488      1695744
       26496          128          53.488      6782976      3391488
       26496          256         106.297     13565952      6782976
       26496          512         211.733     27131904     13565952
       26496         1024         426.054     54263808     27131904
       26496         2048         844.465    108527616     54263808
       29120            1           1.220        58240        29120
       29120            2           1.630       116480        58240
       29120            4           2.573       232960       116480
       29120            8           4.338       465920       232960
       29120           16           7.958       931840       465920
       29120           32          15.099      1863680       931840
       29120           64          29.583      3727360      1863680
       29120          128          58.406      7454720      3727360
       29120          256         116.079     14909440      7454720
       29120          512         231.520     29818880     14909440
       29120         1024         461.712     59637760     29818880
       29120         2048         924.592    119275520     59637760
       32000            1           1.240        64000        32000
       32000            2           1.875       128000        64000
       32000            4           2.749       256000       128000
       32000            8           4.845       512000       256000
       32000           16           8.687      1024000       512000
       32000           32          16.588      2048000      1024000
       32000           64          32.465      4096000      2048000
       32000          128          64.157      8192000      4096000
       32000          256         127.793     16384000      8192000
       32000          512         254.703     32768000     16384000
       32000         1024         508.726     65536000     32768000
       35200            1           1.513        70400        35200
       35200            2           1.839       140800        70400
       35200            4           2.952       281600       140800
       35200            8           5.125       563200       281600
       35200           16           9.452      1126400       563200
       35200           32          18.158      2252800      1126400
       35200           64          35.530      4505600      2252800
       35200          128          72.937      9011200      4505600
       35200          256         139.791     18022400      9011200
       35200          512         279.031     36044800     18022400
       35200         1024         556.905     72089600     36044800
       38720            1           1.559        77440        38720
       38720            2           1.926       154880        77440
       38720            4           3.136       309760       154880
       38720            8           5.522       619520       309760
       38720           16          10.449      1239040       619520
       38720           32          19.766      2478080      1239040
       38720           64          39.008      4956160      2478080
       38720          128          77.220      9912320      4956160
       38720          256         152.574     19824640      9912320
       38720          512         305.244     39649280     19824640
       38720         1024         610.640     79298560     39649280
       42560            1           1.477        85120        42560
       42560            2           2.043       170240        85120
       42560            4           3.341       340480       170240
       42560            8           5.950       680960       340480
       42560           16          11.268      1361920       680960
       42560           32          21.754      2723840      1361920
       42560           64          42.522      5447680      2723840
       42560          128          83.322     10895360      5447680
       42560          256         166.556     21790720     10895360
       42560          512         337.941     43581440     21790720
       42560         1024         674.719     87162880     43581440
       46784            1           1.506        93568        46784
       46784            2           2.159       187136        93568
       46784            4           3.694       374272       187136
       46784            8           6.525       748544       374272
       46784           16          12.313      1497088       748544
       46784           32          23.781      2994176      1497088
       46784           64          46.634      5988352      2994176
       46784          128          92.284     11976704      5988352
       46784          256         195.630     23953408     11976704
       46784          512         368.450     47906816     23953408
       46784         1024         737.087     95813632     47906816
       51456            1           1.533       102912        51456
       51456            2           2.410       205824       102912
       51456            4           3.919       411648       205824
       51456            8           7.166       823296       411648
       51456           16          13.374      1646592       823296
       51456           32          26.029      3293184      1646592
       51456           64          51.432      6586368      3293184
       51456          128         101.877     13172736      6586368
       51456          256         202.975     26345472     13172736
       51456          512         405.196     52690944     26345472
       51456         1024         809.658    105381888     52690944
       56576            1           1.603       113152        56576
       56576            2           2.462       226304       113152
       56576            4           4.243       452608       226304
       56576            8           7.656       905216       452608
       56576           16          14.564      1810432       905216
       56576           32          28.425      3620864      1810432
       56576           64          56.125      7241728      3620864
       56576          128         111.528     14483456      7241728
       56576          256         222.431     28966912     14483456
       56576          512         443.714     57933824     28966912
       56576         1024         890.423    115867648     57933824
       62208            1           1.353       124416        62208
       62208            2           2.622       248832       124416
       62208            4           4.546       497664       248832
       62208            8           8.349       995328       497664
       62208           16          15.934      1990656       995328
       62208           32          31.209      3981312      1990656
       62208           64          61.806      7962624      3981312
       62208          128         122.836     15925248      7962624
       62208          256         244.935     31850496     15925248
       62208          512         489.284     63700992     31850496
       68416            1           2.033       136832        68416
       68416            2           2.855       273664       136832
       68416            4           4.951       547328       273664
       68416            8           9.103      1094656       547328
       68416           16          17.522      2189312      1094656
       68416           32          34.299      4378624      2189312
       68416           64          67.753      8757248      4378624
       68416          128         134.749     17514496      8757248
       68416          256         268.928     35028992     17514496
       68416          512         536.987     70057984     35028992
       75200            1           2.123       150400        75200
       75200            2           3.030       300800       150400
       75200            4           5.308       601600       300800
       75200            8           9.878      1203200       601600
       75200           16          19.068      2406400      1203200
       75200           32          37.472      4812800      2406400
       75200           64          74.441      9625600      4812800
       75200          128         147.611     19251200      9625600
       75200          256         294.808     38502400     19251200
       75200          512         590.315     77004800     38502400
       82688            1           2.014       165376        82688
       82688            2           3.271       330752       165376
       82688            4           5.764       661504       330752
       82688            8          10.801      1323008       661504
       82688           16          21.071      2646016      1323008
       82688           32          41.166      5292032      2646016
       82688           64          84.154     10584064      5292032
       82688          128         162.253     21168128     10584064
       82688          256         323.602     42336256     21168128
       82688          512         646.207     84672512     42336256
       90944            1           1.898       181888        90944
       90944            2           3.408       363776       181888
       90944            4           6.288       727552       363776
       90944            8          11.841      1455104       727552
       90944           16          22.933      2910208      1455104
       90944           32          45.031      5820416      2910208
       90944           64          89.304     11640832      5820416
       90944          128         177.971     23281664     11640832
       90944          256         355.213     46563328     23281664
       90944          512         710.965     93126656     46563328
      100032            1           2.192       200064       100032
      100032            2           3.748       400128       200064
      100032            4           6.803       800256       400128
      100032            8          12.886      1600512       800256
      100032           16          25.078      3201024      1600512
      100032           32          49.424      6402048      3201024
      100032           64          98.089     12804096      6402048
      100032          128         195.429     25608192     12804096
      100032          256         391.021     51216384     25608192
      100032          512         784.111    102432768     51216384
      110016            1           2.922       220032       110016
      110016            2           4.088       440064       220032
      110016            4           7.424       880128       440064
      110016            8          14.132      1760256       880128
      110016           16          27.500      3520512      1760256
      110016           32          54.226      7041024      3520512
      110016           64         107.698     14082048      7041024
      110016          128         214.940     28164096     14082048
      110016          256         429.725     56328192     28164096
      110016          512         855.503    112656384     56328192
      120960            1           2.374       241920       120960
      120960            2           4.424       483840       241920
      120960            4           8.104       967680       483840
      120960            8          15.444      1935360       967680
      120960           16          30.168      3870720      1935360
      120960           32          59.625      7741440      3870720
      120960           64         118.452     15482880      7741440
      120960          128         236.205     30965760     15482880
      120960          256         471.817     61931520     30965760
      120960          512         942.812    123863040     61931520
      133056            1           2.768       266112       133056
      133056            2           4.784       532224       266112
      133056            4           8.830      1064448       532224
      133056            8          16.938      2128896      1064448
      133056           16          33.085      4257792      2128896
      133056           32          68.126      8515584      4257792
      133056           64         129.911     17031168      8515584
      133056          128         259.615     34062336     17031168
      133056          256         518.258     68124672     34062336
      146304            1           3.062       292608       146304
      146304            2           5.213       585216       292608
      146304            4           9.824      1170432       585216
      146304            8          18.526      2340864      1170432
      146304           16          36.336      4681728      2340864
      146304           32          71.869      9363456      4681728
      146304           64         142.959     18726912      9363456
      146304          128         285.202     37453824     18726912
      146304          256         569.616     74907648     37453824
      160896            1           3.254       321792       160896
      160896            2           5.605       643584       321792
      160896            4          10.498      1287168       643584
      160896            8          20.299      2574336      1287168
      160896           16          39.849      5148672      2574336
      160896           32          78.840     10297344      5148672
      160896           64         157.132     20594688     10297344
      160896          128         313.455     41189376     20594688
      160896          256         626.350     82378752     41189376
      176960            1           3.604       353920       176960
      176960            2           6.130       707840       353920
      176960            4          11.499      1415680       707840
      176960            8          22.211      2831360      1415680
      176960           16          43.672      5662720      2831360
      176960           32          86.603     11325440      5662720
      176960           64         172.175     22650880     11325440
      176960          128         347.176     45301760     22650880
      176960          256         688.462     90603520     45301760
      194624            1           3.560       389248       194624
      194624            2           6.692       778496       389248
      194624            4          12.559      1556992       778496
      194624            8          24.668      3113984      1556992
      194624           16          47.991      6227968      3113984
      194624           32          95.204     12455936      6227968
      194624           64         190.105     24911872     12455936
      194624          128         377.854     49823744     24911872
      194624          256         756.546     99647488     49823744
      214080            1           4.241       428160       214080
      214080            2           7.383       856320       428160
      214080            4          13.799      1712640       856320
      214080            8          26.841      3425280      1712640
      214080           16          52.793      6850560      3425280
      214080           32         104.693     13701120      6850560
      214080           64         207.888     27402240     13701120
      214080          128         414.957     54804480     27402240
      214080          256         828.984    109608960     54804480
      235456            1           4.921       470912       235456
      235456            2           8.075       941824       470912
      235456            4          15.239      1883648       941824
      235456            8          33.171      3767296      1883648
      235456           16          58.051      7534592      3767296
      235456           32         115.133     15069184      7534592
      235456           64         229.217     30138368     15069184
      235456          128         458.085     60276736     30138368
      235456          256         914.376    120553472     60276736
      258944            1           5.181       517888       258944
      258944            2           9.002      1035776       517888
      258944            4          16.867      2071552      1035776
      258944            8          32.530      4143104      2071552
      258944           16          63.859      8286208      4143104
      258944           32         126.820     16572416      8286208
      258944           64         252.432     33144832     16572416
      258944          128         503.485     66289664     33144832
      284800            1           5.554       569600       284800
      284800            2          10.309      1139200       569600
      284800            4          19.777      2278400      1139200
      284800            8          38.619      4556800      2278400
      284800           16          76.313      9113600      4556800
      284800           32         151.783     18227200      9113600
      284800           64         302.704     36454400     18227200
      284800          128         607.599     72908800     36454400
      313280            1           6.832       626560       313280
      313280            2          11.506      1253120       626560
      313280            4          22.254      2506240      1253120
      313280            8          43.675      5012480      2506240
      313280           16          86.509     10024960      5012480
      313280           32         172.204     20049920     10024960
      313280           64         343.934     40099840     20049920
      313280          128         686.910     80199680     40099840
      344576            1           7.474       689152       344576
      344576            2          12.557      1378304       689152
      344576            4          24.367      2756608      1378304
      344576            8          47.969      5513216      2756608
      344576           16          95.005     11026432      5513216
      344576           32         189.240     22052864     11026432
      344576           64         377.875     44105728     22052864
      344576          128         754.956     88211456     44105728
      379008            1           8.368       758016       379008
      379008            2          13.752      1516032       758016
      379008            4          26.731      3032064      1516032
      379008            8          52.628      6064128      3032064
      379008           16         104.479     12128256      6064128
      379008           32         208.142     24256512     12128256
      379008           64         415.617     48513024     24256512
      379008          128         833.431     97026048     48513024
      416896            1           9.667       833792       416896
      416896            2          15.032      1667584       833792
      416896            4          29.421      3335168      1667584
      416896            8          57.873      6670336      3335168
      416896           16         114.814     13340672      6670336
      416896           32         228.936     26681344     13340672
      416896           64         456.932     53362688     26681344
      416896          128         913.119    106725376     53362688
      458560            1          10.046       917120       458560
      458560            2          16.468      1834240       917120
      458560            4          32.112      3668480      1834240
      458560            8          63.474      7336960      3668480
      458560           16         126.255     14673920      7336960
      458560           32         251.685     29347840     14673920
      458560           64         502.664     58695680     29347840
      458560          128        1007.367    117391360     58695680
      504384            1          11.802      1008768       504384
      504384            2          18.041      2017536      1008768
      504384            4          35.445      4035072      2017536
      504384            8          69.878      8070144      4035072
      504384           16         138.735     16140288      8070144
      504384           32         276.657     32280576     16140288
      504384           64         552.444     64561152     32280576
      554816            1          12.760      1109632       554816
      554816            2          19.782      2219264      1109632
      554816            4          38.765      4438528      2219264
      554816            8          76.651      8877056      4438528
      554816           16         152.314     17754112      8877056
      554816           32         304.470     35508224     17754112
      554816           64         607.421     71016448     35508224
      610240            1          14.644      1220480       610240
      610240            2          21.676      2440960      1220480
      610240            4          42.492      4881920      2440960
      610240            8          84.219      9763840      4881920
      610240           16         167.680     19527680      9763840
      610240           32         334.812     39055360     19527680
      610240           64         670.967     78110720     39055360
      671232            1          15.101      1342464       671232
      671232            2          23.736      2684928      1342464
      671232            4          46.695      5369856      2684928
      671232            8          92.599     10739712      5369856
      671232           16         184.350     21479424     10739712
      671232           32         368.000     42958848     21479424
      671232           64         735.145     85917696     42958848
      738304            1          15.815      1476608       738304
      738304            2          25.999      2953216      1476608
      738304            4          51.277      5906432      2953216
      738304            8         101.699     11812864      5906432
      738304           16         202.694     23625728     11812864
      738304           32         404.570     47251456     23625728
      738304           64         808.430     94502912     47251456
      812096            1          18.061      1624192       812096
      812096            2          28.712      3248384      1624192
      812096            4          56.515      6496768      3248384
      812096            8         111.915     12993536      6496768
      812096           16         222.891     25987072     12993536
      812096           32         449.024     51974144     25987072
      812096           64         888.890    103948288     51974144
      893248            1          19.471      1786496       893248
      893248            2          31.442      3572992      1786496
      893248            4          61.870      7145984      3572992
      893248            8         122.971     14291968      7145984
      893248           16         244.915     28583936     14291968
      893248           32         489.262     57167872     28583936
      893248           64         977.399    114335744     57167872
      982528            1          22.709      1965056       982528
      982528            2          34.365      3930112      1965056
      982528            4          68.020      7860224      3930112
      982528            8         135.067     15720448      7860224
      982528           16         269.382     31440896     15720448
      982528           32         541.821     62881792     31440896
     1080768            1          24.423      2161536      1080768
     1080768            2          37.793      4323072      2161536
     1080768            4          74.690      8646144      4323072
     1080768            8         148.552     17292288      8646144
     1080768           16         296.345     34584576     17292288
     1080768           32         591.845     69169152     34584576
     1188800            1          28.193      2377600      1188800
     1188800            2          41.788      4755200      2377600
     1188800            4          82.278      9510400      4755200
     1188800            8         163.696     19020800      9510400
     1188800           16         326.538     38041600     19020800
     1188800           32         652.018     76083200     38041600
     1307648            1          28.874      2615296      1307648
     1307648            2          45.895      5230592      2615296
     1307648            4          90.615     10461184      5230592
     1307648            8         181.549     20922368     10461184
     1307648           16         363.165     41844736     20922368
     1307648           32         728.826     83689472     41844736
     1438400            1          33.275      2876800      1438400
     1438400            2          50.294      5753600      2876800
     1438400            4          99.488     11507200      5753600
     1438400            8         197.894     23014400     11507200
     1438400           16         394.477     46028800     23014400
     1438400           32         789.286     92057600     46028800
     1582208            1          36.306      3164416      1582208
     1582208            2          55.569      6328832      3164416
     1582208            4         110.129     12657664      6328832
     1582208            8         219.055     25315328     12657664
     1582208           16         436.688     50630656     25315328
     1582208           32         872.414    101261312     50630656
     1740416            1          38.549      3480832      1740416
     1740416            2          61.577      6961664      3480832
     1740416            4         122.160     13923328      6961664
     1740416            8         241.947     27846656     13923328
     1740416           16         488.079     55693312     27846656
     1740416           32         964.110    111386624     55693312
     1914432            1          42.836      3828864      1914432
     1914432            2          68.098      7657728      3828864
     1914432            4         134.202     15315456      7657728
     1914432            8         265.957     30630912     15315456
     1914432           16         529.998     61261824     30630912
     1914432           32        1059.144    122523648     61261824
     2105856            1          49.431      4211712      2105856
     2105856            2          74.329      8423424      4211712
     2105856            4         147.988     16846848      8423424
     2105856            8         301.471     33693696     16846848
     2105856           16         586.408     67387392     33693696
     2316416            1          52.379      4632832      2316416
     2316416            2          83.027      9265664      4632832
     2316416            4         163.824     18531328      9265664
     2316416            8         325.764     37062656     18531328
     2316416           16         651.873     74125312     37062656
     2548032            1          56.501      5096064      2548032
     2548032            2          91.400     10192128      5096064
     2548032            4         181.871     20384256     10192128
     2548032            8         359.400     40768512     20384256
     2548032           16         719.530     81537024     40768512
     2802816            1          63.518      5605632      2802816
     2802816            2         100.904     11211264      5605632
     2802816            4         199.919     22422528     11211264
     2802816            8         403.188     44845056     22422528
     2802816           16         794.227     89690112     44845056
     3083072            1          70.317      6166144      3083072
     3083072            2         111.566     12332288      6166144
     3083072            4         219.503     24664576     12332288
     3083072            8         438.069     49329152     24664576
     3083072           16         871.873     98658304     49329152
     3391360            1          77.600      6782720      3391360
     3391360            2         121.841     13565440      6782720
     3391360            4         241.634     27130880     13565440
     3391360            8         482.177     54261760     27130880
     3391360           16         967.133    108523520     54261760
     3730496            1          84.984      7460992      3730496
     3730496            2         133.911     14921984      7460992
     3730496            4         265.905     29843968     14921984
     3730496            8         529.823     59687936     29843968
     3730496           16        1058.207    119375872     59687936
     4103488            1          93.458      8206976      4103488
     4103488            2         148.241     16413952      8206976
     4103488            4         293.533     32827904     16413952
     4103488            8         584.114     65655808     32827904
     4513792            1         103.023      9027584      4513792
     4513792            2         162.893     18055168      9027584
     4513792            4         327.161     36110336     18055168
     4513792            8         642.407     72220672     36110336
     4965120            1         112.404      9930240      4965120
     4965120            2         177.758     19860480      9930240
     4965120            4         354.366     39720960     19860480
     4965120            8         706.067     79441920     39720960
     5461632            1         124.952     10923264      5461632
     5461632            2         196.319     21846528     10923264
     5461632            4         388.679     43693056     21846528
     5461632            8         775.045     87386112     43693056
     6007744            1         137.392     12015488      6007744
     6007744            2         222.548     24030976     12015488
     6007744            4         427.578     48061952     24030976
     6007744            8         852.869     96123904     48061952
     6608512            1         150.284     13217024      6608512
     6608512            2         236.854     26434048     13217024
     6608512            4         470.045     52868096     26434048
     6608512            8         937.735    105736192     52868096
     7269312            1         163.183     14538624      7269312
     7269312            2         260.285     29077248     14538624
     7269312            4         523.511     58154496     29077248
     7269312            8        1032.606    116308992     58154496
     7996224            1         182.527     15992448      7996224
     7996224            2         285.053     31984896     15992448
     7996224            4         569.109     63969792     31984896
     8795840            1         200.260     17591680      8795840
     8795840            2         314.569     35183360     17591680
     8795840            4         625.942     70366720     35183360
     9675392            1         219.417     19350784      9675392
     9675392            2         351.781     38701568     19350784
     9675392            4         686.889     77403136     38701568
    10642880            1         241.613     21285760     10642880
    10642880            2         379.601     42571520     21285760
    10642880            4         755.318     85143040     42571520
    11707136            1         265.665     23414272     11707136
    11707136            2         417.545     46828544     23414272
    11707136            4         831.664     93657088     46828544
    12877824            1         291.413     25755648     12877824
    12877824            2         465.741     51511296     25755648
    12877824            4         913.899    103022592     51511296
    14165568            1         323.404     28331136     14165568
    14165568            2         506.839     56662272     28331136
    14165568            4        1009.766    113324544     56662272
    15582080            1         355.608     31164160     15582080
    15582080            2         579.436     62328320     31164160
    15582080            4        1131.225    124656640     62328320
    17140288            1         394.688     34280576     17140288
    17140288            2         642.370     68561152     34280576
    18854272            1         444.900     37708544     18854272
    18854272            2         761.755     75417088     37708544
    20739648            1         524.157     41479296     20739648
    20739648            2        1103.674     82958592     41479296
    22813568            1         706.341     45627136     22813568
    22813568            2        1695.631     91254272     45627136
    25094912            1        1052.927     50189824     25094912
    25094912            2        2558.910    100379648     50189824
    27604352            1        1519.328     55208704     27604352
    27604352            2        3465.833    110417408     55208704
    30364736            1        1968.373     60729472     30364736
    30364736            2        4252.730    121458944     60729472
    33401152            1        2402.475     66802304     33401152
    36741248            1        2765.172     73482496     36741248
    40415360            1        3157.288     80830720     40415360
    44456896            1        3518.625     88913792     44456896
    48902528            1        3890.357     97805056     48902528
    53792768            1        4274.252    107585536     53792768
    59172032            1        4709.508    118344064     59172032

META_DATA
MPI_PROCS      1
OPENMP_THREADS 8
FLOPS          8
ERT_VERSION  1.0.0
TIMESTAMP_DATA  1594852875.9
HOSTNAME  ('apollo-PowerEdge-R430', [], ['127.0.1.1'])
UNAME  ('Linux', 'apollo-PowerEdge-R430', '4.19.129-0419129-generic', '#202006220433 SMP Mon Jun 22 09:12:54 UTC 2020', 'x86_64', 'x86_64')
CONFIG  {'ERT_WORKING_SET_MIN': ['1'], 'ERT_CFLAGS': ['-O3'], 'ERT_CC': ['gcc'], 'ERT_MPI_CFLAGS': [], 'ERT_MPI_LDFLAGS': [], 'ERT_MEMORY_MAX': ['62497788'], 'ERT_PROCS_THREADS': ['8'], 'ERT_LDFLAGS': [], 'ERT_LDLIBS': [], 'ERT_SPEC_GBYTES_DRAM': ['1.0'], 'ERT_RUN': ['export', 'KMP_AFFINITY=scatter;', 'export', 'OMP_NUM_THREADS=ERT_OPENMP_THREADS;', 'ERT_CODE'], 'ERT_FLOPS': ['1,2,4,8,16'], 'ERT_OPENMP_CFLAGS': ['-fopenmp'], 'ERT_SPEC_GFLOPS': ['1.0'], 'ERT_MPI': ['False'], 'ERT_TRIALS_MIN': ['1'], 'ERT_DRIVER': ['driver1'], 'ERT_RESULTS': ['Results.x86'], 'ERT_OPENMP': ['True'], 'ERT_MPI_PROCS': ['1'], 'ERT_KERNEL': ['kernel1'], 'ERT_OPENMP_THREADS': ['1-32'], 'ERT_LD': ['gcc'], 'ERT_NUM_EXPERIMENTS': ['6'], 'ERT_OPENMP_LDFLAGS': ['-fopenmp'], 'ERT_ALIGN': ['32'], 'ERT_GNUPLOT': ['gnuplot']}
