          64            1          26.217          128           64
          64            2           1.172          256          128
          64            4           1.039          512          256
          64            8           1.043         1024          512
          64           16           1.186         2048         1024
          64           32           1.466         4096         2048
          64           64           1.623         8192         4096
          64          128           4.626        16384         8192
          64          256           6.211        32768        16384
          64          512          14.058        65536        32768
          64         1024          25.508       131072        65536
          64         2048          52.707       262144       131072
          64         4096         102.458       524288       262144
          64         8192         204.985      1048576       524288
          64        16384         435.459      2097152      1048576
          64        32768         819.933      4194304      2097152
          64        65536        1640.180      8388608      4194304
          64       131072        3286.881     16777216      8388608
          64       262144        4632.576     33554432     16777216
          64       524288        6905.419     67108864     33554432
         128            1           0.761          256          128
         128            2           0.747          512          256
         128            4           0.938         1024          512
         128            8           0.804         2048         1024
         128           16           1.069         4096         2048
         128           32           1.198         8192         4096
         128           64           1.530        16384         8192
         128          128           2.375        32768        16384
         128          256           4.045        65536        32768
         128          512           7.475       131072        65536
         128         1024          14.218       262144       131072
         128         2048          27.536       524288       262144
         128         4096          54.288      1048576       524288
         128         8192         107.885      2097152      1048576
         128        16384         214.743      4194304      2097152
         128        32768         428.602      8388608      4194304
         128        65536         856.514     16777216      8388608
         128       131072        1719.656     33554432     16777216
         128       262144        3428.465     67108864     33554432
         192            1           0.967          384          192
         192            2           0.796          768          384
         192            4           0.774         1536          768
         192            8           0.805         3072         1536
         192           16           0.977         6144         3072
         192           32           1.114        12288         6144
         192           64           1.532        24576        12288
         192          128           2.414        49152        24576
         192          256           4.043        98304        49152
         192          512           7.458       196608        98304
         192         1024          14.070       393216       196608
         192         2048          27.450       786432       393216
         192         4096          54.190      1572864       786432
         192         8192         107.687      3145728      1572864
         192        16384         214.729      6291456      3145728
         192        32768         428.605     12582912      6291456
         192        65536         856.509     25165824     12582912
         192       131072        1712.314     50331648     25165824
         192       262144        3429.140    100663296     50331648
         256            1           0.758          512          256
         256            2           0.765         1024          512
         256            4           0.781         2048         1024
         256            8           0.805         4096         2048
         256           16           0.913         8192         4096
         256           32           1.117        16384         8192
         256           64           1.527        32768        16384
         256          128           2.374        65536        32768
         256          256           4.032       131072        65536
         256          512           7.377       262144       131072
         256         1024          14.065       524288       262144
         256         2048          27.443      1048576       524288
         256         4096          54.186      2097152      1048576
         256         8192         107.852      4194304      2097152
         256        16384         214.646      8388608      4194304
         256        32768         432.007     16777216      8388608
         256        65536         856.523     33554432     16777216
         256       131072        1712.321     67108864     33554432
         320            1           0.765          640          320
         320            2           0.794         1280          640
         320            4           0.788         2560         1280
         320            8           0.818         5120         2560
         320           16           0.917        10240         5120
         320           32           1.129        20480        10240
         320           64           1.546        40960        20480
         320          128           2.382        81920        40960
         320          256           4.052       163840        81920
         320          512           7.395       327680       163840
         320         1024          14.098       655360       327680
         320         2048          27.473      1310720       655360
         320         4096          54.316      2621440      1310720
         320         8192         107.795      5242880      2621440
         320        16384         214.756     10485760      5242880
         320        32768         428.870     20971520     10485760
         320        65536         861.677     41943040     20971520
         320       131072        1712.496     83886080     41943040
         384            1           0.755          768          384
         384            2           0.772         1536          768
         384            4           0.793         3072         1536
         384            8           0.959         6144         3072
         384           16           0.926        12288         6144
         384           32           1.240        24576        12288
         384           64           1.545        49152        24576
         384          128           2.388        98304        49152
         384          256           4.138       196608        98304
         384          512           7.400       393216       196608
         384         1024          14.088       786432       393216
         384         2048          27.460      1572864       786432
         384         4096          54.197      3145728      1572864
         384         8192         107.824      6291456      3145728
         384        16384         214.660     12582912      6291456
         384        32768         428.623     25165824     12582912
         384        65536         856.648     50331648     25165824
         384       131072        1715.629    100663296     50331648
         448            1           0.758          896          448
         448            2           0.786         1792          896
         448            4           0.789         3584         1792
         448            8           0.831         7168         3584
         448           16           0.930        14336         7168
         448           32           1.143        28672        14336
         448           64           1.560        57344        28672
         448          128           2.390       114688        57344
         448          256           4.079       229376       114688
         448          512           7.481       458752       229376
         448         1024          14.182       917504       458752
         448         2048          27.842      1835008       917504
         448         4096          54.901      3670016      1835008
         448         8192         108.691      7340032      3670016
         448        16384         215.891     14680064      7340032
         448        32768         432.170     29360128     14680064
         448        65536         864.359     58720256     29360128
         448       131072        1732.990    117440512     58720256
         512            1           0.760         1024          512
         512            2           0.787         2048         1024
         512            4           0.790         4096         2048
         512            8           0.821         8192         4096
         512           16           0.928        16384         8192
         512           32           1.137        32768        16384
         512           64           1.748        65536        32768
         512          128           2.394       131072        65536
         512          256           4.158       262144       131072
         512          512           7.592       524288       262144
         512         1024          14.172      1048576       524288
         512         2048          27.732      2097152      1048576
         512         4096          54.814      4194304      2097152
         512         8192         108.893      8388608      4194304
         512        16384         215.953     16777216      8388608
         512        32768         433.371     33554432     16777216
         512        65536         865.979     67108864     33554432
         576            1           0.753         1152          576
         576            2           0.824         2304         1152
         576            4           0.808         4608         2304
         576            8           0.831         9216         4608
         576           16           1.035        18432         9216
         576           32           1.153        36864        18432
         576           64           1.567        73728        36864
         576          128           2.568       147456        73728
         576          256           4.080       294912       147456
         576          512           7.512       589824       294912
         576         1024          14.280      1179648       589824
         576         2048          27.965      2359296      1179648
         576         4096          54.631      4718592      2359296
         576         8192         109.103      9437184      4718592
         576        16384         216.637     18874368      9437184
         576        32768         433.808     37748736     18874368
         576        65536         878.098     75497472     37748736
         640            1           0.783         1280          640
         640            2           0.788         2560         1280
         640            4           0.790         5120         2560
         640            8           0.831        10240         5120
         640           16           0.938        20480        10240
         640           32           1.154        40960        20480
         640           64           1.705        81920        40960
         640          128           2.410       163840        81920
         640          256           4.130       327680       163840
         640          512           7.453       655360       327680
         640         1024          14.336      1310720       655360
         640         2048          27.645      2621440      1310720
         640         4096          54.512      5242880      2621440
         640         8192         108.051     10485760      5242880
         640        16384         215.112     20971520     10485760
         640        32768         429.065     41943040     20971520
         640        65536         858.144     83886080     41943040
         704            1           0.749         1408          704
         704            2           0.788         2816         1408
         704            4           0.801         5632         2816
         704            8           0.843        11264         5632
         704           16           0.991        22528        11264
         704           32           1.177        45056        22528
         704           64           1.629        90112        45056
         704          128           2.697       180224        90112
         704          256           4.344       360448       180224
         704          512           7.956       720896       360448
         704         1024          15.253      1441792       720896
         704         2048          29.857      2883584      1441792
         704         4096          58.665      5767168      2883584
         704         8192         116.180     11534336      5767168
         704        16384         231.465     23068672     11534336
         704        32768         462.196     46137344     23068672
         704        65536         928.533     92274688     46137344
         768            1           0.751         1536          768
         768            2           0.798         3072         1536
         768            4           0.802         6144         3072
         768            8           0.855        12288         6144
         768           16           0.957        24576        12288
         768           32           1.180        49152        24576
         768           64           1.631        98304        49152
         768          128           2.523       196608        98304
         768          256           4.319       393216       196608
         768          512           7.918       786432       393216
         768         1024          15.115      1572864       786432
         768         2048          29.577      3145728      1572864
         768         4096          58.394      6291456      3145728
         768         8192         115.878     12582912      6291456
         768        16384         230.838     25165824     12582912
         768        32768         460.757     50331648     25165824
         768        65536         920.677    100663296     50331648
         832            1           0.768         1664          832
         832            2           0.891         3328         1664
         832            4           0.853         6656         3328
         832            8           0.849        13312         6656
         832           16           0.974        26624        13312
         832           32           1.221        53248        26624
         832           64           1.662       106496        53248
         832          128           2.607       212992       106496
         832          256           4.482       425984       212992
         832          512           8.246       851968       425984
         832         1024          15.744      1703936       851968
         832         2048          31.016      3407872      1703936
         832         4096          60.922      6815744      3407872
         832         8192         121.070     13631488      6815744
         832        16384         241.356     27262976     13631488
         832        32768         481.742     54525952     27262976
         832        65536         972.820    109051904     54525952
         896            1           0.760         1792          896
         896            2           0.926         3584         1792
         896            4           0.864         7168         3584
         896            8           0.862        14336         7168
         896           16           1.092        28672        14336
         896           32           1.209        57344        28672
         896           64           1.672       114688        57344
         896          128           2.728       229376       114688
         896          256           4.481       458752       229376
         896          512           8.254       917504       458752
         896         1024          15.781      1835008       917504
         896         2048          30.876      3670016      1835008
         896         4096          60.956      7340032      3670016
         896         8192         120.969     14680064      7340032
         896        16384         241.185     29360128     14680064
         896        32768         481.307     58720256     29360128
         896        65536         962.196    117440512     58720256
         960            1           0.968         1920          960
         960            2           0.782         3840         1920
         960            4           0.815         7680         3840
         960            8           0.866        15360         7680
         960           16           0.995        30720        15360
         960           32           1.250        61440        30720
         960           64           1.770       122880        61440
         960          128           2.801       245760       122880
         960          256           4.844       491520       245760
         960          512           8.994       983040       491520
         960         1024          17.210      1966080       983040
         960         2048          33.732      3932160      1966080
         960         4096          66.684      7864320      3932160
         960         8192         132.502     15728640      7864320
         960        16384         264.146     31457280     15728640
         960        32768         527.521     62914560     31457280
        1024            1           0.762         2048         1024
        1024            2           0.789         4096         2048
        1024            4           0.801         8192         4096
        1024            8           0.868        16384         8192
        1024           16           0.993        32768        16384
        1024           32           1.254        65536        32768
        1024           64           1.769       131072        65536
        1024          128           2.794       262144       131072
        1024          256           4.854       524288       262144
        1024          512           8.985      1048576       524288
        1024         1024          17.337      2097152      1048576
        1024         2048          33.782      4194304      2097152
        1024         4096          66.699      8388608      4194304
        1024         8192         132.493     16777216      8388608
        1024        16384         264.183     33554432     16777216
        1024        32768         531.129     67108864     33554432
        1088            1           0.762         2176         1088
        1088            2           0.787         4352         2176
        1088            4           0.820         8704         4352
        1088            8           0.881        17408         8704
        1088           16           1.027        34816        17408
        1088           32           1.309        69632        34816
        1088           64           1.893       139264        69632
        1088          128           3.032       278528       139264
        1088          256           5.305       557056       278528
        1088          512           9.910      1114112       557056
        1088         1024          19.069      2228224      1114112
        1088         2048          37.507      4456448      2228224
        1088         4096          74.164      8912896      4456448
        1088         8192         147.507     17825792      8912896
        1088        16384         294.235     35651584     17825792
        1088        32768         587.676     71303168     35651584
        1152            1           0.823         2304         1152
        1152            2           0.781         4608         2304
        1152            4           0.811         9216         4608
        1152            8           0.880        18432         9216
        1152           16           1.024        36864        18432
        1152           32           1.320        73728        36864
        1152           64           1.895       147456        73728
        1152          128           3.058       294912       147456
        1152          256           5.365       589824       294912
        1152          512          10.012      1179648       589824
        1152         1024          19.392      2359296      1179648
        1152         2048          37.997      4718592      2359296
        1152         4096          75.190      9437184      4718592
        1152         8192         149.258     18874368      9437184
        1152        16384         297.622     37748736     18874368
        1152        32768         593.867     75497472     37748736
        1216            1           0.771         2432         1216
        1216            2           0.794         4864         2432
        1216            4           0.889         9728         4864
        1216            8           0.902        19456         9728
        1216           16           1.162        38912        19456
        1216           32           1.408        77824        38912
        1216           64           2.038       155648        77824
        1216          128           3.389       311296       155648
        1216          256           5.846       622592       311296
        1216          512          10.921      1245184       622592
        1216         1024          21.327      2490368      1245184
        1216         2048          41.769      4980736      2490368
        1216         4096          82.361      9961472      4980736
        1216         8192         163.984     19922944      9961472
        1216        16384         326.845     39845888     19922944
        1216        32768         659.515     79691776     39845888
        1280            1           0.760         2560         1280
        1280            2           0.771         5120         2560
        1280            4           0.820        10240         5120
        1280            8           0.893        20480        10240
        1280           16           1.061        40960        20480
        1280           32           1.378        81920        40960
        1280           64           2.010       163840        81920
        1280          128           3.291       327680       163840
        1280          256           5.823       655360       327680
        1280          512          10.935      1310720       655360
        1280         1024          21.264      2621440      1310720
        1280         2048          41.613      5242880      2621440
        1280         4096          82.467     10485760      5242880
        1280         8192         164.085     20971520     10485760
        1280        16384         327.202     41943040     20971520
        1280        32768         653.232     83886080     41943040
        1408            1           0.766         2816         1408
        1408            2           0.768         5632         2816
        1408            4           0.893        11264         5632
        1408            8           0.912        22528        11264
        1408           16           1.248        45056        22528
        1408           32           1.551        90112        45056
        1408           64           2.139       180224        90112
        1408          128           3.693       360448       180224
        1408          256           6.374       720896       360448
        1408          512          11.998      1441792       720896
        1408         1024          23.385      2883584      1441792
        1408         2048          46.138      5767168      2883584
        1408         4096          91.051     11534336      5767168
        1408         8192         181.021     23068672     11534336
        1408        16384         361.096     46137344     23068672
        1408        32768         721.633     92274688     46137344
        1536            1           0.776         3072         1536
        1536            2           0.787         6144         3072
        1536            4           0.938        12288         6144
        1536            8           0.937        24576        12288
        1536           16           1.114        49152        24576
        1536           32           1.499        98304        49152
        1536           64           2.245       196608        98304
        1536          128           3.785       393216       196608
        1536          256           6.993       786432       393216
        1536          512          12.915      1572864       786432
        1536         1024          25.287      3145728      1572864
        1536         2048          49.606      6291456      3145728
        1536         4096          98.207     12582912      6291456
        1536         8192         195.681     25165824     12582912
        1536        16384         390.040     50331648     25165824
        1536        32768         783.335    100663296     50331648
        1664            1           0.765         3328         1664
        1664            2           0.801         6656         3328
        1664            4           1.033        13312         6656
        1664            8           1.133        26624        13312
        1664           16           1.145        53248        26624
        1664           32           1.721       106496        53248
        1664           64           2.510       212992       106496
        1664          128           4.041       425984       212992
        1664          256           7.537       851968       425984
        1664          512          14.061      1703936       851968
        1664         1024          27.341      3407872      1703936
        1664         2048          53.837      6815744      3407872
        1664         4096         106.863     13631488      6815744
        1664         8192         212.907     27262976     13631488
        1664        16384         424.635     54525952     27262976
        1664        32768         848.661    109051904     54525952
        1792            1           0.775         3584         1792
        1792            2           0.791         7168         3584
        1792            4           0.869        14336         7168
        1792            8           0.959        28672        14336
        1792           16           1.180        57344        28672
        1792           32           1.615       114688        57344
        1792           64           2.501       229376       114688
        1792          128           4.285       458752       229376
        1792          256           7.807       917504       458752
        1792          512          14.898      1835008       917504
        1792         1024          29.161      3670016      1835008
        1792         2048          57.436      7340032      3670016
        1792         4096         114.062     14680064      7340032
        1792         8192         227.177     29360128     14680064
        1792        16384         453.877     58720256     29360128
        1792        32768         911.048    117440512     58720256
        1920            1           0.787         3840         1920
        1920            2           0.978         7680         3840
        1920            4           0.871        15360         7680
        1920            8           1.198        30720        15360
        1920           16           1.210        61440        30720
        1920           32           1.686       122880        61440
        1920           64           2.645       245760       122880
        1920          128           4.542       491520       245760
        1920          256           8.357       983040       491520
        1920          512          16.068      1966080       983040
        1920         1024          31.366      3932160      1966080
        1920         2048          61.839      7864320      3932160
        1920         4096         122.826     15728640      7864320
        1920         8192         244.736     31457280     15728640
        1920        16384         488.673     62914560     31457280
        2112            1           0.787         4224         2112
        2112            2           0.834         8448         4224
        2112            4           1.018        16896         8448
        2112            8           1.056        33792        16896
        2112           16           1.263        67584        33792
        2112           32           1.809       135168        67584
        2112           64           2.865       270336       135168
        2112          128           5.163       540672       270336
        2112          256           9.357      1081344       540672
        2112          512          17.945      2162688      1081344
        2112         1024          34.991      4325376      2162688
        2112         2048          69.225      8650752      4325376
        2112         4096         137.549     17301504      8650752
        2112         8192         274.180     34603008     17301504
        2112        16384         547.487     69206016     34603008
        2304            1           0.776         4608         2304
        2304            2           0.918         9216         4608
        2304            4           0.899        18432         9216
        2304            8           1.191        36864        18432
        2304           16           1.310        73728        36864
        2304           32           2.042       147456        73728
        2304           64           3.194       294912       147456
        2304          128           5.262       589824       294912
        2304          256           9.819      1179648       589824
        2304          512          19.105      2359296      1179648
        2304         1024          37.103      4718592      2359296
        2304         2048          73.348      9437184      4718592
        2304         4096         145.976     18874368      9437184
        2304         8192         290.947     37748736     18874368
        2304        16384         581.092     75497472     37748736
        2496            1           0.811         4992         2496
        2496            2           0.847         9984         4992
        2496            4           0.898        19968         9984
        2496            8           1.053        39936        19968
        2496           16           1.360        79872        39936
        2496           32           1.994       159744        79872
        2496           64           3.248       319488       159744
        2496          128           5.771       638976       319488
        2496          256          10.927      1277952       638976
        2496          512          20.957      2555904      1277952
        2496         1024          41.108      5111808      2555904
        2496         2048          81.311     10223616      5111808
        2496         4096         162.027     20447232     10223616
        2496         8192         326.667     40894464     20447232
        2496        16384         644.386     81788928     40894464
        2688            1           0.981         5376         2688
        2688            2           0.855        10752         5376
        2688            4           0.943        21504        10752
        2688            8           1.083        43008        21504
        2688           16           1.414        86016        43008
        2688           32           2.048       172032        86016
        2688           64           3.372       344064       172032
        2688          128           6.047       688128       344064
        2688          256          11.355      1376256       688128
        2688          512          21.981      2752512      1376256
        2688         1024          43.313      5505024      2752512
        2688         2048          85.778     11010048      5505024
        2688         4096         170.646     22020096     11010048
        2688         8192         340.471     44040192     22020096
        2688        16384         680.093     88080384     44040192
        2944            1           0.788         5888         2944
        2944            2           0.961        11776         5888
        2944            4           1.038        23552        11776
        2944            8           1.101        47104        23552
        2944           16           1.453        94208        47104
        2944           32           2.174       188416        94208
        2944           64           3.709       376832       188416
        2944          128           6.558       753664       376832
        2944          256          12.420      1507328       753664
        2944          512          24.098      3014656      1507328
        2944         1024          47.298      6029312      3014656
        2944         2048          93.726     12058624      6029312
        2944         4096         186.796     24117248     12058624
        2944         8192         372.460     48234496     24117248
        2944        16384         744.142     96468992     48234496
        3200            1           0.803         6400         3200
        3200            2           0.865        12800         6400
        3200            4           0.944        25600        12800
        3200            8           1.192        51200        25600
        3200           16           1.512       102400        51200
        3200           32           2.314       204800       102400
        3200           64           3.883       409600       204800
        3200          128           7.048       819200       409600
        3200          256          13.533      1638400       819200
        3200          512          26.068      3276800      1638400
        3200         1024          51.263      6553600      3276800
        3200         2048         104.476     13107200      6553600
        3200         4096         202.524     26214400     13107200
        3200         8192         404.368     52428800     26214400
        3200        16384         807.734    104857600     52428800
        3520            1           0.839         7040         3520
        3520            2           0.984        14080         7040
        3520            4           0.962        28160        14080
        3520            8           1.183        56320        28160
        3520           16           1.607       112640        56320
        3520           32           2.500       225280       112640
        3520           64           4.242       450560       225280
        3520          128           7.753       901120       450560
        3520          256          14.800      1802240       901120
        3520          512          28.892      3604480      1802240
        3520         1024          56.959      7208960      3604480
        3520         2048         113.088     14417920      7208960
        3520         4096         225.242     28835840     14417920
        3520         8192         449.769     57671680     28835840
        3520        16384         898.740    115343360     57671680
        3840            1           0.809         7680         3840
        3840            2           0.866        15360         7680
        3840            4           0.992        30720        15360
        3840            8           1.213        61440        30720
        3840           16           1.675       122880        61440
        3840           32           2.610       245760       122880
        3840           64           4.491       491520       245760
        3840          128           8.254       983040       491520
        3840          256          15.782      1966080       983040
        3840          512          30.937      3932160      1966080
        3840         1024          60.951      7864320      3932160
        3840         2048         121.133     15728640      7864320
        3840         4096         241.411     31457280     15728640
        3840         8192         485.175     62914560     31457280
        4224            1           0.833         8448         4224
        4224            2           0.971        16896         8448
        4224            4           1.063        33792        16896
        4224            8           1.433        67584        33792
        4224           16           1.863       135168        67584
        4224           32           3.004       270336       135168
        4224           64           5.283       540672       270336
        4224          128           9.826      1081344       540672
        4224          256          18.930      2162688      1081344
        4224          512          37.256      4325376      2162688
        4224         1024          73.655      8650752      4325376
        4224         2048         146.478     17301504      8650752
        4224         4096         292.103     34603008     17301504
        4224         8192         583.352     69206016     34603008
        4608            1           0.823         9216         4608
        4608            2           0.897        18432         9216
        4608            4           1.054        36864        18432
        4608            8           1.315        73728        36864
        4608           16           1.861       147456        73728
        4608           32           2.995       294912       147456
        4608           64           5.248       589824       294912
        4608          128           9.752      1179648       589824
        4608          256          18.872      2359296      1179648
        4608          512          36.882      4718592      2359296
        4608         1024          72.922      9437184      4718592
        4608         2048         145.060     18874368      9437184
        4608         4096         289.242     37748736     18874368
        4608         8192         577.546     75497472     37748736
        5056            1           0.846        10112         5056
        5056            2           0.934        20224        10112
        5056            4           1.099        40448        20224
        5056            8           1.414        80896        40448
        5056           16           2.075       161792        80896
        5056           32           3.430       323584       161792
        5056           64           5.744       647168       323584
        5056          128          10.719      1294336       647168
        5056          256          21.767      2588672      1294336
        5056          512          43.484      5177344      2588672
        5056         1024          86.467     10354688      5177344
        5056         2048         174.229     20709376     10354688
        5056         4096         348.464     41418752     20709376
        5056         8192         701.784     82837504     41418752
        5504            1           0.839        11008         5504
        5504            2           1.020        22016        11008
        5504            4           1.163        44032        22016
        5504            8           1.465        88064        44032
        5504           16           2.183       176128        88064
        5504           32           3.644       352256       176128
        5504           64           6.538       704512       352256
        5504          128          12.321      1409024       704512
        5504          256          24.017      2818048      1409024
        5504          512          47.165      5636096      2818048
        5504         1024          93.452     11272192      5636096
        5504         2048         186.039     22544384     11272192
        5504         4096         371.221     45088768     22544384
        5504         8192         741.561     90177536     45088768
        6016            1           0.837        12032         6016
        6016            2           0.930        24064        12032
        6016            4           1.130        48128        24064
        6016            8           1.543        96256        48128
        6016           16           2.520       192512        96256
        6016           32           3.900       385024       192512
        6016           64           7.073       770048       385024
        6016          128          13.434      1540096       770048
        6016          256          26.230      3080192      1540096
        6016          512          51.508      6160384      3080192
        6016         1024         102.381     12320768      6160384
        6016         2048         203.977     24641536     12320768
        6016         4096         407.186     49283072     24641536
        6016         8192         812.449     98566144     49283072
        6592            1           0.881        13184         6592
        6592            2           1.157        26368        13184
        6592            4           1.184        52736        26368
        6592            8           1.706       105472        52736
        6592           16           2.656       210944       105472
        6592           32           4.194       421888       210944
        6592           64           7.653       843776       421888
        6592          128          14.858      1687552       843776
        6592          256          28.643      3375104      1687552
        6592          512          56.131      6750208      3375104
        6592         1024         111.216     13500416      6750208
        6592         2048         222.627     27000832     13500416
        6592         4096         448.448     54001664     27000832
        6592         8192         894.748    108003328     54001664
        7232            1           0.855        14464         7232
        7232            2           1.163        28928        14464
        7232            4           1.300        57856        28928
        7232            8           1.784       115712        57856
        7232           16           2.630       231424       115712
        7232           32           4.694       462848       231424
        7232           64           8.460       925696       462848
        7232          128          16.044      1851392       925696
        7232          256          31.415      3702784      1851392
        7232          512          62.112      7405568      3702784
        7232         1024         123.253     14811136      7405568
        7232         2048         245.100     29622272     14811136
        7232         4096         486.860     59244544     29622272
        7232         8192         977.888    118489088     59244544
        7936            1           0.953        15872         7936
        7936            2           1.004        31744        15872
        7936            4           1.276        63488        31744
        7936            8           1.759       126976        63488
        7936           16           2.790       253952       126976
        7936           32           4.868       507904       253952
        7936           64           8.983      1015808       507904
        7936          128          17.212      2031616      1015808
        7936          256          33.679      4063232      2031616
        7936          512          66.747      8126464      4063232
        7936         1024         132.621     16252928      8126464
        7936         2048         264.409     32505856     16252928
        7936         4096         531.195     65011712     32505856
        8704            1           0.887        17408         8704
        8704            2           1.084        34816        17408
        8704            4           1.487        69632        34816
        8704            8           1.879       139264        69632
        8704           16           2.969       278528       139264
        8704           32           5.224       557056       278528
        8704           64           9.737      1114112       557056
        8704          128          18.767      2228224      1114112
        8704          256          36.900      4456448      2228224
        8704          512          73.016      8912896      4456448
        8704         1024         145.091     17825792      8912896
        8704         2048         289.317     35651584     17825792
        8704         4096         577.755     71303168     35651584
        9536            1           0.897        19072         9536
        9536            2           1.064        38144        19072
        9536            4           1.373        76288        38144
        9536            8           1.985       152576        76288
        9536           16           3.213       305152       152576
        9536           32           5.661       610304       305152
        9536           64          10.481      1220608       610304
        9536          128          20.252      2441216      1220608
        9536          256          39.471      4882432      2441216
        9536          512          79.169      9764864      4882432
        9536         1024         158.423     19529728      9764864
        9536         2048         317.178     39059456     19529728
        9536         4096         634.573     78118912     39059456
       10432            1           0.934        20864        10432
       10432            2           1.067        41728        20864
       10432            4           1.430        83456        41728
       10432            8           2.291       166912        83456
       10432           16           3.398       333824       166912
       10432           32           6.074       667648       333824
       10432           64          11.418      1335296       667648
       10432          128          22.125      2670592      1335296
       10432          256          43.409      5341184      2670592
       10432          512          87.087     10682368      5341184
       10432         1024         172.169     21364736     10682368
       10432         2048         341.856     42729472     21364736
       10432         4096         687.985     85458944     42729472
       11456            1           0.916        22912        11456
       11456            2           1.104        45824        22912
       11456            4           1.466        91648        45824
       11456            8           2.192       183296        91648
       11456           16           3.667       366592       183296
       11456           32           6.562       733184       366592
       11456           64          12.429      1466368       733184
       11456          128          24.095      2932736      1466368
       11456          256          47.281      5865472      2932736
       11456          512          93.807     11730944      5865472
       11456         1024         187.302     23461888     11730944
       11456         2048         374.639     46923776     23461888
       11456         4096         753.997     93847552     46923776
       12544            1           0.943        25088        12544
       12544            2           1.137        50176        25088
       12544            4           1.543       100352        50176
       12544            8           2.446       200704       100352
       12544           16           3.991       401408       200704
       12544           32           7.135       802816       401408
       12544           64          13.547      1605632       802816
       12544          128          26.320      3211264      1605632
       12544          256          52.059      6422528      3211264
       12544          512         103.111     12845056      6422528
       12544         1024         205.323     25690112     12845056
       12544         2048         409.791     51380224     25690112
       12544         4096         818.857    102760448     51380224
       13760            1           0.955        27520        13760
       13760            2           1.184        55040        27520
       13760            4           1.612       110080        55040
       13760            8           2.504       220160       110080
       13760           16           4.238       440320       220160
       13760           32           7.772       880640       440320
       13760           64          14.683      1761280       880640
       13760          128          29.003      3522560      1761280
       13760          256          56.670      7045120      3522560
       13760          512         113.837     14090240      7045120
       13760         1024         223.372     28180480     14090240
       13760         2048         453.385     56360960     28180480
       13760         4096         903.698    112721920     56360960
       15104            1           0.977        30208        15104
       15104            2           1.208        60416        30208
       15104            4           1.714       120832        60416
       15104            8           2.640       241664       120832
       15104           16           4.537       483328       241664
       15104           32           8.366       966656       483328
       15104           64          16.030      1933312       966656
       15104          128          31.281      3866624      1933312
       15104          256          61.863      7733248      3866624
       15104          512         123.209     15466496      7733248
       15104         1024         245.304     30932992     15466496
       15104         2048         489.763     61865984     30932992
       15104         4096         978.668    123731968     61865984
       16576            1           1.000        33152        16576
       16576            2           1.359        66304        33152
       16576            4           1.845       132608        66304
       16576            8           2.826       265216       132608
       16576           16           5.104       530432       265216
       16576           32           9.094      1060864       530432
       16576           64          17.507      2121728      1060864
       16576          128          34.006      4243456      2121728
       16576          256          67.633      8486912      4243456
       16576          512         134.442     16973824      8486912
       16576         1024         267.376     33947648     16973824
       16576         2048         540.299     67895296     33947648
       18176            1           1.010        36352        18176
       18176            2           1.293        72704        36352
       18176            4           1.873       145408        72704
       18176            8           3.018       290816       145408
       18176           16           5.307       581632       290816
       18176           32           9.880      1163264       581632
       18176           64          19.051      2326528      1163264
       18176          128          37.402      4653056      2326528
       18176          256          74.076      9306112      4653056
       18176          512         147.531     18612224      9306112
       18176         1024         294.227     37224448     18612224
       18176         2048         587.605     74448896     37224448
       19968            1           1.052        39936        19968
       19968            2           1.360        79872        39936
       19968            4           1.974       159744        79872
       19968            8           3.224       319488       159744
       19968           16           5.741       638976       319488
       19968           32          10.735      1277952       638976
       19968           64          20.771      2555904      1277952
       19968          128          40.810      5111808      2555904
       19968          256          81.026     10223616      5111808
       19968          512         161.209     20447232     10223616
       19968         1024         321.554     40894464     20447232
       19968         2048         642.264     81788928     40894464
       21952            1           1.086        43904        21952
       21952            2           1.429        87808        43904
       21952            4           2.120       175616        87808
       21952            8           3.501       351232       175616
       21952           16           6.204       702464       351232
       21952           32          11.678      1404928       702464
       21952           64          22.562      2809856      1404928
       21952          128          44.517      5619712      2809856
       21952          256          88.107     11239424      5619712
       21952          512         176.300     22478848     11239424
       21952         1024         350.985     44957696     22478848
       21952         2048         710.067     89915392     44957696
       24128            1           1.111        48256        24128
       24128            2           1.491        96512        48256
       24128            4           2.398       193024        96512
       24128            8           3.790       386048       193024
       24128           16           6.926       772096       386048
       24128           32          12.937      1544192       772096
       24128           64          25.001      3088384      1544192
       24128          128          58.299      6176768      3088384
       24128          256          98.075     12353536      6176768
       24128          512         203.755     24707072     12353536
       24128         1024         389.364     49414144     24707072
       24128         2048         771.063     98828288     49414144
       26496            1           1.160        52992        26496
       26496            2           1.575       105984        52992
       26496            4           2.390       211968       105984
       26496            8           4.042       423936       211968
       26496           16           7.570       847872       423936
       26496           32          13.930      1695744       847872
       26496           64          27.265      3391488      1695744
       26496          128          53.608      6782976      3391488
       26496          256         106.296     13565952      6782976
       26496          512         211.777     27131904     13565952
       26496         1024         422.675     54263808     27131904
       26496         2048         844.550    108527616     54263808
       29120            1           1.179        58240        29120
       29120            2           1.637       116480        58240
       29120            4           2.539       232960       116480
       29120            8           4.351       465920       232960
       29120           16           7.933       931840       465920
       29120           32          15.150      1863680       931840
       29120           64          29.520      3727360      1863680
       29120          128          58.091      7454720      3727360
       29120          256         115.915     14909440      7454720
       29120          512         230.091     29818880     14909440
       29120         1024         466.298     59637760     29818880
       29120         2048         924.229    119275520     59637760
       32000            1           1.303        64000        32000
       32000            2           1.739       128000        64000
       32000            4           2.703       256000       128000
       32000            8           4.700       512000       256000
       32000           16           8.661      1024000       512000
       32000           32          16.539      2048000      1024000
       32000           64          32.476      4096000      2048000
       32000          128          64.185      8192000      4096000
       32000          256         127.672     16384000      8192000
       32000          512         254.768     32768000     16384000
       32000         1024         508.661     65536000     32768000
       35200            1           1.484        70400        35200
       35200            2           1.836       140800        70400
       35200            4           2.952       281600       140800
       35200            8           5.091       563200       281600
       35200           16           9.522      1126400       563200
       35200           32          18.138      2252800      1126400
       35200           64          35.519      4505600      2252800
       35200          128          70.280      9011200      4505600
       35200          256         140.131     18022400      9011200
       35200          512         278.880     36044800     18022400
       35200         1024         556.888     72089600     36044800
       38720            1           1.527        77440        38720
       38720            2           1.938       154880        77440
       38720            4           3.243       309760       154880
       38720            8           5.519       619520       309760
       38720           16          10.409      1239040       619520
       38720           32          19.848      2478080      1239040
       38720           64          38.651      4956160      2478080
       38720          128          76.916      9912320      4956160
       38720          256         152.633     19824640      9912320
       38720          512         310.142     39649280     19824640
       38720         1024         613.296     79298560     39649280
       42560            1           1.385        85120        42560
       42560            2           2.139       170240        85120
       42560            4           3.350       340480       170240
       42560            8           5.937       680960       340480
       42560           16          11.212      1361920       680960
       42560           32          21.722      2723840      1361920
       42560           64          42.826      5447680      2723840
       42560          128          84.113     10895360      5447680
       42560          256         169.356     21790720     10895360
       42560          512         337.933     43581440     21790720
       42560         1024         675.132     87162880     43581440
       46784            1           1.582        93568        46784
       46784            2           2.179       187136        93568
       46784            4           3.619       374272       187136
       46784            8           6.559       748544       374272
       46784           16          12.368      1497088       748544
       46784           32          23.613      2994176      1497088
       46784           64          46.635      5988352      2994176
       46784          128          93.094     11976704      5988352
       46784          256         183.981     23953408     11976704
       46784          512         368.312     47906816     23953408
       46784         1024         731.860     95813632     47906816
       51456            1           1.544       102912        51456
       51456            2           2.321       205824       102912
       51456            4           3.897       411648       205824
       51456            8           7.070       823296       411648
       51456           16          13.366      1646592       823296
       51456           32          25.993      3293184      1646592
       51456           64          51.272      6586368      3293184
       51456          128         101.952     13172736      6586368
       51456          256         205.959     26345472     13172736
       51456          512         405.262     52690944     26345472
       51456         1024         809.550    105381888     52690944
       56576            1           1.608       113152        56576
       56576            2           2.481       226304       113152
       56576            4           4.182       452608       226304
       56576            8           7.726       905216       452608
       56576           16          14.643      1810432       905216
       56576           32          28.474      3620864      1810432
       56576           64          56.353      7241728      3620864
       56576          128         111.601     14483456      7241728
       56576          256         222.421     28966912     14483456
       56576          512         444.202     57933824     28966912
       56576         1024         887.751    115867648     57933824
       62208            1           1.696       124416        62208
       62208            2           2.626       248832       124416
       62208            4           4.558       497664       248832
       62208            8           8.346       995328       497664
       62208           16          16.013      1990656       995328
       62208           32          31.298      3981312      1990656
       62208           64          61.943      7962624      3981312
       62208          128         122.918     15925248      7962624
       62208          256         245.080     31850496     15925248
       62208          512         492.332     63700992     31850496
       68416            1           2.101       136832        68416
       68416            2           2.819       273664       136832
       68416            4           4.900       547328       273664
       68416            8           9.085      1094656       547328
       68416           16          17.503      2189312      1094656
       68416           32          34.186      4378624      2189312
       68416           64          67.738      8757248      4378624
       68416          128         134.919     17514496      8757248
       68416          256         268.023     35028992     17514496
       68416          512         537.368     70057984     35028992
       75200            1           2.214       150400        75200
       75200            2           3.105       300800       150400
       75200            4           5.344       601600       300800
       75200            8           9.895      1203200       601600
       75200           16          19.086      2406400      1203200
       75200           32          37.456      4812800      2406400
       75200           64          74.166      9625600      4812800
       75200          128         147.926     19251200      9625600
       75200          256         294.472     38502400     19251200
       75200          512         589.306     77004800     38502400
       82688            1           1.697       165376        82688
       82688            2           3.259       330752       165376
       82688            4           5.780       661504       330752
       82688            8          10.978      1323008       661504
       82688           16          21.048      2646016      1323008
       82688           32          41.049      5292032      2646016
       82688           64          81.516     10584064      5292032
       82688          128         162.299     21168128     10584064
       82688          256         323.600     42336256     21168128
       82688          512         646.423     84672512     42336256
       90944            1           1.905       181888        90944
       90944            2           3.699       363776       181888
       90944            4           6.308       727552       363776
       90944            8          11.807      1455104       727552
       90944           16          22.888      2910208      1455104
       90944           32          45.032      5820416      2910208
       90944           64          89.301     11640832      5820416
       90944          128         181.491     23281664     11640832
       90944          256         356.733     46563328     23281664
       90944          512         712.952     93126656     46563328
      100032            1           2.422       200064       100032
      100032            2           3.760       400128       200064
      100032            4           6.797       800256       400128
      100032            8          12.917      1600512       800256
      100032           16          25.117      3201024      1600512
      100032           32          49.441      6402048      3201024
      100032           64          98.294     12804096      6402048
      100032          128         195.323     25608192     12804096
      100032          256         391.003     51216384     25608192
      100032          512         780.663    102432768     51216384
      110016            1           2.730       220032       110016
      110016            2           4.067       440064       220032
      110016            4           7.439       880128       440064
      110016            8          14.107      1760256       880128
      110016           16          27.538      3520512      1760256
      110016           32          54.266      7041024      3520512
      110016           64         107.925     14082048      7041024
      110016          128         214.494     28164096     14082048
      110016          256         428.285     56328192     28164096
      110016          512         859.940    112656384     56328192
      120960            1           2.401       241920       120960
      120960            2           4.402       483840       241920
      120960            4           8.101       967680       483840
      120960            8          15.705      1935360       967680
      120960           16          30.244      3870720      1935360
      120960           32          59.676      7741440      3870720
      120960           64         118.464     15482880      7741440
      120960          128         236.268     30965760     15482880
      120960          256         471.709     61931520     30965760
      120960          512         942.765    123863040     61931520
      133056            1           3.707       266112       133056
      133056            2           4.871       532224       266112
      133056            4           8.825      1064448       532224
      133056            8          17.118      2128896      1064448
      133056           16          33.008      4257792      2128896
      133056           32          65.556      8515584      4257792
      133056           64         129.914     17031168      8515584
      133056          128         259.522     34062336     17031168
      133056          256         519.195     68124672     34062336
      146304            1           2.924       292608       146304
      146304            2           5.240       585216       292608
      146304            4           9.624      1170432       585216
      146304            8          18.542      2340864      1170432
      146304           16          36.403      4681728      2340864
      146304           32          71.848      9363456      4681728
      146304           64         142.942     18726912      9363456
      146304          128         285.205     37453824     18726912
      146304          256         578.517     74907648     37453824
      160896            1           2.969       321792       160896
      160896            2           5.639       643584       321792
      160896            4          10.591      1287168       643584
      160896            8          20.290      2574336      1287168
      160896           16          39.803      5148672      2574336
      160896           32          78.859     10297344      5148672
      160896           64         157.155     20594688     10297344
      160896          128         313.571     41189376     20594688
      160896          256         626.331     82378752     41189376
      176960            1           3.722       353920       176960
      176960            2           6.134       707840       353920
      176960            4          11.500      1415680       707840
      176960            8          22.253      2831360      1415680
      176960           16          43.681      5662720      2831360
      176960           32          86.476     11325440      5662720
      176960           64         172.213     22650880     11325440
      176960          128         344.200     45301760     22650880
      176960          256         687.620     90603520     45301760
      194624            1           3.766       389248       194624
      194624            2           6.648       778496       389248
      194624            4          12.571      1556992       778496
      194624            8          24.985      3113984      1556992
      194624           16          47.947      6227968      3113984
      194624           32          95.143     12455936      6227968
      194624           64         189.482     24911872     12455936
      194624          128         383.996     49823744     24911872
      194624          256         756.419     99647488     49823744
      214080            1           4.789       428160       214080
      214080            2           7.314       856320       428160
      214080            4          13.825      1712640       856320
      214080            8          26.820      3425280      1712640
      214080           16          52.775      6850560      3425280
      214080           32         104.706     13701120      6850560
      214080           64         208.586     27402240     13701120
      214080          128         415.098     54804480     27402240
      214080          256         831.458    109608960     54804480
      235456            1           5.259       470912       235456
      235456            2           8.118       941824       470912
      235456            4          15.256      1883648       941824
      235456            8          29.530      3767296      1883648
      235456           16          58.242      7534592      3767296
      235456           32         115.203     15069184      7534592
      235456           64         229.171     30138368     15069184
      235456          128         457.363     60276736     30138368
      235456          256         918.452    120553472     60276736
      258944            1           4.831       517888       258944
      258944            2           8.985      1035776       517888
      258944            4          16.816      2071552      1035776
      258944            8          32.563      4143104      2071552
      258944           16          63.983      8286208      4143104
      258944           32         126.743     16572416      8286208
      258944           64         252.467     33144832     16572416
      258944          128         503.550     66289664     33144832
      284800            1           6.509       569600       284800
      284800            2          10.299      1139200       569600
      284800            4          19.782      2278400      1139200
      284800            8          38.630      4556800      2278400
      284800           16          76.395      9113600      4556800
      284800           32         151.842     18227200      9113600
      284800           64         302.741     36454400     18227200
      284800          128         604.702     72908800     36454400
      313280            1           7.145       626560       313280
      313280            2          11.664      1253120       626560
      313280            4          22.219      2506240      1253120
      313280            8          43.766      5012480      2506240
      313280           16          86.577     10024960      5012480
      313280           32         172.352     20049920     10024960
      313280           64         343.423     40099840     20049920
      313280          128         687.321     80199680     40099840
      344576            1           8.155       689152       344576
      344576            2          12.547      1378304       689152
      344576            4          27.345      2756608      1378304
      344576            8          47.934      5513216      2756608
      344576           16          95.040     11026432      5513216
      344576           32         189.200     22052864     11026432
      344576           64         377.890     44105728     22052864
      344576          128         754.790     88211456     44105728
      379008            1           7.895       758016       379008
      379008            2          13.747      1516032       758016
      379008            4          26.705      3032064      1516032
      379008            8          52.761      6064128      3032064
      379008           16         104.497     12128256      6064128
      379008           32         208.153     24256512     12128256
      379008           64         415.457     48513024     24256512
      379008          128         830.206     97026048     48513024
      416896            1           9.271       833792       416896
      416896            2          15.013      1667584       833792
      416896            4          29.319      3335168      1667584
      416896            8          57.824      6670336      3335168
      416896           16         114.802     13340672      6670336
      416896           32         228.858     26681344     13340672
      416896           64         460.174     53362688     26681344
      416896          128         913.040    106725376     53362688
      458560            1          10.747       917120       458560
      458560            2          16.472      1834240       917120
      458560            4          32.186      3668480      1834240
      458560            8          63.529      7336960      3668480
      458560           16         126.235     14673920      7336960
      458560           32         251.761     29347840     14673920
      458560           64         502.604     58695680     29347840
      458560          128        1004.447    117391360     58695680
      504384            1          12.090      1008768       504384
      504384            2          18.153      2017536      1008768
      504384            4          35.276      4035072      2017536
      504384            8          69.795      8070144      4035072
      504384           16         138.740     16140288      8070144
      504384           32         276.855     32280576     16140288
      504384           64         555.386     64561152     32280576
      554816            1          11.712      1109632       554816
      554816            2          19.746      2219264      1109632
      554816            4          38.716      4438528      2219264
      554816            8          76.646      8877056      4438528
      554816           16         152.564     17754112      8877056
      554816           32         304.414     35508224     17754112
      554816           64         608.045     71016448     35508224
      610240            1          13.453      1220480       610240
      610240            2          21.669      2440960      1220480
      610240            4          42.522      4881920      2440960
      610240            8          84.222      9763840      4881920
      610240           16         167.641     19527680      9763840
      610240           32         334.575     39055360     19527680
      610240           64         667.960     78110720     39055360
      671232            1          14.372      1342464       671232
      671232            2          23.914      2684928      1342464
      671232            4          46.696      5369856      2684928
      671232            8          92.509     10739712      5369856
      671232           16         184.311     21479424     10739712
      671232           32         367.915     42958848     21479424
      671232           64         737.850     85917696     42958848
      738304            1          15.834      1476608       738304
      738304            2          26.136      2953216      1476608
      738304            4          51.341      5906432      2953216
      738304            8         101.816     11812864      5906432
      738304           16         202.914     23625728     11812864
      738304           32         404.886     47251456     23625728
      738304           64         809.026     94502912     47251456
      812096            1          17.404      1624192       812096
      812096            2          28.573      3248384      1624192
      812096            4          56.320      6496768      3248384
      812096            8         111.964     12993536      6496768
      812096           16         222.826     25987072     12993536
      812096           32         445.959     51974144     25987072
      812096           64         889.958    103948288     51974144
      893248            1          21.113      1786496       893248
      893248            2          31.436      3572992      1786496
      893248            4          61.936      7145984      3572992
      893248            8         123.057     14291968      7145984
      893248           16         248.770     28583936     14291968
      893248           32         489.295     57167872     28583936
      893248           64         977.688    114335744     57167872
      982528            1          21.703      1965056       982528
      982528            2          34.487      3930112      1965056
      982528            4          68.035      7860224      3930112
      982528            8         135.171     15720448      7860224
      982528           16         269.457     31440896     15720448
      982528           32         538.045     62881792     31440896
     1080768            1          23.923      2161536      1080768
     1080768            2          37.741      4323072      2161536
     1080768            4          74.684      8646144      4323072
     1080768            8         148.596     17292288      8646144
     1080768           16         296.320     34584576     17292288
     1080768           32         591.885     69169152     34584576
     1188800            1          25.722      2377600      1188800
     1188800            2          41.517      4755200      2377600
     1188800            4          82.145      9510400      4755200
     1188800            8         166.672     19020800      9510400
     1188800           16         325.879     38041600     19020800
     1188800           32         652.137     76083200     38041600
     1307648            1          29.760      2615296      1307648
     1307648            2          45.814      5230592      2615296
     1307648            4          90.529     10461184      5230592
     1307648            8         180.200     20922368     10461184
     1307648           16         359.354     41844736     20922368
     1307648           32         717.727     83689472     41844736
     1438400            1          32.000      2876800      1438400
     1438400            2          50.239      5753600      2876800
     1438400            4          99.158     11507200      5753600
     1438400            8         198.713     23014400     11507200
     1438400           16         396.880     46028800     23014400
     1438400           32         798.238     92057600     46028800
     1582208            1          35.457      3164416      1582208
     1582208            2          55.196      6328832      3164416
     1582208            4         110.931     12657664      6328832
     1582208            8         221.457     25315328     12657664
     1582208           16         441.671     50630656     25315328
     1582208           32         884.056    101261312     50630656
     1740416            1          38.687      3480832      1740416
     1740416            2          61.480      6961664      3480832
     1740416            4         121.471     13923328      6961664
     1740416            8         241.460     27846656     13923328
     1740416           16         483.115     55693312     27846656
     1740416           32         966.421    111386624     55693312
     1914432            1          42.479      3828864      1914432
     1914432            2          67.529      7657728      3828864
     1914432            4         139.944     15315456      7657728
     1914432            8         267.418     30630912     15315456
     1914432           16         536.226     61261824     30630912
     1914432           32        1072.024    122523648     61261824
     2105856            1          49.240      4211712      2105856
     2105856            2          75.224      8423424      4211712
     2105856            4         148.604     16846848      8423424
     2105856            8         296.488     33693696     16846848
     2105856           16         589.468     67387392     33693696
     2316416            1          51.979      4632832      2316416
     2316416            2          82.824      9265664      4632832
     2316416            4         163.556     18531328      9265664
     2316416            8         325.283     37062656     18531328
     2316416           16         654.848     74125312     37062656
     2548032            1          58.109      5096064      2548032
     2548032            2          91.154     10192128      5096064
     2548032            4         180.528     20384256     10192128
     2548032            8         359.939     40768512     20384256
     2548032           16         716.552     81537024     40768512
     2802816            1          63.584      5605632      2802816
     2802816            2         100.448     11211264      5605632
     2802816            4         199.947     22422528     11211264
     2802816            8         396.170     44845056     22422528
     2802816           16         790.566     89690112     44845056
     3083072            1          69.889      6166144      3083072
     3083072            2         110.504     12332288      6166144
     3083072            4         219.739     24664576     12332288
     3083072            8         443.271     49329152     24664576
     3083072           16         871.653     98658304     49329152
     3391360            1          76.685      6782720      3391360
     3391360            2         122.563     13565440      6782720
     3391360            4         242.259     27130880     13565440
     3391360            8         481.416     54261760     27130880
     3391360           16         960.527    108523520     54261760
     3730496            1          84.644      7460992      3730496
     3730496            2         133.732     14921984      7460992
     3730496            4         266.374     29843968     14921984
     3730496            8         536.797     59687936     29843968
     3730496           16        1057.615    119375872     59687936
     4103488            1          93.234      8206976      4103488
     4103488            2         147.948     16413952      8206976
     4103488            4         293.074     32827904     16413952
     4103488            8         583.307     65655808     32827904
     4513792            1         103.031      9027584      4513792
     4513792            2         161.610     18055168      9027584
     4513792            4         322.296     36110336     18055168
     4513792            8         641.505     72220672     36110336
     4965120            1         112.052      9930240      4965120
     4965120            2         177.434     19860480      9930240
     4965120            4         361.026     39720960     19860480
     4965120            8         704.514     79441920     39720960
     5461632            1         125.378     10923264      5461632
     5461632            2         196.030     21846528     10923264
     5461632            4         389.233     43693056     21846528
     5461632            8         775.892     87386112     43693056
     6007744            1         136.664     12015488      6007744
     6007744            2         215.409     24030976     12015488
     6007744            4         426.809     48061952     24030976
     6007744            8         852.921     96123904     48061952
     6608512            1         156.042     13217024      6608512
     6608512            2         236.697     26434048     13217024
     6608512            4         470.459     52868096     26434048
     6608512            8         937.027    105736192     52868096
     7269312            1         166.713     14538624      7269312
     7269312            2         258.843     29077248     14538624
     7269312            4         516.297     58154496     29077248
     7269312            8        1031.491    116308992     58154496
     7996224            1         182.429     15992448      7996224
     7996224            2         291.339     31984896     15992448
     7996224            4         568.639     63969792     31984896
     8795840            1         201.047     17591680      8795840
     8795840            2         313.776     35183360     17591680
     8795840            4         624.921     70366720     35183360
     9675392            1         220.374     19350784      9675392
     9675392            2         344.196     38701568     19350784
     9675392            4         687.674     77403136     38701568
    10642880            1         242.839     21285760     10642880
    10642880            2         379.354     42571520     21285760
    10642880            4         780.530     85143040     42571520
    11707136            1         267.181     23414272     11707136
    11707136            2         417.066     46828544     23414272
    11707136            4         830.960     93657088     46828544
    12877824            1         293.399     25755648     12877824
    12877824            2         460.198     51511296     25755648
    12877824            4         914.800    103022592     51511296
    14165568            1         333.847     28331136     14165568
    14165568            2         508.154     56662272     28331136
    14165568            4        1010.103    113324544     56662272
    15582080            1         358.025     31164160     15582080
    15582080            2         560.553     62328320     31164160
    15582080            4        1117.296    124656640     62328320
    17140288            1         398.720     34280576     17140288
    17140288            2         624.116     68561152     34280576
    18854272            1         436.282     37708544     18854272
    18854272            2         713.426     75417088     37708544
    20739648            1         494.676     41479296     20739648
    20739648            2         994.442     82958592     41479296
    22813568            1         667.239     45627136     22813568
    22813568            2        1626.617     91254272     45627136
    25094912            1         991.331     50189824     25094912
    25094912            2        2580.894    100379648     50189824
    27604352            1        1480.448     55208704     27604352
    27604352            2        3482.700    110417408     55208704
    30364736            1        1962.379     60729472     30364736
    30364736            2        4323.505    121458944     60729472
    33401152            1        2380.172     66802304     33401152
    36741248            1        2815.866     73482496     36741248
    40415360            1        3161.714     80830720     40415360
    44456896            1        3525.679     88913792     44456896
    48902528            1        3874.426     97805056     48902528
    53792768            1        4343.944    107585536     53792768
    59172032            1        4691.516    118344064     59172032

META_DATA
MPI_PROCS      1
OPENMP_THREADS 8
FLOPS          8
ERT_VERSION  1.0.0
TIMESTAMP_DATA  1594852875.63
HOSTNAME  ('apollo-PowerEdge-R430', [], ['127.0.1.1'])
UNAME  ('Linux', 'apollo-PowerEdge-R430', '4.19.129-0419129-generic', '#202006220433 SMP Mon Jun 22 09:12:54 UTC 2020', 'x86_64', 'x86_64')
CONFIG  {'ERT_WORKING_SET_MIN': ['1'], 'ERT_CFLAGS': ['-O3'], 'ERT_CC': ['gcc'], 'ERT_MPI_CFLAGS': [], 'ERT_MPI_LDFLAGS': [], 'ERT_MEMORY_MAX': ['62497788'], 'ERT_PROCS_THREADS': ['8'], 'ERT_LDFLAGS': [], 'ERT_LDLIBS': [], 'ERT_SPEC_GBYTES_DRAM': ['1.0'], 'ERT_RUN': ['export', 'KMP_AFFINITY=scatter;', 'export', 'OMP_NUM_THREADS=ERT_OPENMP_THREADS;', 'ERT_CODE'], 'ERT_FLOPS': ['1,2,4,8,16'], 'ERT_OPENMP_CFLAGS': ['-fopenmp'], 'ERT_SPEC_GFLOPS': ['1.0'], 'ERT_MPI': ['False'], 'ERT_TRIALS_MIN': ['1'], 'ERT_DRIVER': ['driver1'], 'ERT_RESULTS': ['Results.x86'], 'ERT_OPENMP': ['True'], 'ERT_MPI_PROCS': ['1'], 'ERT_KERNEL': ['kernel1'], 'ERT_OPENMP_THREADS': ['1-32'], 'ERT_LD': ['gcc'], 'ERT_NUM_EXPERIMENTS': ['6'], 'ERT_OPENMP_LDFLAGS': ['-fopenmp'], 'ERT_ALIGN': ['32'], 'ERT_GNUPLOT': ['gnuplot']}
