          64            1           1.594          128           64
          64            2           0.788          256          128
          64            4           0.769          512          256
          64            8           0.792         1024          512
          64           16           1.001         2048         1024
          64           32           1.085         4096         2048
          64           64           1.501         8192         4096
          64          128           2.499        16384         8192
          64          256           4.217        32768        16384
          64          512           7.438        65536        32768
          64         1024          15.271       131072        65536
          64         2048          30.631       262144       131072
          64         4096          61.371       524288       262144
          64         8192         122.845      1048576       524288
          64        16384         245.749      2097152      1048576
          64        32768         491.975      4194304      2097152
          64        65536         983.798      8388608      4194304
          64       131072        1972.341     16777216      8388608
          64       262144        3893.894     33554432     16777216
          64       524288        6854.392     67108864     33554432
         128            1           0.833          256          128
         128            2           0.749          512          256
         128            4           0.800         1024          512
         128            8           0.803         2048         1024
         128           16           0.972         4096         2048
         128           32           1.117         8192         4096
         128           64           1.680        16384         8192
         128          128           2.370        32768        16384
         128          256           4.122        65536        32768
         128          512           7.523       131072        65536
         128         1024          14.168       262144       131072
         128         2048          27.450       524288       262144
         128         4096          54.262      1048576       524288
         128         8192         107.679      2097152      1048576
         128        16384         214.646      4194304      2097152
         128        32768         435.064      8388608      4194304
         128        65536         856.524     16777216      8388608
         128       131072        1712.315     33554432     16777216
         128       262144        3428.747     67108864     33554432
         192            1           0.791          384          192
         192            2           0.800          768          384
         192            4           0.772         1536          768
         192            8           0.948         3072         1536
         192           16           0.911         6144         3072
         192           32           1.117        12288         6144
         192           64           1.532        24576        12288
         192          128           2.374        49152        24576
         192          256           4.042        98304        49152
         192          512           7.383       196608        98304
         192         1024          14.071       393216       196608
         192         2048          27.526       786432       393216
         192         4096          54.270      1572864       786432
         192         8192         107.679      3145728      1572864
         192        16384         214.819      6291456      3145728
         192        32768         428.614     12582912      6291456
         192        65536         862.064     25165824     12582912
         192       131072        1712.325     50331648     25165824
         192       262144        3428.877    100663296     50331648
         256            1           0.757          512          256
         256            2           0.778         1024          512
         256            4           0.778         2048         1024
         256            8           0.811         4096         2048
         256           16           0.911         8192         4096
         256           32           1.115        16384         8192
         256           64           1.539        32768        16384
         256          128           2.382        65536        32768
         256          256           4.204       131072        65536
         256          512           7.387       262144       131072
         256         1024          14.067       524288       262144
         256         2048          27.436      1048576       524288
         256         4096          54.187      2097152      1048576
         256         8192         107.673      4194304      2097152
         256        16384         214.650      8388608      4194304
         256        32768         428.601     16777216      8388608
         256        65536         856.509     33554432     16777216
         256       131072        1717.320     67108864     33554432
         320            1           0.745          640          320
         320            2           0.865         1280          640
         320            4           0.894         2560         1280
         320            8           0.921         5120         2560
         320           16           1.084        10240         5120
         320           32           1.285        20480        10240
         320           64           1.685        40960        20480
         320          128           2.442        81920        40960
         320          256           4.054       163840        81920
         320          512           7.394       327680       163840
         320         1024          14.099       655360       327680
         320         2048          27.586      1310720       655360
         320         4096          54.410      2621440      1310720
         320         8192         107.916      5242880      2621440
         320        16384         214.816     10485760      5242880
         320        32768         428.749     20971520     10485760
         320        65536         856.856     41943040     20971520
         320       131072        1719.521     83886080     41943040
         384            1           0.760          768          384
         384            2           0.756         1536          768
         384            4           0.777         3072         1536
         384            8           0.820         6144         3072
         384           16           1.068        12288         6144
         384           32           1.134        24576        12288
         384           64           1.547        49152        24576
         384          128           2.387        98304        49152
         384          256           4.238       196608        98304
         384          512           7.439       393216       196608
         384         1024          14.087       786432       393216
         384         2048          27.469      1572864       786432
         384         4096          54.259      3145728      1572864
         384         8192         107.689      6291456      3145728
         384        16384         214.665     12582912      6291456
         384        32768         428.778     25165824     12582912
         384        65536         856.523     50331648     25165824
         384       131072        1712.428    100663296     50331648
         448            1           0.839          896          448
         448            2           0.936         1792          896
         448            4           0.911         3584         1792
         448            8           0.815         7168         3584
         448           16           0.928        14336         7168
         448           32           1.132        28672        14336
         448           64           1.622        57344        28672
         448          128           2.395       114688        57344
         448          256           4.089       229376       114688
         448          512           7.474       458752       229376
         448         1024          14.262       917504       458752
         448         2048          27.731      1835008       917504
         448         4096          54.755      3670016      1835008
         448         8192         108.560      7340032      3670016
         448        16384         233.728     14680064      7340032
         448        32768         461.761     29360128     14680064
         448        65536         864.365     58720256     29360128
         448       131072        1729.013    117440512     58720256
         512            1           0.760         1024          512
         512            2           0.796         2048         1024
         512            4           0.804         4096         2048
         512            8           0.819         8192         4096
         512           16           0.924        16384         8192
         512           32           1.138        32768        16384
         512           64           1.554        65536        32768
         512          128           2.392       131072        65536
         512          256           4.085       262144       131072
         512          512           7.442       524288       262144
         512         1024          14.208      1048576       524288
         512         2048          27.572      2097152      1048576
         512         4096          54.329      4194304      2097152
         512         8192         108.010      8388608      4194304
         512        16384         215.991     16777216      8388608
         512        32768         437.423     33554432     16777216
         512        65536         865.818     67108864     33554432
         576            1           0.759         1152          576
         576            2           0.792         2304         1152
         576            4           0.802         4608         2304
         576            8           0.845         9216         4608
         576           16           0.936        18432         9216
         576           32           1.141        36864        18432
         576           64           1.578        73728        36864
         576          128           2.415       147456        73728
         576          256           4.102       294912       147456
         576          512           7.513       589824       294912
         576         1024          14.275      1179648       589824
         576         2048          27.134      2359296      1179648
         576         4096          55.007      4718592      2359296
         576         8192         108.275      9437184      4718592
         576        16384         217.561     18874368      9437184
         576        32768         434.265     37748736     18874368
         576        65536         867.814     75497472     37748736
         640            1           0.775         1280          640
         640            2           0.903         2560         1280
         640            4           0.928         5120         2560
         640            8           0.834        10240         5120
         640           16           0.934        20480        10240
         640           32           1.150        40960        20480
         640           64           1.677        81920        40960
         640          128           2.630       163840        81920
         640          256           4.205       327680       163840
         640          512           7.611       655360       327680
         640         1024          14.318      1310720       655360
         640         2048          27.940      2621440      1310720
         640         4096          54.521      5242880      2621440
         640         8192         107.998     10485760      5242880
         640        16384         214.689     20971520     10485760
         640        32768         429.536     41943040     20971520
         640        65536         862.995     83886080     41943040
         704            1           0.784         1408          704
         704            2           0.790         2816         1408
         704            4           0.922         5632         2816
         704            8           1.020        11264         5632
         704           16           1.101        22528        11264
         704           32           1.189        45056        22528
         704           64           1.635        90112        45056
         704          128           2.531       180224        90112
         704          256           4.331       360448       180224
         704          512           7.964       720896       360448
         704         1024          15.134      1441792       720896
         704         2048          29.683      2883584      1441792
         704         4096          58.574      5767168      2883584
         704         8192         116.334     11534336      5767168
         704        16384         231.504     23068672     11534336
         704        32768         462.360     46137344     23068672
         704        65536         923.827     92274688     46137344
         768            1           0.748         1536          768
         768            2           0.771         3072         1536
         768            4           0.798         6144         3072
         768            8           0.841        12288         6144
         768           16           0.965        24576        12288
         768           32           1.187        49152        24576
         768           64           1.631        98304        49152
         768          128           2.518       196608        98304
         768          256           4.341       393216       196608
         768          512           7.936       786432       393216
         768         1024          15.093      1572864       786432
         768         2048          29.615      3145728      1572864
         768         4096          58.397      6291456      3145728
         768         8192         115.991     12582912      6291456
         768        16384         230.782     25165824     12582912
         768        32768         460.696     50331648     25165824
         768        65536         925.083    100663296     50331648
         832            1           0.750         1664          832
         832            2           0.784         3328         1664
         832            4           0.806         6656         3328
         832            8           0.854        13312         6656
         832           16           0.972        26624        13312
         832           32           1.304        53248        26624
         832           64           1.834       106496        53248
         832          128           2.715       212992       106496
         832          256           4.485       425984       212992
         832          512           8.354       851968       425984
         832         1024          15.820      1703936       851968
         832         2048          30.847      3407872      1703936
         832         4096          60.850      6815744      3407872
         832         8192         121.102     13631488      6815744
         832        16384         241.024     27262976     13631488
         832        32768         480.803     54525952     27262976
         832        65536         961.754    109051904     54525952
         896            1           0.817         1792          896
         896            2           0.785         3584         1792
         896            4           0.802         7168         3584
         896            8           0.854        14336         7168
         896           16           0.977        28672        14336
         896           32           1.205        57344        28672
         896           64           1.665       114688        57344
         896          128           2.620       229376       114688
         896          256           4.484       458752       229376
         896          512           8.249       917504       458752
         896         1024          15.884      1835008       917504
         896         2048          30.889      3670016      1835008
         896         4096          60.911      7340032      3670016
         896         8192         120.967     14680064      7340032
         896        16384         241.137     29360128     14680064
         896        32768         481.437     58720256     29360128
         896        65536         967.204    117440512     58720256
         960            1           0.748         1920          960
         960            2           0.788         3840         1920
         960            4           0.819         7680         3840
         960            8           0.864        15360         7680
         960           16           0.999        30720        15360
         960           32           1.260        61440        30720
         960           64           1.766       122880        61440
         960          128           2.804       245760       122880
         960          256           4.843       491520       245760
         960          512           8.974       983040       491520
         960         1024          17.200      1966080       983040
         960         2048          33.802      3932160      1966080
         960         4096          66.676      7864320      3932160
         960         8192         132.586     15728640      7864320
         960        16384         264.339     31457280     15728640
         960        32768         527.958     62914560     31457280
        1024            1           0.763         2048         1024
        1024            2           0.804         4096         2048
        1024            4           0.804         8192         4096
        1024            8           0.877        16384         8192
        1024           16           0.985        32768        16384
        1024           32           1.260        65536        32768
        1024           64           1.764       131072        65536
        1024          128           2.790       262144       131072
        1024          256           4.867       524288       262144
        1024          512           8.989      1048576       524288
        1024         1024          17.290      2097152      1048576
        1024         2048          33.790      4194304      2097152
        1024         4096          66.783      8388608      4194304
        1024         8192         132.489     16777216      8388608
        1024        16384         264.314     33554432     16777216
        1024        32768         527.468     67108864     33554432
        1088            1           0.760         2176         1088
        1088            2           0.794         4352         2176
        1088            4           0.828         8704         4352
        1088            8           1.018        17408         8704
        1088           16           1.072        34816        17408
        1088           32           1.394        69632        34816
        1088           64           1.876       139264        69632
        1088          128           3.099       278528       139264
        1088          256           5.406       557056       278528
        1088          512           9.926      1114112       557056
        1088         1024          19.070      2228224      1114112
        1088         2048          37.469      4456448      2228224
        1088         4096          74.306      8912896      4456448
        1088         8192         147.514     17825792      8912896
        1088        16384         294.072     35651584     17825792
        1088        32768         587.105     71303168     35651584
        1152            1           0.763         2304         1152
        1152            2           0.799         4608         2304
        1152            4           0.953         9216         4608
        1152            8           0.890        18432         9216
        1152           16           1.135        36864        18432
        1152           32           1.330        73728        36864
        1152           64           1.896       147456        73728
        1152          128           3.112       294912       147456
        1152          256           5.500       589824       294912
        1152          512          10.125      1179648       589824
        1152         1024          19.396      2359296      1179648
        1152         2048          38.020      4718592      2359296
        1152         4096          74.954      9437184      4718592
        1152         8192         152.759     18874368      9437184
        1152        16384         297.448     37748736     18874368
        1152        32768         593.941     75497472     37748736
        1216            1           0.759         2432         1216
        1216            2           0.799         4864         2432
        1216            4           0.829         9728         4864
        1216            8           0.895        19456         9728
        1216           16           1.062        38912        19456
        1216           32           1.372        77824        38912
        1216           64           2.007       155648        77824
        1216          128           3.283       311296       155648
        1216          256           5.829       622592       311296
        1216          512          10.930      1245184       622592
        1216         1024          21.126      2490368      1245184
        1216         2048          41.609      4980736      2490368
        1216         4096          82.339      9961472      4980736
        1216         8192         163.810     19922944      9961472
        1216        16384         326.881     39845888     19922944
        1216        32768         652.427     79691776     39845888
        1280            1           0.765         2560         1280
        1280            2           0.896         5120         2560
        1280            4           0.831        10240         5120
        1280            8           0.897        20480        10240
        1280           16           1.050        40960        20480
        1280           32           1.374        81920        40960
        1280           64           2.096       163840        81920
        1280          128           3.283       327680       163840
        1280          256           5.837       655360       327680
        1280          512          10.939      1310720       655360
        1280         1024          21.144      2621440      1310720
        1280         2048          41.770      5242880      2621440
        1280         4096          82.339     10485760      5242880
        1280         8192         163.956     20971520     10485760
        1280        16384         327.046     41943040     20971520
        1280        32768         653.194     83886080     41943040
        1408            1           0.764         2816         1408
        1408            2           0.844         5632         2816
        1408            4           0.909        11264         5632
        1408            8           0.914        22528        11264
        1408           16           1.179        45056        22528
        1408           32           1.541        90112        45056
        1408           64           2.151       180224        90112
        1408          128           3.548       360448       180224
        1408          256           6.373       720896       360448
        1408          512          12.071      1441792       720896
        1408         1024          23.294      2883584      1441792
        1408         2048          45.889      5767168      2883584
        1408         4096          90.887     11534336      5767168
        1408         8192         186.694     23068672     11534336
        1408        16384         361.255     46137344     23068672
        1408        32768         721.520     92274688     46137344
        1536            1           0.762         3072         1536
        1536            2           0.801         6144         3072
        1536            4           0.826        12288         6144
        1536            8           0.925        24576        12288
        1536           16           1.126        49152        24576
        1536           32           1.496        98304        49152
        1536           64           2.257       196608        98304
        1536          128           3.773       393216       196608
        1536          256           6.817       786432       393216
        1536          512          12.893      1572864       786432
        1536         1024          25.185      3145728      1572864
        1536         2048          49.521      6291456      3145728
        1536         4096          98.164     12582912      6291456
        1536         8192         195.409     25165824     12582912
        1536        16384         390.075     50331648     25165824
        1536        32768         779.299    100663296     50331648
        1664            1           0.768         3328         1664
        1664            2           0.800         6656         3328
        1664            4           0.857        13312         6656
        1664            8           0.948        26624        13312
        1664           16           1.154        53248        26624
        1664           32           1.564       106496        53248
        1664           64           2.396       212992       106496
        1664          128           4.085       425984       212992
        1664          256           7.363       851968       425984
        1664          512          13.987      1703936       851968
        1664         1024          27.376      3407872      1703936
        1664         2048          53.885      6815744      3407872
        1664         4096         106.859     13631488      6815744
        1664         8192         212.772     27262976     13631488
        1664        16384         424.810     54525952     27262976
        1664        32768         863.037    109051904     54525952
        1792            1           0.767         3584         1792
        1792            2           0.992         7168         3584
        1792            4           0.860        14336         7168
        1792            8           0.961        28672        14336
        1792           16           1.184        57344        28672
        1792           32           1.630       114688        57344
        1792           64           2.655       229376       114688
        1792          128           4.391       458752       229376
        1792          256           7.814       917504       458752
        1792          512          15.059      1835008       917504
        1792         1024          29.181      3670016      1835008
        1792         2048          57.549      7340032      3670016
        1792         4096         114.085     14680064      7340032
        1792         8192         227.229     29360128     14680064
        1792        16384         453.646     58720256     29360128
        1792        32768         907.729    117440512     58720256
        1920            1           0.869         3840         1920
        1920            2           0.814         7680         3840
        1920            4           0.866        15360         7680
        1920            8           0.969        30720        15360
        1920           16           1.223        61440        30720
        1920           32           1.690       122880        61440
        1920           64           2.640       245760       122880
        1920          128           4.561       491520       245760
        1920          256           8.355       983040       491520
        1920          512          16.006      1966080       983040
        1920         1024          31.335      3932160      1966080
        1920         2048          61.852      7864320      3932160
        1920         4096         122.872     15728640      7864320
        1920         8192         244.809     31457280     15728640
        1920        16384         488.736     62914560     31457280
        2112            1           0.825         4224         2112
        2112            2           0.892         8448         4224
        2112            4           1.042        16896         8448
        2112            8           1.100        33792        16896
        2112           16           1.266        67584        33792
        2112           32           1.799       135168        67584
        2112           64           2.942       270336       135168
        2112          128           5.010       540672       270336
        2112          256           9.358      1081344       540672
        2112          512          17.841      2162688      1081344
        2112         1024          35.009      4325376      2162688
        2112         2048          69.227      8650752      4325376
        2112         4096         137.600     17301504      8650752
        2112         8192         273.641     34603008     17301504
        2112        16384         553.067     69206016     34603008
        2304            1           0.782         4608         2304
        2304            2           0.872         9216         4608
        2304            4           1.066        18432         9216
        2304            8           1.076        36864        18432
        2304           16           1.406        73728        36864
        2304           32           1.876       147456        73728
        2304           64           3.009       294912       147456
        2304          128           5.456       589824       294912
        2304          256           9.862      1179648       589824
        2304          512          19.138      2359296      1179648
        2304         1024          37.325      4718592      2359296
        2304         2048          73.368      9437184      4718592
        2304         4096         145.954     18874368      9437184
        2304         8192         290.860     37748736     18874368
        2304        16384         580.936     75497472     37748736
        2496            1           1.125         4992         2496
        2496            2           0.871         9984         4992
        2496            4           0.920        19968         9984
        2496            8           1.129        39936        19968
        2496           16           1.555        79872        39936
        2496           32           1.986       159744        79872
        2496           64           3.254       319488       159744
        2496          128           5.658       638976       319488
        2496          256          11.487      1277952       638976
        2496          512          23.239      2555904      1277952
        2496         1024          46.818      5111808      2555904
        2496         2048          94.109     10223616      5111808
        2496         4096         187.836     20447232     10223616
        2496         8192         374.222     40894464     20447232
        2496        16384         755.728     81788928     40894464
        2688            1           0.793         5376         2688
        2688            2           0.881        10752         5376
        2688            4           0.954        21504        10752
        2688            8           1.075        43008        21504
        2688           16           1.402        86016        43008
        2688           32           2.059       172032        86016
        2688           64           3.378       344064       172032
        2688          128           6.043       688128       344064
        2688          256          11.366      1376256       688128
        2688          512          22.091      2752512      1376256
        2688         1024          43.312      5505024      2752512
        2688         2048          85.762     11010048      5505024
        2688         4096         170.645     22020096     11010048
        2688         8192         340.467     44040192     22020096
        2688        16384         691.242     88080384     44040192
        2944            1           0.798         5888         2944
        2944            2           0.837        11776         5888
        2944            4           0.937        23552        11776
        2944            8           1.108        47104        23552
        2944           16           1.470        94208        47104
        2944           32           2.196       188416        94208
        2944           64           3.637       376832       188416
        2944          128           6.546       753664       376832
        2944          256          12.355      1507328       753664
        2944          512          24.092      3014656      1507328
        2944         1024          47.302      6029312      3014656
        2944         2048          93.763     12058624      6029312
        2944         4096         186.526     24117248     12058624
        2944         8192         372.486     48234496     24117248
        2944        16384         743.911     96468992     48234496
        3200            1           0.786         6400         3200
        3200            2           1.039        12800         6400
        3200            4           0.948        25600        12800
        3200            8           1.262        51200        25600
        3200           16           1.516       102400        51200
        3200           32           2.412       204800       102400
        3200           64           3.874       409600       204800
        3200          128           7.124       819200       409600
        3200          256          13.361      1638400       819200
        3200          512          26.075      3276800      1638400
        3200         1024          51.361      6553600      3276800
        3200         2048         101.735     13107200      6553600
        3200         4096         202.538     26214400     13107200
        3200         8192         404.493     52428800     26214400
        3200        16384         807.908    104857600     52428800
        3520            1           0.824         7040         3520
        3520            2           0.898        14080         7040
        3520            4           0.964        28160        14080
        3520            8           1.177        56320        28160
        3520           16           1.611       112640        56320
        3520           32           2.486       225280       112640
        3520           64           4.245       450560       225280
        3520          128           7.767       901120       450560
        3520          256          14.754      1802240       901120
        3520          512          28.893      3604480      1802240
        3520         1024          56.890      7208960      3604480
        3520         2048         116.632     14417920      7208960
        3520         4096         225.248     28835840     14417920
        3520         8192         449.662     57671680     28835840
        3520        16384         898.726    115343360     57671680
        3840            1           0.801         7680         3840
        3840            2           0.852        15360         7680
        3840            4           0.994        30720        15360
        3840            8           1.230        61440        30720
        3840           16           1.696       122880        61440
        3840           32           2.606       245760       122880
        3840           64           4.498       491520       245760
        3840          128           8.252       983040       491520
        3840          256          15.778      1966080       983040
        3840          512          30.916      3932160      1966080
        3840         1024          60.978      7864320      3932160
        3840         2048         121.084     15728640      7864320
        3840         4096         241.441     31457280     15728640
        3840         8192         481.989     62914560     31457280
        4224            1           0.831         8448         4224
        4224            2           0.895        16896         8448
        4224            4           1.018        33792        16896
        4224            8           1.313        67584        33792
        4224           16           1.857       135168        67584
        4224           32           2.996       270336       135168
        4224           64           5.287       540672       270336
        4224          128           9.831      1081344       540672
        4224          256          18.939      2162688      1081344
        4224          512          37.269      4325376      2162688
        4224         1024          73.664      8650752      4325376
        4224         2048         146.470     17301504      8650752
        4224         4096         292.103     34603008     17301504
        4224         8192         583.354     69206016     34603008
        4608            1           0.867         9216         4608
        4608            2           0.891        18432         9216
        4608            4           1.048        36864        18432
        4608            8           1.297        73728        36864
        4608           16           1.855       147456        73728
        4608           32           2.974       294912       147456
        4608           64           5.243       589824       294912
        4608          128           9.754      1179648       589824
        4608          256          18.774      2359296      1179648
        4608          512          36.916      4718592      2359296
        4608         1024          72.942      9437184      4718592
        4608         2048         151.399     18874368      9437184
        4608         4096         289.251     37748736     18874368
        4608         8192         577.496     75497472     37748736
        5056            1           0.857        10112         5056
        5056            2           0.921        20224        10112
        5056            4           1.085        40448        20224
        5056            8           1.411        80896        40448
        5056           16           2.087       161792        80896
        5056           32           3.440       323584       161792
        5056           64           5.783       647168       323584
        5056          128          10.812      1294336       647168
        5056          256          21.757      2588672      1294336
        5056          512          43.763      5177344      2588672
        5056         1024          87.233     10354688      5177344
        5056         2048         175.550     20709376     10354688
        5056         4096         350.964     41418752     20709376
        5056         8192         702.242     82837504     41418752
        5504            1           1.057        11008         5504
        5504            2           0.936        22016        11008
        5504            4           1.109        44032        22016
        5504            8           1.468        88064        44032
        5504           16           2.188       176128        88064
        5504           32           3.635       352256       176128
        5504           64           6.540       704512       352256
        5504          128          12.331      1409024       704512
        5504          256          23.915      2818048      1409024
        5504          512          47.159      5636096      2818048
        5504         1024          93.450     11272192      5636096
        5504         2048         186.035     22544384     11272192
        5504         4096         371.217     45088768     22544384
        5504         8192         741.568     90177536     45088768
        6016            1           0.842        12032         6016
        6016            2           0.931        24064        12032
        6016            4           1.128        48128        24064
        6016            8           1.525        96256        48128
        6016           16           2.327       192512        96256
        6016           32           3.901       385024       192512
        6016           64           7.066       770048       385024
        6016          128          13.411      1540096       770048
        6016          256          28.769      3080192      1540096
        6016          512          51.619      6160384      3080192
        6016         1024         102.379     12320768      6160384
        6016         2048         203.958     24641536     12320768
        6016         4096         407.047     49283072     24641536
        6016         8192         813.235     98566144     49283072
        6592            1           0.961        13184         6592
        6592            2           1.040        26368        13184
        6592            4           1.313        52736        26368
        6592            8           1.722       105472        52736
        6592           16           2.559       210944       105472
        6592           32           4.208       421888       210944
        6592           64           7.862       843776       421888
        6592          128          14.557      1687552       843776
        6592          256          28.542      3375104      1687552
        6592          512          56.511      6750208      3375104
        6592         1024         111.243     13500416      6750208
        6592         2048         222.367     27000832     13500416
        6592         4096         444.997     54001664     27000832
        6592         8192         887.893    108003328     54001664
        7232            1           0.986        14464         7232
        7232            2           1.044        28928        14464
        7232            4           1.279        57856        28928
        7232            8           1.678       115712        57856
        7232           16           2.731       231424       115712
        7232           32           4.501       462848       231424
        7232           64           8.249       925696       462848
        7232          128          15.821      1851392       925696
        7232          256          30.809      3702784      1851392
        7232          512          61.906      7405568      3702784
        7232         1024         121.432     14811136      7405568
        7232         2048         245.099     29622272     14811136
        7232         4096         493.337     59244544     29622272
        7232         8192         979.228    118489088     59244544
        7936            1           0.874        15872         7936
        7936            2           1.025        31744        15872
        7936            4           1.267        63488        31744
        7936            8           1.762       126976        63488
        7936           16           2.796       253952       126976
        7936           32           4.844       507904       253952
        7936           64           8.971      1015808       507904
        7936          128          17.226      2031616      1015808
        7936          256          33.802      4063232      2031616
        7936          512          66.744      8126464      4063232
        7936         1024         132.643     16252928      8126464
        7936         2048         264.425     32505856     16252928
        7936         4096         527.979     65011712     32505856
        8704            1           1.287        17408         8704
        8704            2           1.021        34816        17408
        8704            4           1.294        69632        34816
        8704            8           1.951       139264        69632
        8704           16           3.068       278528       139264
        8704           32           5.329       557056       278528
        8704           64           9.745      1114112       557056
        8704          128          18.765      2228224      1114112
        8704          256          36.908      4456448      2228224
        8704          512          72.989      8912896      4456448
        8704         1024         145.097     17825792      8912896
        8704         2048         289.302     35651584     17825792
        8704         4096         577.778     71303168     35651584
        9536            1           0.906        19072         9536
        9536            2           1.052        38144        19072
        9536            4           1.387        76288        38144
        9536            8           1.973       152576        76288
        9536           16           3.200       305152       152576
        9536           32           5.684       610304       305152
        9536           64          10.534      1220608       610304
        9536          128          20.467      2441216      1220608
        9536          256          40.451      4882432      2441216
        9536          512          80.180      9764864      4882432
        9536         1024         168.178     19529728      9764864
        9536         2048         317.262     39059456     19529728
        9536         4096         630.974     78118912     39059456
       10432            1           1.007        20864        10432
       10432            2           1.239        41728        20864
       10432            4           1.406        83456        41728
       10432            8           2.075       166912        83456
       10432           16           3.486       333824       166912
       10432           32           6.340       667648       333824
       10432           64          11.396      1335296       667648
       10432          128          22.294      2670592      1335296
       10432          256          43.320      5341184      2670592
       10432          512          86.346     10682368      5341184
       10432         1024         171.059     21364736     10682368
       10432         2048         345.821     42729472     21364736
       10432         4096         688.578     85458944     42729472
       11456            1           0.932        22912        11456
       11456            2           1.093        45824        22912
       11456            4           1.469        91648        45824
       11456            8           2.201       183296        91648
       11456           16           3.651       366592       183296
       11456           32           6.583       733184       366592
       11456           64          12.422      1466368       733184
       11456          128          24.178      2932736      1466368
       11456          256          47.608      5865472      2932736
       11456          512          94.234     11730944      5865472
       11456         1024         188.823     23461888     11730944
       11456         2048         374.670     46923776     23461888
       11456         4096         752.188     93847552     46923776
       12544            1           0.944        25088        12544
       12544            2           1.136        50176        25088
       12544            4           1.556       100352        50176
       12544            8           2.338       200704       100352
       12544           16           3.923       401408       200704
       12544           32           7.120       802816       401408
       12544           64          13.531      1605632       802816
       12544          128          26.299      3211264      1605632
       12544          256          54.700      6422528      3211264
       12544          512         103.167     12845056      6422528
       12544         1024         205.243     25690112     12845056
       12544         2048         409.597     51380224     25690112
       12544         4096         818.720    102760448     51380224
       13760            1           0.971        27520        13760
       13760            2           1.167        55040        27520
       13760            4           1.626       110080        55040
       13760            8           2.486       220160       110080
       13760           16           4.265       440320       220160
       13760           32           7.702       880640       440320
       13760           64          14.674      1761280       880640
       13760          128          28.889      3522560      1761280
       13760          256          56.474      7045120      3522560
       13760          512         113.385     14090240      7045120
       13760         1024         224.461     28180480     14090240
       13760         2048         445.997     56360960     28180480
       13760         4096         895.140    112721920     56360960
       15104            1           1.040        30208        15104
       15104            2           1.376        60416        30208
       15104            4           1.835       120832        60416
       15104            8           2.658       241664       120832
       15104           16           4.548       483328       241664
       15104           32           8.543       966656       483328
       15104           64          15.997      1933312       966656
       15104          128          31.304      3866624      1933312
       15104          256          62.106      7733248      3866624
       15104          512         123.194     15466496      7733248
       15104         1024         245.613     30932992     15466496
       15104         2048         493.761     61865984     30932992
       15104         4096         978.854    123731968     61865984
       16576            1           0.995        33152        16576
       16576            2           1.251        66304        33152
       16576            4           1.768       132608        66304
       16576            8           2.825       265216       132608
       16576           16           4.923       530432       265216
       16576           32           9.074      1060864       530432
       16576           64          17.433      2121728      1060864
       16576          128          34.189      4243456      2121728
       16576          256          67.964      8486912      4243456
       16576          512         135.116     16973824      8486912
       16576         1024         268.054     33947648     16973824
       16576         2048         536.237     67895296     33947648
       18176            1           1.061        36352        18176
       18176            2           1.303        72704        36352
       18176            4           1.904       145408        72704
       18176            8           3.014       290816       145408
       18176           16           5.312       581632       290816
       18176           32           9.899      1163264       581632
       18176           64          19.057      2326528      1163264
       18176          128          37.401      4653056      2326528
       18176          256          74.077      9306112      4653056
       18176          512         147.536     18612224      9306112
       18176         1024         294.186     37224448     18612224
       18176         2048         587.609     74448896     37224448
       19968            1           1.049        39936        19968
       19968            2           1.355        79872        39936
       19968            4           2.010       159744        79872
       19968            8           3.224       319488       159744
       19968           16           5.741       638976       319488
       19968           32          10.753      1277952       638976
       19968           64          20.784      2555904      1277952
       19968          128          40.826      5111808      2555904
       19968          256          81.048     10223616      5111808
       19968          512         164.259     20447232     10223616
       19968         1024         321.552     40894464     20447232
       19968         2048         642.257     81788928     40894464
       21952            1           1.082        43904        21952
       21952            2           1.505        87808        43904
       21952            4           2.151       175616        87808
       21952            8           3.658       351232       175616
       21952           16           6.204       702464       351232
       21952           32          11.721      1404928       702464
       21952           64          22.686      2809856      1404928
       21952          128          44.448      5619712      2809856
       21952          256          88.490     11239424      5619712
       21952          512         176.296     22478848     11239424
       21952         1024         351.726     44957696     22478848
       21952         2048         702.321     89915392     44957696
       24128            1           1.190        48256        24128
       24128            2           1.485        96512        48256
       24128            4           2.258       193024        96512
       24128            8           3.747       386048       193024
       24128           16           6.753       772096       386048
       24128           32          12.641      1544192       772096
       24128           64          24.812      3088384      1544192
       24128          128          49.307      6176768      3088384
       24128          256          97.952     12353536      6176768
       24128          512         191.696     24707072     12353536
       24128         1024         390.031     49414144     24707072
       24128         2048         781.867     98828288     49414144
       26496            1           1.290        52992        26496
       26496            2           1.726       105984        52992
       26496            4           2.401       211968       105984
       26496            8           4.033       423936       211968
       26496           16           7.359       847872       423936
       26496           32          13.950      1695744       847872
       26496           64          27.073      3391488      1695744
       26496          128          53.492      6782976      3391488
       26496          256         106.317     13565952      6782976
       26496          512         211.757     27131904     13565952
       26496         1024         422.667     54263808     27131904
       26496         2048         844.458    108527616     54263808
       29120            1           1.249        58240        29120
       29120            2           1.703       116480        58240
       29120            4           2.569       232960       116480
       29120            8           4.376       465920       232960
       29120           16           8.051       931840       465920
       29120           32          15.268      1863680       931840
       29120           64          29.679      3727360      1863680
       29120          128          58.520      7454720      3727360
       29120          256         115.449     14909440      7454720
       29120          512         229.949     29818880     14909440
       29120         1024         459.766     59637760     29818880
       29120         2048         923.571    119275520     59637760
       32000            1           1.242        64000        32000
       32000            2           1.737       128000        64000
       32000            4           2.746       256000       128000
       32000            8           4.702       512000       256000
       32000           16           8.670      1024000       512000
       32000           32          16.560      2048000      1024000
       32000           64          32.471      4096000      2048000
       32000          128          64.186      8192000      4096000
       32000          256         127.823     16384000      8192000
       32000          512         257.733     32768000     16384000
       32000         1024         508.708     65536000     32768000
       35200            1           1.418        70400        35200
       35200            2           1.821       140800        70400
       35200            4           2.945       281600       140800
       35200            8           5.105       563200       281600
       35200           16           9.471      1126400       563200
       35200           32          18.138      2252800      1126400
       35200           64          35.538      4505600      2252800
       35200          128          70.438      9011200      4505600
       35200          256         139.742     18022400      9011200
       35200          512         278.982     36044800     18022400
       35200         1024         556.879     72089600     36044800
       38720            1           1.533        77440        38720
       38720            2           2.055       154880        77440
       38720            4           3.259       309760       154880
       38720            8           5.523       619520       309760
       38720           16          10.256      1239040       619520
       38720           32          19.884      2478080      1239040
       38720           64          38.892      4956160      2478080
       38720          128          76.873      9912320      4956160
       38720          256         154.182     19824640      9912320
       38720          512         305.292     39649280     19824640
       38720         1024         612.676     79298560     39649280
       42560            1           1.399        85120        42560
       42560            2           2.041       170240        85120
       42560            4           3.341       340480       170240
       42560            8           6.001       680960       340480
       42560           16          11.218      1361920       680960
       42560           32          21.758      2723840      1361920
       42560           64          42.413      5447680      2723840
       42560          128          84.071     10895360      5447680
       42560          256         166.741     21790720     10895360
       42560          512         335.915     43581440     21790720
       42560         1024         676.623     87162880     43581440
       46784            1           1.455        93568        46784
       46784            2           2.166       187136        93568
       46784            4           3.605       374272       187136
       46784            8           6.446       748544       374272
       46784           16          12.253      1497088       748544
       46784           32          23.672      2994176      1497088
       46784           64          46.629      5988352      2994176
       46784          128          92.608     11976704      5988352
       46784          256         183.607     23953408     11976704
       46784          512         368.399     47906816     23953408
       46784         1024         732.347     95813632     47906816
       51456            1           1.545       102912        51456
       51456            2           2.313       205824       102912
       51456            4           3.901       411648       205824
       51456            8           7.033       823296       411648
       51456           16          13.337      1646592       823296
       51456           32          26.027      3293184      1646592
       51456           64          51.268      6586368      3293184
       51456          128         101.812     13172736      6586368
       51456          256         202.872     26345472     13172736
       51456          512         405.221     52690944     26345472
       51456         1024         809.514    105381888     52690944
       56576            1           1.709       113152        56576
       56576            2           2.704       226304       113152
       56576            4           4.232       452608       226304
       56576            8           7.690       905216       452608
       56576           16          14.589      1810432       905216
       56576           32          28.450      3620864      1810432
       56576           64          56.209      7241728      3620864
       56576          128         111.582     14483456      7241728
       56576          256         225.079     28966912     14483456
       56576          512         444.091     57933824     28966912
       56576         1024         887.191    115867648     57933824
       62208            1           1.711       124416        62208
       62208            2           2.638       248832       124416
       62208            4           4.544       497664       248832
       62208            8           8.347       995328       497664
       62208           16          15.939      1990656       995328
       62208           32          31.226      3981312      1990656
       62208           64          61.749      7962624      3981312
       62208          128         122.742     15925248      7962624
       62208          256         245.001     31850496     15925248
       62208          512         489.291     63700992     31850496
       68416            1           2.080       136832        68416
       68416            2           2.833       273664       136832
       68416            4           4.954       547328       273664
       68416            8           9.130      1094656       547328
       68416           16          17.506      2189312      1094656
       68416           32          34.055      4378624      2189312
       68416           64          67.567      8757248      4378624
       68416          128         136.018     17514496      8757248
       68416          256         268.730     35028992     17514496
       68416          512         533.521     70057984     35028992
       75200            1           2.176       150400        75200
       75200            2           3.060       300800       150400
       75200            4           5.428       601600       300800
       75200            8          10.073      1203200       601600
       75200           16          19.261      2406400      1203200
       75200           32          37.392      4812800      2406400
       75200           64          74.321      9625600      4812800
       75200          128         147.627     19251200      9625600
       75200          256         297.886     38502400     19251200
       75200          512         588.191     77004800     38502400
       82688            1           1.885       165376        82688
       82688            2           3.262       330752       165376
       82688            4           5.770       661504       330752
       82688            8          10.825      1323008       661504
       82688           16          20.926      2646016      1323008
       82688           32          41.355      5292032      2646016
       82688           64          81.621     10584064      5292032
       82688          128         162.220     21168128     10584064
       82688          256         323.634     42336256     21168128
       82688          512         646.191     84672512     42336256
       90944            1           1.808       181888        90944
       90944            2           3.503       363776       181888
       90944            4           6.289       727552       363776
       90944            8          11.791      1455104       727552
       90944           16          22.924      2910208      1455104
       90944           32          45.051      5820416      2910208
       90944           64          89.251     11640832      5820416
       90944          128         177.952     23281664     11640832
       90944          256         355.812     46563328     23281664
       90944          512         709.827     93126656     46563328
      100032            1           1.959       200064       100032
      100032            2           3.763       400128       200064
      100032            4           6.807       800256       400128
      100032            8          12.908      1600512       800256
      100032           16          25.079      3201024      1600512
      100032           32          49.442      6402048      3201024
      100032           64          98.138     12804096      6402048
      100032          128         195.442     25608192     12804096
      100032          256         393.790     51216384     25608192
      100032          512         780.215    102432768     51216384
      110016            1           2.662       220032       110016
      110016            2           4.184       440064       220032
      110016            4           7.381       880128       440064
      110016            8          14.087      1760256       880128
      110016           16          27.556      3520512      1760256
      110016           32          54.308      7041024      3520512
      110016           64         108.004     14082048      7041024
      110016          128         214.963     28164096     14082048
      110016          256         430.065     56328192     28164096
      110016          512         857.554    112656384     56328192
      120960            1           2.310       241920       120960
      120960            2           4.413       483840       241920
      120960            4           8.295       967680       483840
      120960            8          15.475      1935360       967680
      120960           16          30.295      3870720      1935360
      120960           32          59.737      7741440      3870720
      120960           64         118.557     15482880      7741440
      120960          128         236.198     30965760     15482880
      120960          256         471.792     61931520     30965760
      120960          512         945.444    123863040     61931520
      133056            1           2.772       266112       133056
      133056            2           4.795       532224       266112
      133056            4           8.833      1064448       532224
      133056            8          16.928      2128896      1064448
      133056           16          33.203      4257792      2128896
      133056           32          65.464      8515584      4257792
      133056           64         130.168     17031168      8515584
      133056          128         259.319     34062336     17031168
      133056          256         519.394     68124672     34062336
      146304            1           2.838       292608       146304
      146304            2           5.203       585216       292608
      146304            4           9.632      1170432       585216
      146304            8          18.537      2340864      1170432
      146304           16          36.348      4681728      2340864
      146304           32          71.846      9363456      4681728
      146304           64         142.967     18726912      9363456
      146304          128         285.177     37453824     18726912
      146304          256         569.720     74907648     37453824
      160896            1           3.196       321792       160896
      160896            2           5.702       643584       321792
      160896            4          10.475      1287168       643584
      160896            8          20.287      2574336      1287168
      160896           16          40.005      5148672      2574336
      160896           32          78.876     10297344      5148672
      160896           64         157.125     20594688     10297344
      160896          128         313.478     41189376     20594688
      160896          256         629.449     82378752     41189376
      176960            1           4.259       353920       176960
      176960            2           6.111       707840       353920
      176960            4          11.496      1415680       707840
      176960            8          22.393      2831360      1415680
      176960           16          43.693      5662720      2831360
      176960           32          86.523     11325440      5662720
      176960           64         171.888     22650880     11325440
      176960          128         344.115     45301760     22650880
      176960          256         688.446     90603520     45301760
      194624            1           3.799       389248       194624
      194624            2           6.659       778496       389248
      194624            4          12.571      1556992       778496
      194624            8          24.802      3113984      1556992
      194624           16          48.252      6227968      3113984
      194624           32          95.772     12455936      6227968
      194624           64         189.881     24911872     12455936
      194624          128         378.349     49823744     24911872
      194624          256         755.102     99647488     49823744
      214080            1           4.245       428160       214080
      214080            2           7.354       856320       428160
      214080            4          13.901      1712640       856320
      214080            8          26.959      3425280      1712640
      214080           16          52.783      6850560      3425280
      214080           32         104.810     13701120      6850560
      214080           64         207.871     27402240     13701120
      214080          128         416.016     54804480     27402240
      214080          256         836.768    109608960     54804480
      235456            1           5.118       470912       235456
      235456            2           8.114       941824       470912
      235456            4          15.269      1883648       941824
      235456            8          29.508      3767296      1883648
      235456           16          58.000      7534592      3767296
      235456           32         115.218     15069184      7534592
      235456           64         229.585     30138368     15069184
      235456          128         457.471     60276736     30138368
      235456          256         914.208    120553472     60276736
      258944            1           5.206       517888       258944
      258944            2           9.032      1035776       517888
      258944            4          16.924      2071552      1035776
      258944            8          32.621      4143104      2071552
      258944           16          63.997      8286208      4143104
      258944           32         126.794     16572416      8286208
      258944           64         252.384     33144832     16572416
      258944          128         503.527     66289664     33144832
      284800            1           6.468       569600       284800
      284800            2          10.394      1139200       569600
      284800            4          19.758      2278400      1139200
      284800            8          38.669      4556800      2278400
      284800           16          76.419      9113600      4556800
      284800           32         151.883     18227200      9113600
      284800           64         305.591     36454400     18227200
      284800          128         604.611     72908800     36454400
      313280            1           7.198       626560       313280
      313280            2          11.738      1253120       626560
      313280            4          22.226      2506240      1253120
      313280            8          43.660      5012480      2506240
      313280           16          86.501     10024960      5012480
      313280           32         172.339     20049920     10024960
      313280           64         343.343     40099840     20049920
      313280          128         686.963     80199680     40099840
      344576            1           7.189       689152       344576
      344576            2          12.553      1378304       689152
      344576            4          24.359      2756608      1378304
      344576            8          48.023      5513216      2756608
      344576           16          95.038     11026432      5513216
      344576           32         189.408     22052864     11026432
      344576           64         377.686     44105728     22052864
      344576          128         754.868     88211456     44105728
      379008            1           7.944       758016       379008
      379008            2          13.705      1516032       758016
      379008            4          26.728      3032064      1516032
      379008            8          52.617      6064128      3032064
      379008           16         104.474     12128256      6064128
      379008           32         222.884     24256512     12128256
      379008           64         415.600     48513024     24256512
      379008          128         830.287     97026048     48513024
      416896            1           9.116       833792       416896
      416896            2          15.051      1667584       833792
      416896            4          29.308      3335168      1667584
      416896            8          57.758      6670336      3335168
      416896           16         114.862     13340672      6670336
      416896           32         229.065     26681344     13340672
      416896           64         457.024     53362688     26681344
      416896          128         912.488    106725376     53362688
      458560            1          10.681       917120       458560
      458560            2          16.471      1834240       917120
      458560            4          32.151      3668480      1834240
      458560            8          63.505      7336960      3668480
      458560           16         126.207     14673920      7336960
      458560           32         251.530     29347840     14673920
      458560           64         504.915     58695680     29347840
      458560          128        1003.533    117391360     58695680
      504384            1          11.371      1008768       504384
      504384            2          18.027      2017536      1008768
      504384            4          35.290      4035072      2017536
      504384            8          69.755      8070144      4035072
      504384           16         138.900     16140288      8070144
      504384           32         276.675     32280576     16140288
      504384           64         552.123     64561152     32280576
      554816            1          11.696      1109632       554816
      554816            2          19.759      2219264      1109632
      554816            4          38.740      4438528      2219264
      554816            8          76.666      8877056      4438528
      554816           16         152.637     17754112      8877056
      554816           32         304.031     35508224     17754112
      554816           64         607.612     71016448     35508224
      610240            1          13.584      1220480       610240
      610240            2          21.664      2440960      1220480
      610240            4          42.557      4881920      2440960
      610240            8          84.226      9763840      4881920
      610240           16         170.293     19527680      9763840
      610240           32         334.558     39055360     19527680
      610240           64         668.478     78110720     39055360
      671232            1          14.521      1342464       671232
      671232            2          23.721      2684928      1342464
      671232            4          46.707      5369856      2684928
      671232            8          92.640     10739712      5369856
      671232           16         184.315     21479424     10739712
      671232           32         367.823     42958848     21479424
      671232           64         734.780     85917696     42958848
      738304            1          16.320      1476608       738304
      738304            2          26.144      2953216      1476608
      738304            4          51.349      5906432      2953216
      738304            8         101.700     11812864      5906432
      738304           16         202.653     23625728     11812864
      738304           32         404.503     47251456     23625728
      738304           64         811.431     94502912     47251456
      812096            1          17.946      1624192       812096
      812096            2          28.566      3248384      1624192
      812096            4          56.292      6496768      3248384
      812096            8         111.902     12993536      6496768
      812096           16         222.885     25987072     12993536
      812096           32         444.709     51974144     25987072
      812096           64         889.911    103948288     51974144
      893248            1          21.263      1786496       893248
      893248            2          31.394      3572992      1786496
      893248            4          62.036      7145984      3572992
      893248            8         123.094     14291968      7145984
      893248           16         245.159     28583936     14291968
      893248           32         490.278     57167872     28583936
      893248           64         979.432    114335744     57167872
      982528            1          22.307      1965056       982528
      982528            2          34.077      3930112      1965056
      982528            4          71.237      7860224      3930112
      982528            8         135.247     15720448      7860224
      982528           16         269.614     31440896     15720448
      982528           32         537.677     62881792     31440896
     1080768            1          24.627      2161536      1080768
     1080768            2          37.829      4323072      2161536
     1080768            4          74.835      8646144      4323072
     1080768            8         148.525     17292288      8646144
     1080768           16         296.124     34584576     17292288
     1080768           32         592.560     69169152     34584576
     1188800            1          26.461      2377600      1188800
     1188800            2          41.709      4755200      2377600
     1188800            4          82.346      9510400      4755200
     1188800            8         163.759     19020800      9510400
     1188800           16         326.760     38041600     19020800
     1188800           32         652.446     76083200     38041600
     1307648            1          28.927      2615296      1307648
     1307648            2          45.876      5230592      2615296
     1307648            4          90.891     10461184      5230592
     1307648            8         180.669     20922368     10461184
     1307648           16         364.236     41844736     20922368
     1307648           32         720.139     83689472     41844736
     1438400            1          32.292      2876800      1438400
     1438400            2          50.310      5753600      2876800
     1438400            4          99.601     11507200      5753600
     1438400            8         198.325     23014400     11507200
     1438400           16         395.947     46028800     23014400
     1438400           32         792.009     92057600     46028800
     1582208            1          35.854      3164416      1582208
     1582208            2          55.364      6328832      3164416
     1582208            4         109.787     12657664      6328832
     1582208            8         218.692     25315328     12657664
     1582208           16         436.562     50630656     25315328
     1582208           32         876.861    101261312     50630656
     1740416            1          38.569      3480832      1740416
     1740416            2          61.111      6961664      3480832
     1740416            4         120.800     13923328      6961664
     1740416            8         240.594     27846656     13923328
     1740416           16         480.633     55693312     27846656
     1740416           32         960.790    111386624     55693312
     1914432            1          43.546      3828864      1914432
     1914432            2          67.545      7657728      3828864
     1914432            4         133.012     15315456      7657728
     1914432            8         264.961     30630912     15315456
     1914432           16         529.629     61261824     30630912
     1914432           32        1064.902    122523648     61261824
     2105856            1          46.720      4211712      2105856
     2105856            2          74.635      8423424      4211712
     2105856            4         147.295     16846848      8423424
     2105856            8         294.215     33693696     16846848
     2105856           16         585.514     67387392     33693696
     2316416            1          51.738      4632832      2316416
     2316416            2          82.292      9265664      4632832
     2316416            4         162.457     18531328      9265664
     2316416            8         323.685     37062656     18531328
     2316416           16         648.114     74125312     37062656
     2548032            1          56.911      5096064      2548032
     2548032            2          91.329     10192128      5096064
     2548032            4         180.214     20384256     10192128
     2548032            8         359.139     40768512     20384256
     2548032           16         723.910     81537024     40768512
     2802816            1          62.571      5605632      2802816
     2802816            2         108.386     11211264      5605632
     2802816            4         213.676     22422528     11211264
     2802816            8         402.610     44845056     22422528
     2802816           16         792.428     89690112     44845056
     3083072            1          69.328      6166144      3083072
     3083072            2         112.035     12332288      6166144
     3083072            4         221.307     24664576     12332288
     3083072            8         439.286     49329152     24664576
     3083072           16         875.885     98658304     49329152
     3391360            1          76.284      6782720      3391360
     3391360            2         123.079     13565440      6782720
     3391360            4         242.160     27130880     13565440
     3391360            8         488.919     54261760     27130880
     3391360           16         963.881    108523520     54261760
     3730496            1          84.764      7460992      3730496
     3730496            2         135.000     14921984      7460992
     3730496            4         266.255     29843968     14921984
     3730496            8         531.291     59687936     29843968
     3730496           16        1058.410    119375872     59687936
     4103488            1          93.870      8206976      4103488
     4103488            2         148.140     16413952      8206976
     4103488            4         293.493     32827904     16413952
     4103488            8         590.906     65655808     32827904
     4513792            1         102.318      9027584      4513792
     4513792            2         162.754     18055168      9027584
     4513792            4         322.624     36110336     18055168
     4513792            8         641.151     72220672     36110336
     4965120            1         113.525      9930240      4965120
     4965120            2         178.614     19860480      9930240
     4965120            4         354.385     39720960     19860480
     4965120            8         705.012     79441920     39720960
     5461632            1         125.574     10923264      5461632
     5461632            2         195.131     21846528     10923264
     5461632            4         388.541     43693056     21846528
     5461632            8         781.614     87386112     43693056
     6007744            1         139.805     12015488      6007744
     6007744            2         214.695     24030976     12015488
     6007744            4         428.452     48061952     24030976
     6007744            8         854.058     96123904     48061952
     6608512            1         150.359     13217024      6608512
     6608512            2         236.024     26434048     13217024
     6608512            4         470.826     52868096     26434048
     6608512            8         945.237    105736192     52868096
     7269312            1         166.499     14538624      7269312
     7269312            2         259.319     29077248     14538624
     7269312            4         516.919     58154496     29077248
     7269312            8        1031.566    116308992     58154496
     7996224            1         181.749     15992448      7996224
     7996224            2         284.820     31984896     15992448
     7996224            4         568.193     63969792     31984896
     8795840            1         201.984     17591680      8795840
     8795840            2         313.351     35183360     17591680
     8795840            4         632.030     70366720     35183360
     9675392            1         224.390     19350784      9675392
     9675392            2         345.471     38701568     19350784
     9675392            4         688.127     77403136     38701568
    10642880            1         243.131     21285760     10642880
    10642880            2         379.429     42571520     21285760
    10642880            4         756.478     85143040     42571520
    11707136            1         269.509     23414272     11707136
    11707136            2         416.584     46828544     23414272
    11707136            4         836.466     93657088     46828544
    12877824            1         295.478     25755648     12877824
    12877824            2         458.705     51511296     25755648
    12877824            4         914.496    103022592     51511296
    14165568            1         323.289     28331136     14165568
    14165568            2         507.751     56662272     28331136
    14165568            4        1009.544    113324544     56662272
    15582080            1         366.878     31164160     15582080
    15582080            2         565.944     62328320     31164160
    15582080            4        1123.502    124656640     62328320
    17140288            1         394.898     34280576     17140288
    17140288            2         645.554     68561152     34280576
    18854272            1         451.962     37708544     18854272
    18854272            2         807.530     75417088     37708544
    20739648            1         547.971     41479296     20739648
    20739648            2        1130.383     82958592     41479296
    22813568            1         717.662     45627136     22813568
    22813568            2        1730.838     91254272     45627136
    25094912            1        1048.629     50189824     25094912
    25094912            2        2533.401    100379648     50189824
    27604352            1        1461.675     55208704     27604352
    27604352            2        3355.744    110417408     55208704
    30364736            1        1888.312     60729472     30364736
    30364736            2        4258.261    121458944     60729472
    33401152            1        2364.326     66802304     33401152
    36741248            1        2791.784     73482496     36741248
    40415360            1        3159.885     80830720     40415360
    44456896            1        3501.994     88913792     44456896
    48902528            1        3867.502     97805056     48902528
    53792768            1        4265.469    107585536     53792768
    59172032            1        4706.922    118344064     59172032

META_DATA
MPI_PROCS      1
OPENMP_THREADS 8
FLOPS          8
ERT_VERSION  1.0.0
TIMESTAMP_DATA  1594852876.71
HOSTNAME  ('apollo-PowerEdge-R430', [], ['127.0.1.1'])
UNAME  ('Linux', 'apollo-PowerEdge-R430', '4.19.129-0419129-generic', '#202006220433 SMP Mon Jun 22 09:12:54 UTC 2020', 'x86_64', 'x86_64')
CONFIG  {'ERT_WORKING_SET_MIN': ['1'], 'ERT_CFLAGS': ['-O3'], 'ERT_CC': ['gcc'], 'ERT_MPI_CFLAGS': [], 'ERT_MPI_LDFLAGS': [], 'ERT_MEMORY_MAX': ['62497788'], 'ERT_PROCS_THREADS': ['8'], 'ERT_LDFLAGS': [], 'ERT_LDLIBS': [], 'ERT_SPEC_GBYTES_DRAM': ['1.0'], 'ERT_RUN': ['export', 'KMP_AFFINITY=scatter;', 'export', 'OMP_NUM_THREADS=ERT_OPENMP_THREADS;', 'ERT_CODE'], 'ERT_FLOPS': ['1,2,4,8,16'], 'ERT_OPENMP_CFLAGS': ['-fopenmp'], 'ERT_SPEC_GFLOPS': ['1.0'], 'ERT_MPI': ['False'], 'ERT_TRIALS_MIN': ['1'], 'ERT_DRIVER': ['driver1'], 'ERT_RESULTS': ['Results.x86'], 'ERT_OPENMP': ['True'], 'ERT_MPI_PROCS': ['1'], 'ERT_KERNEL': ['kernel1'], 'ERT_OPENMP_THREADS': ['1-32'], 'ERT_LD': ['gcc'], 'ERT_NUM_EXPERIMENTS': ['6'], 'ERT_OPENMP_LDFLAGS': ['-fopenmp'], 'ERT_ALIGN': ['32'], 'ERT_GNUPLOT': ['gnuplot']}
