64 524288 4117.875 4503.287 4735.955 14.1700805856 14.9021956629 16.296964818 3.54252014641 3.72554891571 4.0742412045
128 262144 2054.646 2066.324 2181.317 30.7652963783 32.4774159328 32.6620079566 7.69132409457 8.11935398321 8.16550198915
192 262144 2054.642 2060.369 2064.173 48.7668892094 48.8569261137 48.993107315 12.1917223023 12.2142315284 12.2482768288
256 131072 1027.656 1027.673 1046.406 64.1327209515 65.3017681694 65.302848424 16.0331802379 16.3254420424 16.325712106
320 131072 1027.678 1027.697 1075.194 78.0194829956 81.6253039563 81.6268130679 19.5048707489 20.4063259891 20.406703267
384 131072 1027.67 1027.797 1034.77 97.2808411531 97.9408346201 97.9529382 24.3202102883 24.485208655 24.48823455
448 131072 1029.044 1045.385 1083.576 108.382348815 112.34187596 114.125841072 27.0955872039 28.0854689899 28.531460268
512 65536 516.152 517.232 533.864 125.704044476 129.746156464 130.017638215 31.4260111189 32.4365391159 32.5044095538
576 65536 542.541 543.551 556.074 135.768750202 138.896758538 139.155330196 33.9421875506 34.7241896345 34.7888325491
640 65536 542.855 542.895 549.529 152.650870109 154.516214001 154.527599451 38.1627175272 38.6290535002 38.6318998628
704 65536 628.2 629.272 629.378 146.612509493 146.637206168 146.887437122 36.6531273734 36.6593015421 36.7218592805
768 65536 628.424 628.559 634.368 158.682808717 160.149319316 160.183723091 39.6707021792 40.037329829 40.0459307729
832 65536 713.894 714.177 721.009 151.249019083 152.695905917 152.75643723 37.8122547707 38.1739764792 38.1891093075
896 65536 714.026 714.039 714.148 164.448422456 164.473525956 164.476520463 41.112105614 41.118381489 41.1191301157
960 32768 399.678 400.76 402.026 156.49375911 156.988122567 157.41311756 39.1234397775 39.2470306418 39.3532793899
1024 32768 400.198 400.228 405.764 165.388905866 167.676584347 167.689153869 41.3472264666 41.9191460867 41.9222884672
1088 32768 442.539 442.775 457.615 155.814752576 161.037023319 161.122902162 38.953688144 40.2592558297 40.2807255406
1152 32768 442.976 442.999 443.052 170.403185179 170.423572062 170.432420718 42.6007962948 42.6058930156 42.6081051795
1216 32768 485.421 486.412 492.848 161.696458137 163.835957994 164.1704335 40.4241145343 40.9589894986 41.042608375
1280 32768 485.775 485.843 634.255 132.259233274 172.660880161 172.685049663 33.0648083184 43.1652200402 43.1712624157
1408 32768 528.548 528.588 533.504 172.959692898 174.568261103 174.58147226 43.2399232246 43.6420652758 43.645368065
1536 32768 571.359 571.382 571.541 176.126115187 176.175126273 176.182218185 44.0315287967 44.0437815682 44.0455545463
1664 32768 614.129 614.183 614.194 177.552864404 177.556044371 177.571656769 44.3882161011 44.3890110928 44.3929141923
1792 32768 656.926 657.125 665.196 176.550237825 178.718679095 178.772817639 44.1375594562 44.6796697736 44.6932044096
1920 16384 350.267 350.313 350.336 179.583485568 179.595276224 179.618862182 44.895871392 44.8988190561 44.9047155456
2112 16384 392.705 393.093 393.684 175.790776359 176.055070937 176.229016692 43.9476940897 44.0137677344 44.057254173
2304 16384 414.448 414.488 414.496 182.142824056 182.14633958 182.163919237 45.5357060141 45.5365848951 45.5409798093
2496 16384 456.901 457.832 559.096 146.287807461 178.643974209 179.007986413 36.5719518652 44.6609935522 44.7519966032
2688 16384 478.681 478.707 478.835 183.947255318 183.996440411 184.006434348 45.9868138294 45.9991101028 46.0016085869
2944 16384 521.397 521.479 521.625 184.939356818 184.99113483 185.020228348 46.2348392044 46.2477837075 46.255057087
3200 16384 564.154 564.301 564.447 185.770497496 185.818561371 185.866979584 46.4426243739 46.4546403427 46.4667448959
3520 16384 628.203 629.225 641.675 179.753551253 183.310199054 183.608419571 44.9383878131 45.8275497636 45.9021048928
3840 8192 335.927 336.047 336.164 187.154365131 187.21952584 187.286404487 46.7885912828 46.80488146 46.8216011217
4224 8192 421.557 421.585 426.655 162.206035321 164.156732332 164.167635693 40.5515088303 41.0391830829 41.0419089233
4608 8192 400.106 400.182 450.042 167.756502726 188.657840682 188.693676176 41.9391256816 47.1644601706 47.173419044
5056 8192 484.882 484.946 491.177 168.651023969 170.817996231 170.840542647 42.1627559922 42.7044990576 42.7101356619
5504 8192 517.025 517.236 518.031 174.077489571 174.345049455 174.416200377 43.5193723928 43.5862623638 43.6040500943
6016 8192 557.062 557.082 566.719 173.924191707 176.932918314 176.939270674 43.4810479268 44.2332295784 44.2348176684
6592 8192 599.875 599.911 648.493 166.54509455 180.032251451 180.043055637 41.6362736375 45.0080628627 45.0107639091
7232 8192 649.778 649.926 657.842 180.117852007 182.311660097 182.353185242 45.0294630018 45.5779150242 45.5882963104
7936 4096 350.243 350.259 350.399 185.536237261 185.610396878 185.618876037 46.3840593152 46.4025992194 46.4047190094
8704 4096 378.803 378.855 392.174 181.815133079 188.207013237 188.232849265 45.4537832697 47.0517533093 47.0582123162
9536 4096 410.845 410.91 410.988 190.07589516 190.111975858 190.142053573 47.51897379 47.5279939646 47.5355133931
10432 4096 442.932 442.953 443.13 192.852986708 192.930049012 192.939196084 48.213246677 48.232512253 48.2347990211
11456 4096 482.169 482.21 482.246 194.605143433 194.619671927 194.63622091 48.6512858583 48.6549179818 48.6590552275
12544 4096 521.412 521.424 524.519 195.913680915 197.076559575 197.08109518 48.9784202288 49.2691398938 49.270273795
13760 4096 567.772 567.815 571.408 197.270461737 198.5187429 198.533777643 49.3176154342 49.6296857251 49.6334444108
15104 4096 615.903 615.976 622.836 198.658985672 200.871410574 200.89521889 49.664746418 50.2178526436 50.2238047225
16576 2048 335.977 335.991 336.198 201.950326891 202.07474605 202.083166407 50.4875817227 50.5186865124 50.5207916018
18176 2048 365.406 365.414 365.545 203.665474839 203.738488399 203.742948939 50.9163687097 50.9346220999 50.9357372347
19968 2048 398.386 398.399 403.453 202.722319576 205.294009272 205.300708358 50.6805798941 51.323502318 51.3251770896
21952 2048 435.828 435.873 439.935 204.383356632 206.288051795 206.309351396 51.0958391581 51.5720129487 51.5773378489
24128 2048 476.814 476.874 482.156 204.971602552 207.241929734 207.26800807 51.242900638 51.8104824335 51.8170020176
26496 2048 519.63 519.645 519.807 208.784444996 208.849533816 208.855562612 52.196111249 52.2123834541 52.213890653
29120 2048 569.536 569.605 574.826 207.4984778 209.400409055 209.425778177 51.8746194501 52.3501022638 52.3564445443
32000 1024 311.483 311.527 316.37 207.149856181 210.370208682 210.399925518 51.7874640453 52.5925521704 52.5999813794
35200 1024 341.344 341.384 344.907 209.011704604 211.168654653 211.193400206 52.2529261511 52.7921636632 52.7983500516
38720 1024 374.292 374.31 374.338 211.836789212 211.852635516 211.862823678 52.959197303 52.963158879 52.9657059194
42560 1024 409.96 409.975 410.076 212.552990177 212.605353985 212.613132989 53.1382475444 53.1513384962 53.1532832471
46784 1024 449.202 449.25 468.1 204.686246529 213.274639955 213.297429664 51.1715616321 53.3186599889 53.324357416
51456 1024 491.998 492.045 495.102 212.848843269 214.171240435 214.191699966 53.2122108172 53.5428101088 53.5479249916
56576 1024 539.734 539.749 550.095 210.632069006 214.669500082 214.675466063 52.6580172516 53.6673750206 53.6688665157
62208 512 296.323 296.369 296.386 214.92577922 214.938107562 214.971473696 53.7314448051 53.7345268905 53.742868424
68416 512 325.283 325.406 331.244 211.499631691 215.294075708 215.375485347 52.8749079229 53.8235189271 53.8438713367
75200 512 356.929 356.958 357.027 215.683407697 215.725099311 215.742626685 53.9208519244 53.9312748279 53.9356566712
82688 512 391.49 391.65 396.334 213.639284038 216.19433678 216.282694322 53.4098210096 54.0485841951 54.0706735804
90944 512 430.017 430.056 455.203 204.582693875 216.545417341 216.56505673 51.1456734688 54.1363543352 54.1412641826
100032 512 472.199 472.214 472.245 216.905987358 216.920226846 216.927117592 54.2264968396 54.2300567116 54.2317793981
110016 512 518.502 518.561 524.026 214.982432169 217.248084603 217.272805119 53.7456080423 54.3120211508 54.3182012798
120960 512 569.112 569.136 572.709 216.275700225 217.633465463 217.642643276 54.0689250562 54.4083663659 54.410660819
133056 256 313.031 313.103 319.594 213.160046809 217.57910975 217.62915494 53.2900117023 54.3947774375 54.407288735
146304 256 343.693 343.71 343.851 217.849149777 217.938517937 217.949297774 54.4622874443 54.4846294842 54.4873244436
160896 256 377.569 377.687 377.735 218.086097396 218.113813819 218.181979982 54.5215243491 54.5284534548 54.5454949956
176960 256 415.012 415.267 419.15 216.160133604 218.181362834 218.315422205 54.0400334009 54.5453407085 54.5788555512
194624 256 456.038 456.139 459.475 216.87249143 218.458601435 218.506984067 54.2181228576 54.6146503588 54.6267460168
214080 256 501.226 501.429 504.754 217.153227117 218.59318069 218.681712441 54.2883067791 54.6482951724 54.6704281103
235456 256 550.873 550.974 551.029 218.778815634 218.80065484 218.840770922 54.6947039085 54.7001637101 54.7101927304
258944 128 303.233 303.239 303.306 218.557047998 218.605337704 218.609663196 54.6392619994 54.651334426 54.6524157991
284800 128 364.147 367.769 380.38 191.673589568 198.246181706 200.218043812 47.9183973921 49.5615454266 50.054510953
313280 128 410.945 411.29 422.824 189.676271924 194.99545333 195.159157551 47.419067981 48.7488633324 48.7897893879
344576 128 451.527 451.863 452.411 194.980794013 195.217258328 195.362527601 48.7451985031 48.8043145821 48.8406319002
379008 128 496.805 497.289 500.038 194.037349161 195.109982324 195.300063405 48.5093372904 48.777495581 48.8250158513
416896 128 545.112 546.572 546.912 195.141770522 195.263160206 195.786143031 48.7854426306 48.8157900514 48.9465357578
458560 128 599.264 601.576 607.432 193.258438805 195.139699722 195.892561542 48.3146097012 48.7849249305 48.9731403855
504384 64 329.749 330.348 330.46 195.367524057 195.433760761 195.788772673 48.8418810143 48.8584401903 48.9471931681
554816 64 362.383 363.265 363.544 195.344849592 195.494881147 195.97069399 48.8362123979 48.8737202868 48.9926734974
610240 64 398.766 399.603 402.214 194.201892525 195.470804774 195.881093172 48.5504731312 48.8677011934 48.9702732931
671232 64 438.26 439.465 442.771 194.045445614 195.505207468 196.042750878 48.5113614035 48.876301867 49.0106877196
738304 64 482.229 482.962 486.706 194.168372693 195.673597509 195.971026214 48.5420931733 48.9183993772 48.9927565534
812096 64 531.533 531.848 532.732 195.123041229 195.4473609 195.563187986 48.7807603072 48.861840225 48.8907969966
893248 64 583.24 584.407 587.737 194.535555869 195.644035749 196.035498251 48.6338889673 48.9110089373 49.0088745628
982528 32 320.554 321.646 329.829 190.649676044 195.499996891 196.165987634 47.6624190111 48.8749992227 49.0414969085
1080768 32 352.447 357.475 360.941 191.635619118 193.493676481 196.254052382 47.9089047795 48.3734191202 49.0635130956
1188800 32 388.261 390.642 397.99 191.168622327 194.764515848 195.958903933 47.7921555818 48.6911289621 48.9897259833
1307648 32 426.898 433.391 437.066 191.480170043 193.103853103 196.04090907 47.8700425107 48.2759632757 49.0102272674
1438400 32 473.714 480.516 482.003 190.989682637 191.580717395 194.331600924 47.7474206592 47.8951793489 48.5829002309
1582208 32 526.584 530.081 532.927 190.009723658 191.029884112 192.298497486 47.5024309146 47.757471028 48.0746243714
1740416 32 582.095 588.044 590.01 188.787688344 189.418859813 191.354717014 47.1969220861 47.3547149533 47.8386792534
1914432 32 649.75 651.373 652.108 187.888582873 188.100593669 188.570447095 46.9721457182 47.0251484173 47.1426117738
2105856 16 356.525 361.506 365.334 184.454203551 186.407395728 189.01168782 46.1135508877 46.601848932 47.252921955
2316416 16 400.286 403.033 404.751 183.138057719 183.918716333 185.180875674 45.7845144299 45.9796790834 46.2952189185
2548032 16 446.682 449.482 455.797 178.888900102 181.402200756 182.539309845 44.7222250256 45.3505501889 45.6348274611
2802816 16 496.738 500.301 502.196 178.59583111 179.272302074 180.558185603 44.6489577774 44.8180755185 45.1395464007
3083072 16 550.68 552.875 558.337 176.70027958 178.445948903 179.15723106 44.1750698951 44.6114872259 44.7893077649
3391360 16 607.832 608.092 653.206 166.139808881 178.465626912 178.541965543 41.5349522203 44.6164067279 44.6354913858
3730496 16 669.214 670.191 673.057 177.363688365 178.122165174 178.382209577 44.3409220913 44.5305412935 44.5955523943
4103488 8 369.187 370.025 381.814 171.957570964 177.436140801 177.838894652 42.989392741 44.3590352003 44.4597236631
4513792 8 406.528 407.467 412.535 175.065562922 177.242996365 177.652392947 43.7663907305 44.3107490913 44.4130982368
4965120 8 446.993 447.427 453.697 175.099063913 177.552807497 177.725199276 43.7747659782 44.3882018743 44.431299819
5461632 8 491.121 491.757 492.571 177.408154357 177.701816141 177.93193938 44.3520385894 44.4254540352 44.4829848449
6007744 8 540.103 540.792 542.002 177.349721957 177.746534712 177.973282874 44.3374304892 44.436633678 44.4933207185
6608512 8 593.88 594.843 599.899 176.256656537 177.754789079 178.043025527 44.0641641343 44.4386972697 44.5107563818
7269312 8 653.746 654.398 665.053 174.886801503 177.734332929 177.911592576 43.7217003758 44.4335832322 44.4778981439
7996224 4 360.096 360.498 361.173 177.11676122 177.448396385 177.646494268 44.2791903049 44.3620990963 44.411623567
8795840 4 396.044 396.311 396.795 177.337718469 177.554294481 177.673995819 44.3344296173 44.3885736202 44.4184989547
9675392 4 434.984 436.096 456.258 169.647734396 177.491047843 177.944788774 42.411933599 44.3727619607 44.4861971935
10642880 4 478.676 479.252 486.172 175.129460356 177.658184003 177.871963499 43.7823650889 44.4145460009 44.4679908748
11707136 4 526.241 531.243 532.741 175.802290419 176.298018044 177.973757271 43.9505726047 44.0745045111 44.4934393177
12877824 4 579.217 579.896 590.285 174.530255724 177.657014361 177.865276744 43.632563931 44.4142535903 44.4663191861
14165568 4 638.909 646.232 667.349 169.813012382 175.362012404 177.371963769 42.4532530955 43.8405031011 44.3429909424
15582080 4 709.194 733.258 761.621 163.672797888 170.003791299 175.772271057 40.9181994719 42.5009478246 43.9430677643
17140288 2 408.653 445.827 463.116 148.043151176 153.784207776 167.773519343 37.010787794 38.4460519439 41.9433798357
18854272 2 524.648 593.209 634.683 118.826387346 127.134092706 143.747975786 29.7065968365 31.7835231765 35.9369939464
20739648 2 903.495 979.233 1049.439 79.0504183664 84.7179292365 91.8196470373 19.7626045916 21.1794823091 22.9549117593
22813568 2 1605.317 1669.181 1672.36 54.5661651797 54.6700879054 56.8450169032 13.6415412949 13.6675219763 14.2112542258
25094912 2 2511.434 2568.634 2592.293 38.7223388714 39.0789999665 39.9690567222 9.68058471785 9.76974999163 9.99226418054
27604352 2 3423.163 3497.74 3541.782 31.1756646795 31.5682149045 32.2559597659 7.79391616988 7.89205372612 8.06398994147
30364736 2 4299.544 4326.806 4340.441 27.9830883544 28.0712710484 28.2492617822 6.9957720886 7.01781776211 7.06231544554
33401152 1 2362.816 2390.831 2397.617 27.8619579357 27.9410397473 28.2723259027 6.96548948393 6.98525993682 7.06808147566
36741248 1 2777.02 2796.361 2820.416 26.0537793006 26.2779004571 26.4609170982 6.51344482516 6.56947511426 6.61522927455
40415360 1 3133.569 3160.69 3164.275 25.5447835602 25.5737576289 25.7950981772 6.38619589005 6.39343940722 6.4487745443
44456896 1 3486.842 3498.674 3521.623 25.2479586827 25.4135686834 25.4998052679 6.31198967067 6.35339217086 6.37495131698
48902528 1 3865.873 3874.851 3899.886 25.0789525643 25.2409850082 25.2996039963 6.26973814106 6.31024625205 6.32490099908
53792768 1 4255.117 4263.221 4283.965 25.1135422442 25.2357398315 25.283802067 6.27838556104 6.30893495786 6.32095051675
59172032 1 4679.394 4697.321 4710.962 25.1209973674 25.1939486358 25.2904679538 6.28024934185 6.29848715896 6.32261698844

META_DATA
OPENMP_THREADS 8
CONFIG  {'ERT_WORKING_SET_MIN': ['1'], 'ERT_CFLAGS': ['-O3'], 'ERT_CC': ['gcc'], 'ERT_MPI_CFLAGS': [], 'ERT_MPI_LDFLAGS': [], 'ERT_MEMORY_MAX': ['62497788'], 'ERT_PROCS_THREADS': ['8'], 'ERT_LDFLAGS': [], 'ERT_LDLIBS': [], 'ERT_SPEC_GBYTES_DRAM': ['1.0'], 'ERT_RUN': ['export', 'KMP_AFFINITY=scatter;', 'export', 'OMP_NUM_THREADS=ERT_OPENMP_THREADS;', 'ERT_CODE'], 'ERT_FLOPS': ['1,2,4,8,16'], 'ERT_OPENMP_CFLAGS': ['-fopenmp'], 'ERT_SPEC_GFLOPS': ['1.0'], 'ERT_MPI': ['False'], 'ERT_TRIALS_MIN': ['1'], 'ERT_DRIVER': ['driver1'], 'ERT_RESULTS': ['Results.x86'], 'ERT_OPENMP': ['True'], 'ERT_MPI_PROCS': ['1'], 'ERT_KERNEL': ['kernel1'], 'ERT_OPENMP_THREADS': ['1-32'], 'ERT_LD': ['gcc'], 'ERT_NUM_EXPERIMENTS': ['6'], 'ERT_OPENMP_LDFLAGS': ['-fopenmp'], 'ERT_ALIGN': ['32'], 'ERT_GNUPLOT': ['gnuplot']}
HOSTNAME  ('apollo-PowerEdge-R430', [], ['127.0.1.1'])
TIMESTAMP_DATA  1594852874.01
MPI_PROCS      1
TIMESTAMP_DATA  1594852874.21
FLOPS          4
TIMESTAMP_DATA  1594852874.98
UNAME  ('Linux', 'apollo-PowerEdge-R430', '4.19.129-0419129-generic', '#202006220433 SMP Mon Jun 22 09:12:54 UTC 2020', 'x86_64', 'x86_64')
TIMESTAMP_DATA  1594852874.4
TIMESTAMP_DATA  1594852874.6
ERT_VERSION  1.0.0
TIMESTAMP_DATA  1594852874.79
