          64            1           1.010          128           32
          64            2           0.757          256           64
          64            4           0.858          512          128
          64            8           0.758         1024          256
          64           16           0.912         2048          512
          64           32           0.914         4096         1024
          64           64           1.257         8192         2048
          64          128           1.762        16384         4096
          64          256           2.797        32768         8192
          64          512           4.674        65536        16384
          64         1024           8.743       131072        32768
          64         2048          16.718       262144        65536
          64         4096          32.762       524288       131072
          64         8192          64.918      1048576       262144
          64        16384         129.034      2097152       524288
          64        32768         283.643      4194304      1048576
          64        65536         559.339      8388608      2097152
          64       131072        1125.706     16777216      4194304
          64       262144        2253.552     33554432      8388608
          64       524288        4503.022     67108864     16777216
         128            1           0.854          256           64
         128            2           0.953          512          128
         128            4           0.843         1024          256
         128            8           0.827         2048          512
         128           16           0.881         4096         1024
         128           32           1.185         8192         2048
         128           64           1.300        16384         4096
         128          128           1.989        32768         8192
         128          256           2.940        65536        16384
         128          512           5.134       131072        32768
         128         1024           9.700       262144        65536
         128         2048          18.332       524288       131072
         128         4096          35.900      1048576       262144
         128         8192          71.060      2097152       524288
         128        16384         141.495      4194304      1048576
         128        32768         281.939      8388608      2097152
         128        65536         563.136     16777216      4194304
         128       131072        1125.601     33554432      8388608
         128       262144        2181.317     67108864     16777216
         192            1           0.761          384           96
         192            2           0.759          768          192
         192            4           0.764         1536          384
         192            8           0.774         3072          768
         192           16           0.814         6144         1536
         192           32           0.944        12288         3072
         192           64           1.190        24576         6144
         192          128           1.688        49152        12288
         192          256           2.700        98304        24576
         192          512           4.711       196608        49152
         192         1024           8.717       393216        98304
         192         2048          16.742       786432       196608
         192         4096          32.777      1572864       393216
         192         8192          64.878      3145728       786432
         192        16384         129.067      6291456      1572864
         192        32768         257.631     12582912      3145728
         192        65536         514.172     25165824      6291456
         192       131072        1027.666     50331648     12582912
         192       262144        2060.369    100663296     25165824
         256            1           0.746          512          128
         256            2           0.788         1024          256
         256            4           0.847         2048          512
         256            8           0.802         4096         1024
         256           16           0.821         8192         2048
         256           32           0.937        16384         4096
         256           64           1.193        32768         8192
         256          128           1.690        65536        16384
         256          256           2.690       131072        32768
         256          512           4.702       262144        65536
         256         1024           8.718       524288       131072
         256         2048          16.735      1048576       262144
         256         4096          32.795      2097152       524288
         256         8192          64.892      4194304      1048576
         256        16384         129.057      8388608      2097152
         256        32768         257.429     16777216      4194304
         256        65536         514.172     33554432      8388608
         256       131072        1027.673     67108864     16777216
         320            1           0.764          640          160
         320            2           0.761         1280          320
         320            4           0.784         2560          640
         320            8           0.799         5120         1280
         320           16           0.841        10240         2560
         320           32           0.950        20480         5120
         320           64           1.206        40960        10240
         320          128           1.715        81920        20480
         320          256           2.712       163840        40960
         320          512           4.712       327680        81920
         320         1024           8.731       655360       163840
         320         2048          16.751      1310720       327680
         320         4096          32.811      2621440       655360
         320         8192          64.897      5242880      1310720
         320        16384         129.085     10485760      2621440
         320        32768         257.447     20971520      5242880
         320        65536         521.575     41943040     10485760
         320       131072        1027.697     83886080     20971520
         384            1           0.753          768          192
         384            2           0.767         1536          384
         384            4           0.875         3072          768
         384            8           0.807         6144         1536
         384           16           0.838        12288         3072
         384           32           0.958        24576         6144
         384           64           1.203        49152        12288
         384          128           1.709        98304        24576
         384          256           2.716       196608        49152
         384          512           4.723       393216        98304
         384         1024           8.736       786432       196608
         384         2048          16.755      1572864       393216
         384         4096          32.801      3145728       786432
         384         8192          64.891      6291456      1572864
         384        16384         129.083     12582912      3145728
         384        32768         257.454     25165824      6291456
         384        65536         514.194     50331648     12582912
         384       131072        1027.670    100663296     25165824
         448            1           0.754          896          224
         448            2           0.767         1792          448
         448            4           0.763         3584          896
         448            8           0.797         7168         1792
         448           16           0.853        14336         3584
         448           32           0.991        28672         7168
         448           64           1.239        57344        14336
         448          128           1.726       114688        28672
         448          256           2.732       229376        57344
         448          512           4.815       458752       114688
         448         1024           8.836       917504       229376
         448         2048          16.793      1835008       458752
         448         4096          33.127      3670016       917504
         448         8192          65.073      7340032      1835008
         448        16384         130.368     14680064      3670016
         448        32768         269.449     29360128      7340032
         448        65536         519.243     58720256     14680064
         448       131072        1029.044    117440512     29360128
         512            1           0.739         1024          256
         512            2           0.759         2048          512
         512            4           0.781         4096         1024
         512            8           0.812         8192         2048
         512           16           0.852        16384         4096
         512           32           0.964        32768         8192
         512           64           1.220        65536        16384
         512          128           1.721       131072        32768
         512          256           2.735       262144        65536
         512          512           4.754       524288       131072
         512         1024           8.806      1048576       262144
         512         2048          16.861      2097152       524288
         512         4096          33.077      4194304      1048576
         512         8192          65.232      8388608      2097152
         512        16384         129.540     16777216      4194304
         512        32768         258.780     33554432      8388608
         512        65536         516.848     67108864     16777216
         576            1           0.731         1152          288
         576            2           0.752         2304          576
         576            4           0.777         4608         1152
         576            8           0.809         9216         2304
         576           16           0.858        18432         4608
         576           32           1.009        36864         9216
         576           64           1.270        73728        18432
         576          128           1.792       147456        36864
         576          256           2.847       294912        73728
         576          512           4.973       589824       147456
         576         1024           9.202      1179648       294912
         576         2048          17.786      2359296       589824
         576         4096          34.819      4718592      1179648
         576         8192          68.693      9437184      2359296
         576        16384         136.519     18874368      4718592
         576        32768         272.406     37748736      9437184
         576        65536         543.681     75497472     18874368
         640            1           0.737         1280          320
         640            2           0.868         2560          640
         640            4           0.790         5120         1280
         640            8           0.883        10240         2560
         640           16           0.875        20480         5120
         640           32           1.159        40960        10240
         640           64           1.251        81920        20480
         640          128           1.788       163840        40960
         640          256           2.935       327680        81920
         640          512           4.971       655360       163840
         640         1024           9.193      1310720       327680
         640         2048          17.862      2621440       655360
         640         4096          34.763      5242880      1310720
         640         8192          76.616     10485760      2621440
         640        16384         136.406     20971520      5242880
         640        32768         271.865     41943040     10485760
         640        65536         542.895     83886080     20971520
         704            1           0.751         1408          352
         704            2           0.764         2816          704
         704            4           0.776         5632         1408
         704            8           0.819        11264         2816
         704           16           0.895        22528         5632
         704           32           1.057        45056        11264
         704           64           1.340        90112        22528
         704          128           1.946       180224        45056
         704          256           3.175       360448        90112
         704          512           5.635       720896       180224
         704         1024          10.562      1441792       360448
         704         2048          20.524      2883584       720896
         704         4096          40.124      5767168      1441792
         704         8192          79.303     11534336      2883584
         704        16384         157.843     23068672      5767168
         704        32768         314.779     46137344     11534336
         704        65536         628.202     92274688     23068672
         768            1           0.791         1536          384
         768            2           0.802         3072          768
         768            4           0.775         6144         1536
         768            8           0.811        12288         3072
         768           16           1.002        24576         6144
         768           32           1.186        49152        12288
         768           64           1.339        98304        24576
         768          128           1.994       196608        49152
         768          256           3.206       393216        98304
         768          512           5.632       786432       196608
         768         1024          10.546      1572864       393216
         768         2048          20.471      3145728       786432
         768         4096          40.216      6291456      1572864
         768         8192          79.327     12582912      3145728
         768        16384         157.766     25165824      6291456
         768        32768         314.867     50331648     12582912
         768        65536         628.449    100663296     25165824
         832            1           0.747         1664          416
         832            2           0.816         3328          832
         832            4           0.794         6656         1664
         832            8           0.829        13312         3328
         832           16           0.894        26624         6656
         832           32           1.065        53248        13312
         832           64           1.420       106496        26624
         832          128           2.107       212992        53248
         832          256           3.529       425984       106496
         832          512           6.393       851968       212992
         832         1024          12.118      1703936       425984
         832         2048          23.184      3407872       851968
         832         4096          45.581      6815744      1703936
         832         8192          90.107     13631488      3407872
         832        16384         179.600     27262976      6815744
         832        32768         374.460     54525952     13631488
         832        65536         714.177    109051904     27262976
         896            1           0.746         1792          448
         896            2           0.781         3584          896
         896            4           0.768         7168         1792
         896            8           0.823        14336         3584
         896           16           0.891        28672         7168
         896           32           1.054        57344        14336
         896           64           1.448       114688        28672
         896          128           2.121       229376        57344
         896          256           3.523       458752       114688
         896          512           6.307       917504       229376
         896         1024          11.871      1835008       458752
         896         2048          23.181      3670016       917504
         896         4096          45.443      7340032      1835008
         896         8192          90.027     14680064      3670016
         896        16384         179.179     29360128      7340032
         896        32768         357.456     58720256     14680064
         896        65536         714.026    117440512     29360128
         960            1           0.752         1920          480
         960            2           0.791         3840          960
         960            4           0.804         7680         1920
         960            8           0.857        15360         3840
         960           16           0.931        30720         7680
         960           32           1.122        61440        15360
         960           64           1.498       122880        30720
         960          128           2.281       245760        61440
         960          256           3.836       491520       122880
         960          512           6.988       983040       245760
         960         1024          13.202      1966080       491520
         960         2048          25.814      3932160       983040
         960         4096          50.798      7864320      1966080
         960         8192         100.796     15728640      3932160
         960        16384         200.780     31457280      7864320
         960        32768         400.760     62914560     15728640
        1024            1           0.746         2048          512
        1024            2           0.754         4096         1024
        1024            4           0.787         8192         2048
        1024            8           0.824        16384         4096
        1024           16           0.918        32768         8192
        1024           32           1.110        65536        16384
        1024           64           1.494       131072        32768
        1024          128           2.270       262144        65536
        1024          256           3.843       524288       131072
        1024          512           6.969      1048576       262144
        1024         1024          13.337      2097152       524288
        1024         2048          25.820      4194304      1048576
        1024         4096          50.825      8388608      2097152
        1024         8192         100.710     16777216      4194304
        1024        16384         200.539     33554432      8388608
        1024        32768         405.764     67108864     16777216
        1088            1           0.746         2176          544
        1088            2           0.793         4352         1088
        1088            4           0.907         8704         2176
        1088            8           0.994        17408         4352
        1088           16           0.948        34816         8704
        1088           32           1.157        69632        17408
        1088           64           1.747       139264        34816
        1088          128           2.675       278528        69632
        1088          256           4.257       557056       139264
        1088          512           7.656      1114112       278528
        1088         1024          14.825      2228224       557056
        1088         2048          28.570      4456448      1114112
        1088         4096          56.138      8912896      2228224
        1088         8192         111.518     17825792      4456448
        1088        16384         221.960     35651584      8912896
        1088        32768         442.775     71303168     17825792
        1152            1           0.758         2304          576
        1152            2           0.762         4608         1152
        1152            4           0.790         9216         2304
        1152            8           0.877        18432         4608
        1152           16           0.964        36864         9216
        1152           32           1.163        73728        18432
        1152           64           1.560       147456        36864
        1152          128           2.450       294912        73728
        1152          256           4.236       589824       147456
        1152          512           7.671      1179648       294912
        1152         1024          14.657      2359296       589824
        1152         2048          28.566      4718592      1179648
        1152         4096          56.270      9437184      2359296
        1152         8192         111.402     18874368      4718592
        1152        16384         221.980     37748736      9437184
        1152        32768         442.999     75497472     18874368
        1216            1           0.821         2432          608
        1216            2           0.994         4864         1216
        1216            4           0.822         9728         2432
        1216            8           0.838        19456         4864
        1216           16           1.019        38912         9728
        1216           32           1.210        77824        19456
        1216           64           1.762       155648        38912
        1216          128           2.621       311296        77824
        1216          256           4.686       622592       155648
        1216          512           8.326      1245184       311296
        1216         1024          15.902      2490368       622592
        1216         2048          31.334      4980736      1245184
        1216         4096          61.517      9961472      2490368
        1216         8192         122.236     19922944      4980736
        1216        16384         243.613     39845888      9961472
        1216        32768         486.412     79691776     19922944
        1280            1           0.732         2560          640
        1280            2           0.759         5120         1280
        1280            4           0.795        10240         2560
        1280            8           0.848        20480         5120
        1280           16           0.944        40960        10240
        1280           32           1.182        81920        20480
        1280           64           1.642       163840        40960
        1280          128           2.616       327680        81920
        1280          256           4.515       655360       163840
        1280          512           8.315      1310720       327680
        1280         1024          15.880      2621440       655360
        1280         2048          31.130      5242880      1310720
        1280         4096          61.638     10485760      2621440
        1280         8192         122.088     20971520      5242880
        1280        16384         243.423     41943040     10485760
        1280        32768         634.255     83886080     20971520
        1408            1           0.936         2816          704
        1408            2           0.768         5632         1408
        1408            4           0.804        11264         2816
        1408            8           0.855        22528         5632
        1408           16           0.962        45056        11264
        1408           32           1.199        90112        22528
        1408           64           1.712       180224        45056
        1408          128           2.785       360448        90112
        1408          256           4.840       720896       180224
        1408          512           8.970      1441792       360448
        1408         1024          17.351      2883584       720896
        1408         2048          33.803      5767168      1441792
        1408         4096          66.796     11534336      2883584
        1408         8192         132.753     23068672      5767168
        1408        16384         264.760     46137344     11534336
        1408        32768         528.564     92274688     23068672
        1536            1           0.901         3072          768
        1536            2           0.784         6144         1536
        1536            4           0.944        12288         3072
        1536            8           0.886        24576         6144
        1536           16           1.021        49152        12288
        1536           32           1.295        98304        24576
        1536           64           1.993       196608        49152
        1536          128           3.049       393216        98304
        1536          256           5.211       786432       196608
        1536          512           9.762      1572864       393216
        1536         1024          18.696      3145728       786432
        1536         2048          36.691      6291456      1572864
        1536         4096          72.318     12582912      3145728
        1536         8192         143.564     25165824      6291456
        1536        16384         286.080     50331648     12582912
        1536        32768         571.448    100663296     25165824
        1664            1           0.751         3328          832
        1664            2           0.900         6656         1664
        1664            4           0.888        13312         3328
        1664            8           0.876        26624         6656
        1664           16           1.021        53248        13312
        1664           32           1.306       106496        26624
        1664           64           2.020       212992        53248
        1664          128           3.111       425984       106496
        1664          256           5.602       851968       212992
        1664          512          10.309      1703936       425984
        1664         1024          20.029      3407872       851968
        1664         2048          39.209      6815744      1703936
        1664         4096          77.547     13631488      3407872
        1664         8192         154.173     27262976      6815744
        1664        16384         307.489     54525952     13631488
        1664        32768         614.158    109051904     27262976
        1792            1           0.743         3584          896
        1792            2           0.789         7168         1792
        1792            4           0.837        14336         3584
        1792            8           0.906        28672         7168
        1792           16           1.025        57344        14336
        1792           32           1.357       114688        28672
        1792           64           2.000       229376        57344
        1792          128           3.299       458752       114688
        1792          256           5.943       917504       229376
        1792          512          10.980      1835008       458752
        1792         1024          21.359      3670016       917504
        1792         2048          41.842      7340032      1835008
        1792         4096          82.871     14680064      3670016
        1792         8192         171.212     29360128      7340032
        1792        16384         328.935     58720256     14680064
        1792        32768         656.950    117440512     29360128
        1920            1           0.758         3840          960
        1920            2           0.800         7680         1920
        1920            4           0.823        15360         3840
        1920            8           0.897        30720         7680
        1920           16           1.037        61440        15360
        1920           32           1.364       122880        30720
        1920           64           2.083       245760        61440
        1920          128           3.451       491520       122880
        1920          256           6.190       983040       245760
        1920          512          11.649      1966080       491520
        1920         1024          22.663      3932160       983040
        1920         2048          44.502      7864320      1966080
        1920         4096          88.222     15728640      3932160
        1920         8192         175.592     31457280      7864320
        1920        16384         350.336     62914560     15728640
        2112            1           0.872         4224         1056
        2112            2           0.933         8448         2112
        2112            4           0.872        16896         4224
        2112            8           0.916        33792         8448
        2112           16           1.082        67584        16896
        2112           32           1.553       135168        33792
        2112           64           2.252       270336        67584
        2112          128           3.811       540672       135168
        2112          256           6.819      1081344       270336
        2112          512          13.213      2162688       540672
        2112         1024          25.385      4325376      1081344
        2112         2048          49.885      8650752      2162688
        2112         4096          99.156     17301504      4325376
        2112         8192         197.287     34603008      8650752
        2112        16384         393.684     69206016     17301504
        2304            1           0.775         4608         1152
        2304            2           0.967         9216         2304
        2304            4           0.851        18432         4608
        2304            8           0.910        36864         9216
        2304           16           1.142        73728        18432
        2304           32           1.485       147456        36864
        2304           64           2.340       294912        73728
        2304          128           3.952       589824       147456
        2304          256           7.193      1179648       294912
        2304          512          13.708      2359296       589824
        2304         1024          26.662      4718592      1179648
        2304         2048          52.502      9437184      2359296
        2304         4096         104.222     18874368      4718592
        2304         8192         207.639     37748736      9437184
        2304        16384         414.463     75497472     18874368
        2496            1           0.867         4992         1248
        2496            2           0.815         9984         2496
        2496            4           0.885        19968         4992
        2496            8           0.946        39936         9984
        2496           16           1.135        79872        19968
        2496           32           1.613       159744        39936
        2496           64           2.508       319488        79872
        2496          128           4.284       638976       159744
        2496          256           7.862      1277952       319488
        2496          512          15.096      2555904       638976
        2496         1024          29.371      5111808      1277952
        2496         2048          57.904     10223616      2555904
        2496         4096         115.152     20447232      5111808
        2496         8192         234.543     40894464     10223616
        2496        16384         458.028     81788928     20447232
        2688            1           0.786         5376         1344
        2688            2           0.825        10752         2688
        2688            4           0.861        21504         5376
        2688            8           0.945        43008        10752
        2688           16           1.144        86016        21504
        2688           32           1.600       172032        43008
        2688           64           2.576       344064        86016
        2688          128           4.463       688128       172032
        2688          256           8.213      1376256       344064
        2688          512          15.667      2752512       688128
        2688         1024          30.657      5505024      1376256
        2688         2048          60.563     11010048      2752512
        2688         4096         120.255     22020096      5505024
        2688         8192         239.706     44040192     11010048
        2688        16384         478.835     88080384     22020096
        2944            1           0.758         5888         1472
        2944            2           0.803        11776         2944
        2944            4           0.871        23552         5888
        2944            8           0.996        47104        11776
        2944           16           1.224        94208        23552
        2944           32           1.864       188416        47104
        2944           64           2.803       376832        94208
        2944          128           4.800       753664       188416
        2944          256           8.883      1507328       376832
        2944          512          16.994      3014656       753664
        2944         1024          33.319      6029312      1507328
        2944         2048          65.949     12058624      3014656
        2944         4096         130.979     24117248      6029312
        2944         8192         261.169     48234496     12058624
        2944        16384         521.479     96468992     24117248
        3200            1           0.785         6400         1600
        3200            2           0.844        12800         3200
        3200            4           0.873        25600         6400
        3200            8           0.970        51200        12800
        3200           16           1.232       102400        25600
        3200           32           1.931       204800        51200
        3200           64           2.921       409600       102400
        3200          128           5.132       819200       204800
        3200          256           9.532      1638400       409600
        3200          512          18.489      3276800       819200
        3200         1024          36.105      6553600      1638400
        3200         2048          71.224     13107200      3276800
        3200         4096         141.645     26214400      6553600
        3200         8192         282.625     52428800     13107200
        3200        16384         564.298    104857600     26214400
        3520            1           1.073         7040         1760
        3520            2           0.936        14080         3520
        3520            4           0.937        28160         7040
        3520            8           1.137        56320        14080
        3520           16           1.377       112640        28160
        3520           32           1.887       225280        56320
        3520           64           3.194       450560       112640
        3520          128           5.649       901120       225280
        3520          256          10.459      1802240       450560
        3520          512          20.390      3604480       901120
        3520         1024          40.172      7208960      1802240
        3520         2048          79.300     14417920      3604480
        3520         4096         160.925     28835840      7208960
        3520         8192         315.042     57671680     14417920
        3520        16384         629.212    115343360     28835840
        3840            1           0.765         7680         1920
        3840            2           0.911        15360         3840
        3840            4           0.923        30720         7680
        3840            8           1.026        61440        15360
        3840           16           1.316       122880        30720
        3840           32           1.938       245760        61440
        3840           64           3.393       491520       122880
        3840          128           5.984       983040       245760
        3840          256          11.191      1966080       491520
        3840          512          21.717      3932160       983040
        3840         1024          42.670      7864320      1966080
        3840         2048          84.657     15728640      3932160
        3840         4096         168.484     31457280      7864320
        3840         8192         336.164     62914560     15728640
        4224            1           0.793         8448         2112
        4224            2           0.841        16896         4224
        4224            4           0.918        33792         8448
        4224            8           1.123        67584        16896
        4224           16           1.520       135168        33792
        4224           32           2.308       270336        67584
        4224           64           3.946       540672       135168
        4224          128           7.291      1081344       270336
        4224          256          13.858      2162688       540672
        4224          512          27.096      4325376      1081344
        4224         1024          53.396      8650752      2162688
        4224         2048         105.998     17301504      4325376
        4224         4096         211.187     34603008      8650752
        4224         8192         421.585     69206016     17301504
        4608            1           0.912         9216         2304
        4608            2           0.829        18432         4608
        4608            4           0.929        36864         9216
        4608            8           1.130        73728        18432
        4608           16           1.542       147456        36864
        4608           32           2.405       294912        73728
        4608           64           3.856       589824       147456
        4608          128           6.981      1179648       294912
        4608          256          13.216      2359296       589824
        4608          512          25.709      4718592      1179648
        4608         1024          50.739      9437184      2359296
        4608         2048         100.811     18874368      4718592
        4608         4096         200.563     37748736      9437184
        4608         8192         400.182     75497472     18874368
        5056            1           0.814        10112         2528
        5056            2           0.846        20224         5056
        5056            4           1.047        40448        10112
        5056            8           1.181        80896        20224
        5056           16           1.626       161792        40448
        5056           32           2.577       323584        80896
        5056           64           4.521       647168       161792
        5056          128           7.440      1294336       323584
        5056          256          15.065      2588672       647168
        5056          512          30.577      5177344      1294336
        5056         1024          60.624     10354688      2588672
        5056         2048         121.217     20709376      5177344
        5056         4096         242.518     41418752     10354688
        5056         8192         491.177     82837504     20709376
        5504            1           0.805        11008         2752
        5504            2           0.874        22016         5504
        5504            4           0.990        44032        11008
        5504            8           1.197        88064        22016
        5504           16           1.682       176128        44032
        5504           32           2.913       352256        88064
        5504           64           4.798       704512       176128
        5504          128           8.051      1409024       352256
        5504          256          16.186      2818048       704512
        5504          512          33.177      5636096      1409024
        5504         1024          64.616     11272192      2818048
        5504         2048         129.231     22544384      5636096
        5504         4096         258.518     45088768     11272192
        5504         8192         517.025     90177536     22544384
        6016            1           1.137        12032         3008
        6016            2           0.855        24064         6016
        6016            4           0.981        48128        12032
        6016            8           1.250        96256        24064
        6016           16           1.782       192512        48128
        6016           32           2.865       385024        96256
        6016           64           5.070       770048       192512
        6016          128           9.417      1540096       385024
        6016          256          18.228      3080192       770048
        6016          512          35.627      6160384      1540096
        6016         1024          70.422     12320768      3080192
        6016         2048         139.880     24641536      6160384
        6016         4096         278.946     49283072     12320768
        6016         8192         557.081     98566144     24641536
        6592            1           0.966        13184         3296
        6592            2           0.882        26368         6592
        6592            4           1.042        52736        13184
        6592            8           1.279       105472        26368
        6592           16           1.852       210944        52736
        6592           32           3.024       421888       105472
        6592           64           5.406       843776       210944
        6592          128          10.165      1687552       421888
        6592          256          19.397      3375104       843776
        6592          512          38.241      6750208      1687552
        6592         1024          75.689     13500416      3375104
        6592         2048         150.568     27000832      6750208
        6592         4096         300.394     54001664     13500416
        6592         8192         599.875    108003328     27000832
        7232            1           0.812        14464         3616
        7232            2           0.891        28928         7232
        7232            4           1.119        57856        14464
        7232            8           1.320       115712        28928
        7232           16           2.001       231424        57856
        7232           32           3.273       462848       115712
        7232           64           5.792       925696       231424
        7232          128          10.873      1851392       462848
        7232          256          20.977      3702784       925696
        7232          512          46.439      7405568      1851392
        7232         1024          81.986     14811136      3702784
        7232         2048         163.179     29622272      7405568
        7232         4096         325.292     59244544     14811136
        7232         8192         649.791    118489088     29622272
        7936            1           0.810        15872         3968
        7936            2           0.894        31744         7936
        7936            4           1.213        63488        15872
        7936            8           1.372       126976        31744
        7936           16           2.178       253952        63488
        7936           32           3.533       507904       126976
        7936           64           6.191      1015808       253952
        7936          128          11.692      2031616       507904
        7936          256          22.646      4063232      1015808
        7936          512          44.486      8126464      2031616
        7936         1024          88.170     16252928      4063232
        7936         2048         175.529     32505856      8126464
        7936         4096         350.256     65011712     16252928
        8704            1           0.847        17408         4352
        8704            2           1.034        34816         8704
        8704            4           1.079        69632        17408
        8704            8           1.449       139264        34816
        8704           16           2.312       278528        69632
        8704           32           3.625       557056       139264
        8704           64           6.724      1114112       278528
        8704          128          12.576      2228224       557056
        8704          256          24.455      4456448      1114112
        8704          512          48.076      8912896      2228224
        8704         1024          95.343     17825792      4456448
        8704         2048         189.799     35651584      8912896
        8704         4096         378.816     71303168     17825792
        9536            1           0.834        19072         4768
        9536            2           0.937        38144         9536
        9536            4           1.139        76288        19072
        9536            8           1.518       152576        38144
        9536           16           2.293       305152        76288
        9536           32           3.875       610304       152576
        9536           64           7.069      1220608       305152
        9536          128          13.523      2441216       610304
        9536          256          26.305      4882432      1220608
        9536          512          52.122      9764864      2441216
        9536         1024         103.310     19529728      4882432
        9536         2048         205.900     39059456      9764864
        9536         4096         410.881     78118912     19529728
       10432            1           0.834        20864         5216
       10432            2           0.925        41728        10432
       10432            4           1.143        83456        20864
       10432            8           1.555       166912        41728
       10432           16           2.501       333824        83456
       10432           32           4.119       667648       166912
       10432           64           7.581      1335296       333824
       10432          128          14.558      2670592       667648
       10432          256          28.317      5341184      1335296
       10432          512          56.081     10682368      2670592
       10432         1024         111.349     21364736      5341184
       10432         2048         225.437     42729472     10682368
       10432         4096         443.029     85458944     21364736
       11456            1           0.838        22912         5728
       11456            2           0.955        45824        11456
       11456            4           1.176        91648        22912
       11456            8           1.624       183296        45824
       11456           16           2.539       366592        91648
       11456           32           4.434       733184       183296
       11456           64           8.234      1466368       366592
       11456          128          15.772      2932736       733184
       11456          256          30.764      5865472      1466368
       11456          512          60.975     11730944      2932736
       11456         1024         121.217     23461888      5865472
       11456         2048         241.491     46923776     11730944
       11456         4096         482.191     93847552     23461888
       12544            1           0.856        25088         6272
       12544            2           0.984        50176        12544
       12544            4           1.235       100352        25088
       12544            8           1.740       200704        50176
       12544           16           2.716       401408       100352
       12544           32           4.741       802816       200704
       12544           64           8.857      1605632       401408
       12544          128          16.995      3211264       802816
       12544          256          33.218      6422528      1605632
       12544          512          65.883     12845056      3211264
       12544         1024         130.952     25690112      6422528
       12544         2048         261.138     51380224     12845056
       12544         4096         521.423    102760448     25690112
       13760            1           1.031        27520         6880
       13760            2           1.041        55040        13760
       13760            4           1.275       110080        27520
       13760            8           1.808       220160        55040
       13760           16           2.941       440320       110080
       13760           32           5.204       880640       220160
       13760           64           9.777      1761280       440320
       13760          128          18.461      3522560       880640
       13760          256          36.360      7045120      1761280
       13760          512          71.729     14090240      3522560
       13760         1024         142.536     28180480      7045120
       13760         2048         284.290     56360960     14090240
       13760         4096         567.772    112721920     28180480
       15104            1           0.877        30208         7552
       15104            2           1.041        60416        15104
       15104            4           1.317       120832        30208
       15104            8           1.902       241664        60416
       15104           16           3.071       483328       120832
       15104           32           5.480       966656       241664
       15104           64          10.343      1933312       483328
       15104          128          19.963      3866624       966656
       15104          256          39.140      7733248      1933312
       15104          512          77.685     15466496      3866624
       15104         1024         159.844     30932992      7733248
       15104         2048         308.405     61865984     15466496
       15104         4096         615.976    123731968     30932992
       16576            1           0.912        33152         8288
       16576            2           1.077        66304        16576
       16576            4           1.427       132608        33152
       16576            8           2.010       265216        66304
       16576           16           3.298       530432       132608
       16576           32           5.994      1060864       265216
       16576           64          11.342      2121728       530432
       16576          128          21.642      4243456      1060864
       16576          256          42.572      8486912      2121728
       16576          512          84.729     16973824      4243456
       16576         1024         168.395     33947648      8486912
       16576         2048         335.991     67895296     16973824
       18176            1           0.908        36352         9088
       18176            2           1.061        72704        18176
       18176            4           1.423       145408        36352
       18176            8           2.119       290816        72704
       18176           16           3.630       581632       145408
       18176           32           6.441      1163264       290816
       18176           64          12.282      2326528       581632
       18176          128          23.470      4653056      1163264
       18176          256          46.382      9306112      2326528
       18176          512          91.971     18612224      4653056
       18176         1024         183.148     37224448      9306112
       18176         2048         365.412     74448896     18612224
       19968            1           0.925        39936         9984
       19968            2           1.131        79872        19968
       19968            4           1.506       159744        39936
       19968            8           2.267       319488        79872
       19968           16           3.782       638976       159744
       19968           32           6.885      1277952       319488
       19968           64          13.158      2555904       638976
       19968          128          25.583      5111808      1277952
       19968          256          50.433     10223616      2555904
       19968          512         100.203     20447232      5111808
       19968         1024         199.604     40894464     10223616
       19968         2048         398.399     81788928     20447232
       21952            1           1.444        43904        10976
       21952            2           1.148        87808        21952
       21952            4           1.567       175616        43904
       21952            8           2.457       351232        87808
       21952           16           4.078       702464       175616
       21952           32           7.478      1404928       351232
       21952           64          14.277      2809856       702464
       21952          128          27.920      5619712      1404928
       21952          256          55.182     11239424      2809856
       21952          512         109.631     22478848      5619712
       21952         1024         218.516     44957696     11239424
       21952         2048         439.935     89915392     22478848
       24128            1           0.966        48256        12064
       24128            2           1.186        96512        24128
       24128            4           1.637       193024        48256
       24128            8           2.548       386048        96512
       24128           16           4.395       772096       193024
       24128           32           8.105      1544192       386048
       24128           64          15.634      3088384       772096
       24128          128          30.480      6176768      1544192
       24128          256          60.186     12353536      3088384
       24128          512         119.813     24707072      6176768
       24128         1024         238.821     49414144     12353536
       24128         2048         477.022     98828288     24707072
       26496            1           0.987        52992        13248
       26496            2           1.316       105984        26496
       26496            4           1.727       211968        52992
       26496            8           2.776       423936       105984
       26496           16           4.725       847872       211968
       26496           32           8.805      1695744       423936
       26496           64          16.939      3391488       847872
       26496          128          33.137      6782976      1695744
       26496          256          65.714     13565952      3391488
       26496          512         130.635     27131904      6782976
       26496         1024         260.223     54263808     13565952
       26496         2048         519.640    108527616     27131904
       29120            1           1.014        58240        14560
       29120            2           1.258       116480        29120
       29120            4           1.815       232960        58240
       29120            8           3.150       465920       116480
       29120           16           5.109       931840       232960
       29120           32           9.552      1863680       465920
       29120           64          18.455      3727360       931840
       29120          128          36.222      7454720      1863680
       29120          256          71.768     14909440      3727360
       29120          512         142.991     29818880      7454720
       29120         1024         285.181     59637760     14909440
       29120         2048         569.595    119275520     29818880
       32000            1           1.029        64000        16000
       32000            2           1.320       128000        32000
       32000            4           1.924       256000        64000
       32000            8           3.118       512000       128000
       32000           16           5.532      1024000       256000
       32000           32          10.379      2048000       512000
       32000           64          20.100      4096000      1024000
       32000          128          39.506      8192000      2048000
       32000          256          78.489     16384000      4096000
       32000          512         156.193     32768000      8192000
       32000         1024         316.370     65536000     16384000
       35200            1           1.157        70400        17600
       35200            2           1.391       140800        35200
       35200            4           2.058       281600        70400
       35200            8           3.380       563200       140800
       35200           16           6.038      1126400       281600
       35200           32          11.327      2252800       563200
       35200           64          22.057      4505600      1126400
       35200          128          43.253      9011200      2252800
       35200          256          85.819     18022400      4505600
       35200          512         171.180     36044800      9011200
       35200         1024         341.522     72089600     18022400
       38720            1           1.250        77440        19360
       38720            2           1.447       154880        38720
       38720            4           2.195       309760        77440
       38720            8           3.622       619520       154880
       38720           16           6.503      1239040       309760
       38720           32          12.351      2478080       619520
       38720           64          24.098      4956160      1239040
       38720          128          47.370      9912320      2478080
       38720          256          94.059     19824640      4956160
       38720          512         187.574     39649280      9912320
       38720         1024         374.335     79298560     19824640
       42560            1           1.126        85120        21280
       42560            2           1.514       170240        42560
       42560            4           2.311       340480        85120
       42560            8           3.886       680960       170240
       42560           16           7.064      1361920       340480
       42560           32          13.457      2723840       680960
       42560           64          26.254      5447680      1361920
       42560          128          51.824     10895360      2723840
       42560          256         102.975     21790720      5447680
       42560          512         205.449     43581440     10895360
       42560         1024         409.987     87162880     21790720
       46784            1           1.163        93568        23392
       46784            2           1.596       187136        46784
       46784            4           2.472       374272        93568
       46784            8           4.228       748544       187136
       46784           16           7.718      1497088       374272
       46784           32          14.736      2994176       748544
       46784           64          28.686      5988352      1497088
       46784          128          56.726     11976704      2994176
       46784          256         112.912     23953408      5988352
       46784          512         225.008     47906816     11976704
       46784         1024         449.202     95813632     23953408
       51456            1           1.200       102912        25728
       51456            2           1.658       205824        51456
       51456            4           2.719       411648       102912
       51456            8           4.537       823296       205824
       51456           16           8.376      1646592       411648
       51456           32          16.070      3293184       823296
       51456           64          31.384      6586368      1646592
       51456          128          62.114     13172736      3293184
       51456          256         123.577     26345472      6586368
       51456          512         246.407     52690944     13172736
       51456         1024         495.102    105381888     26345472
       56576            1           1.252       113152        28288
       56576            2           1.779       226304        56576
       56576            4           2.833       452608       113152
       56576            8           4.972       905216       226304
       56576           16           9.149      1810432       452608
       56576           32          17.575      3620864       905216
       56576           64          34.372      7241728      1810432
       56576          128          68.163     14483456      3620864
       56576          256         135.408     28966912      7241728
       56576          512         270.323     57933824     14483456
       56576         1024         539.750    115867648     28966912
       62208            1           1.313       124416        31104
       62208            2           1.865       248832        62208
       62208            4           3.015       497664       124416
       62208            8           5.310       995328       248832
       62208           16           9.902      1990656       497664
       62208           32          19.144      3981312       995328
       62208           64          37.613      7962624      1990656
       62208          128          74.568     15925248      3981312
       62208          256         148.568     31850496      7962624
       62208          512         296.372     63700992     15925248
       68416            1           1.616       136832        34208
       68416            2           2.071       273664        68416
       68416            4           3.471       547328       136832
       68416            8           5.809      1094656       273664
       68416           16          10.817      2189312       547328
       68416           32          21.068      4378624      1094656
       68416           64          41.305      8757248      2189312
       68416          128          81.813     17514496      4378624
       68416          256         163.059     35028992      8757248
       68416          512         325.406     70057984     17514496
       75200            1           1.660       150400        37600
       75200            2           2.112       300800        75200
       75200            4           3.501       601600       150400
       75200            8           6.300      1203200       300800
       75200           16          11.854      2406400       601600
       75200           32          22.925      4812800      1203200
       75200           64          45.195      9625600      2406400
       75200          128          89.772     19251200      4812800
       75200          256         178.765     38502400      9625600
       75200          512         356.958     77004800     19251200
       82688            1           1.642       165376        41344
       82688            2           2.240       330752        82688
       82688            4           3.762       661504       165376
       82688            8           6.807      1323008       330752
       82688           16          12.885      2646016       661504
       82688           32          25.097      5292032      1323008
       82688           64          49.519     10584064      2646016
       82688          128          98.364     21168128      5292032
       82688          256         196.036     42336256     10584064
       82688          512         396.334     84672512     21168128
       90944            1           1.191       181888        45472
       90944            2           2.394       363776        90944
       90944            4           4.126       727552       181888
       90944            8           7.512      1455104       363776
       90944           16          14.092      2910208       727552
       90944           32          27.531      5820416      1455104
       90944           64          54.384     11640832      2910208
       90944          128         107.991     23281664      5820416
       90944          256         215.523     46563328     11640832
       90944          512         430.056     93126656     23281664
      100032            1           1.758       200064        50016
      100032            2           2.574       400128       100032
      100032            4           4.424       800256       200064
      100032            8           8.061      1600512       400128
      100032           16          15.408      3201024       800256
      100032           32          30.126      6402048      1600512
      100032           64          59.614     12804096      3201024
      100032          128         118.523     25608192      6402048
      100032          256         236.479     51216384     12804096
      100032          512         472.230    102432768     25608192
      110016            1           1.988       220032        55008
      110016            2           2.733       440064       110016
      110016            4           4.752       880128       220032
      110016            8           8.783      1760256       440064
      110016           16          16.853      3520512       880128
      110016           32          33.024      7041024      1760256
      110016           64          65.533     14082048      3520512
      110016          128         130.118     28164096      7041024
      110016          256         259.595     56328192     14082048
      110016          512         518.636    112656384     28164096
      120960            1           1.536       241920        60480
      120960            2           2.950       483840       120960
      120960            4           5.162       967680       241920
      120960            8           9.588      1935360       483840
      120960           16          18.430      3870720       967680
      120960           32          36.194      7741440      1935360
      120960           64          71.767     15482880      3870720
      120960          128         142.787     30965760      7741440
      120960          256         284.845     61931520     15482880
      120960          512         572.709    123863040     30965760
      133056            1           2.307       266112        66528
      133056            2           3.173       532224       133056
      133056            4           5.614      1064448       266112
      133056            8          10.462      2128896       532224
      133056           16          20.393      4257792      1064448
      133056           32          39.724      8515584      2128896
      133056           64          78.775     17031168      4257792
      133056          128         156.915     34062336      8515584
      133056          256         313.102     68124672     17031168
      146304            1           2.421       292608        73152
      146304            2           3.412       585216       146304
      146304            4           6.112      1170432       292608
      146304            8          11.453      2340864       585216
      146304           16          22.260      4681728      1170432
      146304           32          43.580      9363456      2340864
      146304           64          86.575     18726912      4681728
      146304          128         172.198     37453824      9363456
      146304          256         343.700     74907648     18726912
      160896            1           2.138       321792        80448
      160896            2           3.675       643584       160896
      160896            4           6.606      1287168       321792
      160896            8          12.486      2574336       643584
      160896           16          24.460      5148672      1287168
      160896           32          47.806     10297344      2574336
      160896           64          94.904     20594688      5148672
      160896          128         189.135     41189376     10297344
      160896          256         377.582     82378752     20594688
      176960            1           3.374       353920        88480
      176960            2           4.026       707840       176960
      176960            4           7.301      1415680       353920
      176960            8          13.685      2831360       707840
      176960           16          26.598      5662720      1415680
      176960           32          52.488     11325440      2831360
      176960           64         104.302     22650880      5662720
      176960          128         207.920     45301760     11325440
      176960          256         415.128     90603520     22650880
      194624            1           2.535       389248        97312
      194624            2           4.414       778496       194624
      194624            4           7.891      1556992       389248
      194624            8          15.215      3113984       778496
      194624           16          29.178      6227968      1556992
      194624           32          57.783     12455936      3113984
      194624           64         114.562     24911872      6227968
      194624          128         228.543     49823744     12455936
      194624          256         459.475     99647488     24911872
      214080            1           3.367       428160       107040
      214080            2           4.727       856320       214080
      214080            4           8.639      1712640       428160
      214080            8          16.668      3425280       856320
      214080           16          32.123      6850560      1712640
      214080           32          63.399     13701120      3425280
      214080           64         126.043     27402240      6850560
      214080          128         251.232     54804480     13701120
      214080          256         501.467    109608960     27402240
      235456            1           3.843       470912       117728
      235456            2           5.263       941824       235456
      235456            4           9.451      1883648       470912
      235456            8          18.047      3767296       941824
      235456           16          35.226      7534592      1883648
      235456           32          69.822     15069184      3767296
      235456           64         138.364     30138368      7534592
      235456          128         276.038     60276736     15069184
      235456          256         550.873    120553472     30138368
      258944            1           3.509       517888       129472
      258944            2           5.694      1035776       258944
      258944            4          10.445      2071552       517888
      258944            8          19.870      4143104      1035776
      258944           16          38.746      8286208      2071552
      258944           32          76.517     16572416      4143104
      258944           64         152.098     33144832      8286208
      258944          128         303.278     66289664     16572416
      284800            1           4.039       569600       142400
      284800            2           6.495      1139200       284800
      284800            4          12.144      2278400       569600
      284800            8          23.392      4556800      1139200
      284800           16          45.727      9113600      2278400
      284800           32          91.968     18227200      4556800
      284800           64         183.750     36454400      9113600
      284800          128         367.769     72908800     18227200
      313280            1           4.859       626560       156640
      313280            2           7.198      1253120       313280
      313280            4          13.601      2506240       626560
      313280            8          26.393      5012480      1253120
      313280           16          52.102     10024960      2506240
      313280           32         106.311     20049920      5012480
      313280           64         205.648     40099840     10024960
      313280          128         411.261     80199680     20049920
      344576            1           5.090       689152       172288
      344576            2           7.907      1378304       344576
      344576            4          14.903      2756608       689152
      344576            8          29.041      5513216      1378304
      344576           16          57.157     11026432      2756608
      344576           32         113.126     22052864      5513216
      344576           64         226.149     44105728     11026432
      344576          128         452.411     88211456     22052864
      379008            1           5.858       758016       189504
      379008            2           8.527      1516032       379008
      379008            4          16.440      3032064       758016
      379008            8          31.901      6064128      1516032
      379008           16          62.610     12128256      3032064
      379008           32         124.411     24256512      6064128
      379008           64         248.546     48513024     12128256
      379008          128         497.313     97026048     24256512
      416896            1           6.944       833792       208448
      416896            2           9.282      1667584       416896
      416896            4          17.818      3335168       833792
      416896            8          34.804      6670336      1667584
      416896           16          68.875     13340672      3335168
      416896           32         137.067     26681344      6670336
      416896           64         273.278     53362688     13340672
      416896          128         546.811    106725376     26681344
      458560            1           6.618       917120       229280
      458560            2          10.130      1834240       458560
      458560            4          19.676      3668480       917120
      458560            8          38.187      7336960      1834240
      458560           16          75.689     14673920      3668480
      458560           32         153.514     29347840      7336960
      458560           64         300.707     58695680     14673920
      458560          128         601.576    117391360     29347840
      504384            1           7.692      1008768       252192
      504384            2          11.326      2017536       504384
      504384            4          21.423      4035072      1008768
      504384            8          41.978      8070144      2017536
      504384           16          82.541     16140288      4035072
      504384           32         165.101     32280576      8070144
      504384           64         330.368     64561152     16140288
      554816            1           9.023      1109632       277408
      554816            2          12.090      2219264       554816
      554816            4          23.388      4438528      1109632
      554816            8          46.052      8877056      2219264
      554816           16          90.798     17754112      4438528
      554816           32         181.571     35508224      8877056
      554816           64         363.265     71016448     17754112
      610240            1           9.770      1220480       305120
      610240            2          13.231      2440960       610240
      610240            4          25.626      4881920      1220480
      610240            8          50.653      9763840      2440960
      610240           16          99.793     19527680      4881920
      610240           32         199.807     39055360      9763840
      610240           64         399.543     78110720     19527680
      671232            1          10.394      1342464       335616
      671232            2          14.451      2684928       671232
      671232            4          28.152      5369856      1342464
      671232            8          55.613     10739712      2684928
      671232           16         109.937     21479424      5369856
      671232           32         219.520     42958848     10739712
      671232           64         442.610     85917696     21479424
      738304            1          12.247      1476608       369152
      738304            2          15.817      2953216       738304
      738304            4          30.932      5906432      1476608
      738304            8          60.533     11812864      2953216
      738304           16         121.130     23625728      5906432
      738304           32         241.428     47251456     11812864
      738304           64         482.519     94502912     23625728
      812096            1          12.524      1624192       406048
      812096            2          17.355      3248384       812096
      812096            4          34.134      6496768      1624192
      812096            8          67.179     12993536      3248384
      812096           16         133.262     25987072      6496768
      812096           32         266.555     51974144     12993536
      812096           64         531.533    103948288     25987072
      893248            1          14.526      1786496       446624
      893248            2          19.157      3572992       893248
      893248            4          37.278      7145984      1786496
      893248            8          73.800     14291968      3572992
      893248           16         146.611     28583936      7145984
      893248           32         292.584     57167872     14291968
      893248           64         584.407    114335744     28583936
      982528            1          15.717      1965056       491264
      982528            2          20.848      3930112       982528
      982528            4          40.986      7860224      1965056
      982528            8          81.060     15720448      3930112
      982528           16         161.245     31440896      7860224
      982528           32         321.646     62881792     15720448
     1080768            1          17.327      2161536       540384
     1080768            2          22.855      4323072      1080768
     1080768            4          48.679      8646144      2161536
     1080768            8          89.141     17292288      4323072
     1080768           16         177.049     34584576      8646144
     1080768           32         353.133     69169152     17292288
     1188800            1          19.734      2377600       594400
     1188800            2          25.200      4755200      1188800
     1188800            4          49.237      9510400      2377600
     1188800            8          97.310     19020800      4755200
     1188800           16         194.709     38041600      9510400
     1188800           32         389.269     76083200     19020800
     1307648            1          20.704      2615296       653824
     1307648            2          27.542      5230592      1307648
     1307648            4          53.985     10461184      2615296
     1307648            8         108.263     20922368      5230592
     1307648           16         216.763     41844736     10461184
     1307648           32         433.391     83689472     20922368
     1438400            1          22.735      2876800       719200
     1438400            2          30.520      5753600      1438400
     1438400            4          59.985     11507200      2876800
     1438400            8         118.817     23014400      5753600
     1438400           16         237.820     46028800     11507200
     1438400           32         476.185     92057600     23014400
     1582208            1          24.943      3164416       791104
     1582208            2          33.468      6328832      1582208
     1582208            4          65.912     12657664      3164416
     1582208            8         132.132     25315328      6328832
     1582208           16         263.922     50630656     12657664
     1582208           32         532.927    101261312     25315328
     1740416            1          28.159      3480832       870208
     1740416            2          36.653      6961664      1740416
     1740416            4          73.628     13923328      3480832
     1740416            8         147.274     27846656      6961664
     1740416           16         294.518     55693312     13923328
     1740416           32         589.398    111386624     27846656
     1914432            1          30.932      3828864       957216
     1914432            2          41.327      7657728      1914432
     1914432            4          81.437     15315456      3828864
     1914432            8         163.118     30630912      7657728
     1914432           16         326.100     61261824     15315456
     1914432           32         652.108    122523648     30630912
     2105856            1          34.232      4211712      1052928
     2105856            2          45.906      8423424      2105856
     2105856            4          90.065     16846848      4211712
     2105856            8         180.131     33693696      8423424
     2105856           16         360.566     67387392     16846848
     2316416            1          37.770      4632832      1158208
     2316416            2          51.309      9265664      2316416
     2316416            4         100.618     18531328      4632832
     2316416            8         199.348     37062656      9265664
     2316416           16         404.686     74125312     18531328
     2548032            1          41.812      5096064      1274016
     2548032            2          57.826     10192128      2548032
     2548032            4         112.847     20384256      5096064
     2548032            8         223.865     40768512     10192128
     2548032           16         447.403     81537024     20384256
     2802816            1          46.004      5605632      1401408
     2802816            2          64.249     11211264      2802816
     2802816            4         126.506     22422528      5605632
     2802816            8         250.283     44845056     11211264
     2802816           16         499.757     89690112     22422528
     3083072            1          51.833      6166144      1541536
     3083072            2          70.506     12332288      3083072
     3083072            4         139.074     24664576      6166144
     3083072            8         275.728     49329152     12332288
     3083072           16         550.680     98658304     24664576
     3391360            1          59.396      6782720      1695680
     3391360            2          77.473     13565440      3391360
     3391360            4         154.023     27130880      6782720
     3391360            8         305.875     54261760     13565440
     3391360           16         653.206    108523520     27130880
     3730496            1          62.773      7460992      1865248
     3730496            2          85.898     14921984      3730496
     3730496            4         169.772     29843968      7460992
     3730496            8         337.391     59687936     14921984
     3730496           16         673.057    119375872     29843968
     4103488            1          69.106      8206976      2051744
     4103488            2          94.336     16413952      4103488
     4103488            4         186.495     32827904      8206976
     4103488            8         371.146     65655808     16413952
     4513792            1          76.168      9027584      2256896
     4513792            2         103.478     18055168      4513792
     4513792            4         204.810     36110336      9027584
     4513792            8         407.768     72220672     18055168
     4965120            1          83.055      9930240      2482560
     4965120            2         113.091     19860480      4965120
     4965120            4         225.186     39720960      9930240
     4965120            8         453.697     79441920     19860480
     5461632            1          92.787     10923264      2730816
     5461632            2         124.747     21846528      5461632
     5461632            4         247.358     43693056     10923264
     5461632            8         492.571     87386112     21846528
     6007744            1         101.955     12015488      3003872
     6007744            2         136.903     24030976      6007744
     6007744            4         284.425     48061952     12015488
     6007744            8         542.002     96123904     24030976
     6608512            1         111.358     13217024      3304256
     6608512            2         149.879     26434048      6608512
     6608512            4         298.874     52868096     13217024
     6608512            8         595.630    105736192     26434048
     7269312            1         122.835     14538624      3634656
     7269312            2         165.196     29077248      7269312
     7269312            4         334.432     58154496     14538624
     7269312            8         653.846    116308992     29077248
     7996224            1         133.673     15992448      3998112
     7996224            2         181.667     31984896      7996224
     7996224            4         361.173     63969792     15992448
     8795840            1         148.680     17591680      4397920
     8795840            2         199.030     35183360      8795840
     8795840            4         396.795     70366720     17591680
     9675392            1         163.758     19350784      4837696
     9675392            2         219.178     38701568      9675392
     9675392            4         436.641     77403136     19350784
    10642880            1         179.664     21285760      5321440
    10642880            2         241.795     42571520     10642880
    10642880            4         486.172     85143040     21285760
    11707136            1         199.000     23414272      5853568
    11707136            2         274.361     46828544     11707136
    11707136            4         531.243     93657088     23414272
    12877824            1         218.237     25755648      6438912
    12877824            2         294.720     51511296     12877824
    12877824            4         590.285    103022592     25755648
    14165568            1         239.386     28331136      7082784
    14165568            2         334.662     56662272     14165568
    14165568            4         667.349    113324544     28331136
    15582080            1         266.978     31164160      7791040
    15582080            2         389.675     62328320     15582080
    15582080            4         761.621    124656640     31164160
    17140288            1         298.829     34280576      8570144
    17140288            2         462.277     68561152     17140288
    18854272            1         355.905     37708544      9427136
    18854272            2         634.683     75417088     18854272
    20739648            1         444.770     41479296     10369824
    20739648            2        1049.439     82958592     20739648
    22813568            1         689.981     45627136     11406784
    22813568            2        1672.360     91254272     22813568
    25094912            1        1026.531     50189824     12547456
    25094912            2        2511.434    100379648     25094912
    27604352            1        1451.367     55208704     13802176
    27604352            2        3497.740    110417408     27604352
    30364736            1        1951.163     60729472     15182368
    30364736            2        4317.314    121458944     30364736
    33401152            1        2373.769     66802304     16700576
    36741248            1        2796.361     73482496     18370624
    40415360            1        3160.690     80830720     20207680
    44456896            1        3492.865     88913792     22228448
    48902528            1        3865.873     97805056     24451264
    53792768            1        4255.879    107585536     26896384
    59172032            1        4685.538    118344064     29586016

META_DATA
MPI_PROCS      1
OPENMP_THREADS 8
FLOPS          4
ERT_VERSION  1.0.0
TIMESTAMP_DATA  1594852874.98
HOSTNAME  ('apollo-PowerEdge-R430', [], ['127.0.1.1'])
UNAME  ('Linux', 'apollo-PowerEdge-R430', '4.19.129-0419129-generic', '#202006220433 SMP Mon Jun 22 09:12:54 UTC 2020', 'x86_64', 'x86_64')
CONFIG  {'ERT_WORKING_SET_MIN': ['1'], 'ERT_CFLAGS': ['-O3'], 'ERT_CC': ['gcc'], 'ERT_MPI_CFLAGS': [], 'ERT_MPI_LDFLAGS': [], 'ERT_MEMORY_MAX': ['62497788'], 'ERT_PROCS_THREADS': ['8'], 'ERT_LDFLAGS': [], 'ERT_LDLIBS': [], 'ERT_SPEC_GBYTES_DRAM': ['1.0'], 'ERT_RUN': ['export', 'KMP_AFFINITY=scatter;', 'export', 'OMP_NUM_THREADS=ERT_OPENMP_THREADS;', 'ERT_CODE'], 'ERT_FLOPS': ['1,2,4,8,16'], 'ERT_OPENMP_CFLAGS': ['-fopenmp'], 'ERT_SPEC_GFLOPS': ['1.0'], 'ERT_MPI': ['False'], 'ERT_TRIALS_MIN': ['1'], 'ERT_DRIVER': ['driver1'], 'ERT_RESULTS': ['Results.x86'], 'ERT_OPENMP': ['True'], 'ERT_MPI_PROCS': ['1'], 'ERT_KERNEL': ['kernel1'], 'ERT_OPENMP_THREADS': ['1-32'], 'ERT_LD': ['gcc'], 'ERT_NUM_EXPERIMENTS': ['6'], 'ERT_OPENMP_LDFLAGS': ['-fopenmp'], 'ERT_ALIGN': ['32'], 'ERT_GNUPLOT': ['gnuplot']}
