          64            1           1.539          128           32
          64            2           0.804          256           64
          64            4           0.768          512          128
          64            8           0.760         1024          256
          64           16           0.798         2048          512
          64           32           0.919         4096         1024
          64           64           1.187         8192         2048
          64          128           1.673        16384         4096
          64          256           2.678        32768         8192
          64          512           4.778        65536        16384
          64         1024           8.444       131072        32768
          64         2048          17.293       262144        65536
          64         4096          34.839       524288       131072
          64         8192          69.977      1048576       262144
          64        16384         140.318      2097152       524288
          64        32768         280.933      4194304      1048576
          64        65536         562.128      8388608      2097152
          64       131072        1124.480     16777216      4194304
          64       262144        2253.331     33554432      8388608
          64       524288        4503.601     67108864     16777216
         128            1           0.799          256           64
         128            2           0.768          512          128
         128            4           0.768         1024          256
         128            8           0.757         2048          512
         128           16           0.819         4096         1024
         128           32           1.019         8192         2048
         128           64           1.199        16384         4096
         128          128           1.687        32768         8192
         128          256           2.722        65536        16384
         128          512           4.702       131072        32768
         128         1024           8.510       262144        65536
         128         2048          17.257       524288       131072
         128         4096          34.816      1048576       262144
         128         8192          70.026      2097152       524288
         128        16384         140.255      4194304      1048576
         128        32768         280.874      8388608      2097152
         128        65536         562.104     16777216      4194304
         128       131072        1124.515     33554432      8388608
         128       262144        2078.925     67108864     16777216
         192            1           0.764          384           96
         192            2           0.900          768          192
         192            4           0.778         1536          384
         192            8           0.770         3072          768
         192           16           0.810         6144         1536
         192           32           0.961        12288         3072
         192           64           1.275        24576         6144
         192          128           1.798        49152        12288
         192          256           2.882        98304        24576
         192          512           4.829       196608        49152
         192         1024           8.721       393216        98304
         192         2048          16.739       786432       196608
         192         4096          32.792      1572864       393216
         192         8192          64.876      3145728       786432
         192        16384         129.071      6291456      1572864
         192        32768         257.555     12582912      3145728
         192        65536         514.187     25165824      6291456
         192       131072        1032.531     50331648     12582912
         192       262144        2054.650    100663296     25165824
         256            1           0.752          512          128
         256            2           0.760         1024          256
         256            4           0.772         2048          512
         256            8           0.794         4096         1024
         256           16           0.820         8192         2048
         256           32           0.943        16384         4096
         256           64           1.180        32768         8192
         256          128           1.689        65536        16384
         256          256           2.700       131072        32768
         256          512           4.707       262144        65536
         256         1024           8.710       524288       131072
         256         2048          16.742      1048576       262144
         256         4096          32.790      2097152       524288
         256         8192          64.879      4194304      1048576
         256        16384         129.067      8388608      2097152
         256        32768         257.433     16777216      4194304
         256        65536         514.188     33554432      8388608
         256       131072        1046.406     67108864     16777216
         320            1           0.751          640          160
         320            2           0.872         1280          320
         320            4           0.775         2560          640
         320            8           0.778         5120         1280
         320           16           0.892        10240         2560
         320           32           0.992        20480         5120
         320           64           1.205        40960        10240
         320          128           1.707        81920        20480
         320          256           7.891       163840        40960
         320          512           4.791       327680        81920
         320         1024           8.810       655360       163840
         320         2048          16.757      1310720       327680
         320         4096          32.966      2621440       655360
         320         8192          69.083      5242880      1310720
         320        16384         136.480     10485760      2621440
         320        32768         257.616     20971520      5242880
         320        65536         514.215     41943040     10485760
         320       131072        1027.678     83886080     20971520
         384            1           0.925          768          192
         384            2           0.761         1536          384
         384            4           0.773         3072          768
         384            8           0.782         6144         1536
         384           16           0.960        12288         3072
         384           32           0.958        24576         6144
         384           64           1.300        49152        12288
         384          128           1.706        98304        24576
         384          256           2.718       196608        49152
         384          512           4.893       393216        98304
         384         1024           8.770       786432       196608
         384         2048          16.763      1572864       393216
         384         4096          32.957      3145728       786432
         384         8192          64.992      6291456      1572864
         384        16384         129.247     12582912      3145728
         384        32768         257.455     25165824      6291456
         384        65536         514.194     50331648     12582912
         384       131072        1034.770    100663296     25165824
         448            1           0.877          896          224
         448            2           0.804         1792          448
         448            4           0.996         3584          896
         448            8           0.811         7168         1792
         448           16           0.854        14336         3584
         448           32           1.150        28672         7168
         448           64           1.218        57344        14336
         448          128           1.885       114688        28672
         448          256           2.769       229376        57344
         448          512           4.752       458752       114688
         448         1024           8.810       917504       229376
         448         2048          16.882      1835008       458752
         448         4096          32.915      3670016       917504
         448         8192          65.060      7340032      1835008
         448        16384         130.244     14680064      3670016
         448        32768         259.624     29360128      7340032
         448        65536         521.072     58720256     14680064
         448       131072        1045.385    117440512     29360128
         512            1           0.760         1024          256
         512            2           0.735         2048          512
         512            4           0.817         4096         1024
         512            8           0.839         8192         2048
         512           16           0.881        16384         4096
         512           32           0.971        32768         8192
         512           64           1.227        65536        16384
         512          128           1.880       131072        32768
         512          256           2.755       262144        65536
         512          512           4.763       524288       131072
         512         1024           8.852      1048576       262144
         512         2048          16.879      2097152       524288
         512         4096          33.078      4194304      1048576
         512         8192          65.120      8388608      2097152
         512        16384         130.234     16777216      4194304
         512        32768         258.778     33554432      8388608
         512        65536         517.232     67108864     16777216
         576            1           0.735         1152          288
         576            2           0.782         2304          576
         576            4           0.811         4608         1152
         576            8           0.801         9216         2304
         576           16           1.010        18432         4608
         576           32           1.005        36864         9216
         576           64           1.312        73728        18432
         576          128           1.818       147456        36864
         576          256           2.857       294912        73728
         576          512           4.960       589824       147456
         576         1024           9.207      1179648       294912
         576         2048          17.762      2359296       589824
         576         4096          34.789      4718592      1179648
         576         8192          68.763      9437184      2359296
         576        16384         144.279     18874368      4718592
         576        32768         271.862     37748736      9437184
         576        65536         542.948     75497472     18874368
         640            1           0.735         1280          320
         640            2           0.762         2560          640
         640            4           0.956         5120         1280
         640            8           0.839        10240         2560
         640           16           0.868        20480         5120
         640           32           0.998        40960        10240
         640           64           1.344        81920        20480
         640          128           1.788       163840        40960
         640          256           2.842       327680        81920
         640          512           4.967       655360       163840
         640         1024           9.321      1310720       327680
         640         2048          17.770      2621440       655360
         640         4096          34.809      5242880      1310720
         640         8192          68.610     10485760      2621440
         640        16384         136.365     20971520      5242880
         640        32768         271.872     41943040     10485760
         640        65536         542.886     83886080     20971520
         704            1           0.738         1408          352
         704            2           0.761         2816          704
         704            4           0.765         5632         1408
         704            8           0.816        11264         2816
         704           16           0.890        22528         5632
         704           32           1.137        45056        11264
         704           64           1.463        90112        22528
         704          128           1.955       180224        45056
         704          256           3.171       360448        90112
         704          512           5.649       720896       180224
         704         1024          10.577      1441792       360448
         704         2048          20.495      2883584       720896
         704         4096          40.224      5767168      1441792
         704         8192          79.558     11534336      2883584
         704        16384         157.942     23068672      5767168
         704        32768         315.024     46137344     11534336
         704        65536         629.378     92274688     23068672
         768            1           0.755         1536          384
         768            2           0.750         3072          768
         768            4           0.778         6144         1536
         768            8           0.806        12288         3072
         768           16           1.030        24576         6144
         768           32           1.133        49152        12288
         768           64           1.371        98304        24576
         768          128           2.106       196608        49152
         768          256           3.172       393216        98304
         768          512           5.661       786432       196608
         768         1024          10.560      1572864       393216
         768         2048          20.472      3145728       786432
         768         4096          40.110      6291456      1572864
         768         8192          79.433     12582912      3145728
         768        16384         157.746     25165824      6291456
         768        32768         314.634     50331648     12582912
         768        65536         634.368    100663296     25165824
         832            1           0.735         1664          416
         832            2           0.758         3328          832
         832            4           0.789         6656         1664
         832            8           0.819        13312         3328
         832           16           0.891        26624         6656
         832           32           1.076        53248        13312
         832           64           1.428       106496        26624
         832          128           2.113       212992        53248
         832          256           3.511       425984       106496
         832          512           6.317       851968       212992
         832         1024          11.895      1703936       425984
         832         2048          23.121      3407872       851968
         832         4096          45.443      6815744      1703936
         832         8192          89.969     13631488      3407872
         832        16384         179.121     27262976      6815744
         832        32768         357.450     54525952     13631488
         832        65536         714.035    109051904     27262976
         896            1           0.746         1792          448
         896            2           0.764         3584          896
         896            4           0.906         7168         1792
         896            8           0.874        14336         3584
         896           16           1.045        28672         7168
         896           32           1.050        57344        14336
         896           64           1.454       114688        28672
         896          128           2.264       229376        57344
         896          256           3.513       458752       114688
         896          512           6.314       917504       229376
         896         1024          11.879      1835008       458752
         896         2048          23.151      3670016       917504
         896         4096          45.411      7340032      1835008
         896         8192          89.974     14680064      3670016
         896        16384         179.134     29360128      7340032
         896        32768         357.456     58720256     14680064
         896        65536         714.039    117440512     29360128
         960            1           0.746         1920          480
         960            2           0.789         3840          960
         960            4           0.954         7680         1920
         960            8           0.828        15360         3840
         960           16           0.938        30720         7680
         960           32           1.123        61440        15360
         960           64           1.525       122880        30720
         960          128           2.293       245760        61440
         960          256           3.863       491520       122880
         960          512           7.005       983040       245760
         960         1024          13.218      1966080       491520
         960         2048          25.802      3932160       983040
         960         4096          50.805      7864320      1966080
         960         8192         100.801     15728640      3932160
         960        16384         200.946     31457280      7864320
         960        32768         402.026     62914560     15728640
        1024            1           0.739         2048          512
        1024            2           0.762         4096         1024
        1024            4           0.818         8192         2048
        1024            8           0.852        16384         4096
        1024           16           0.904        32768         8192
        1024           32           1.093        65536        16384
        1024           64           1.482       131072        32768
        1024          128           2.284       262144        65536
        1024          256           3.853       524288       131072
        1024          512           6.994      1048576       262144
        1024         1024          13.220      2097152       524288
        1024         2048          25.803      4194304      1048576
        1024         4096          50.737      8388608      2097152
        1024         8192         100.660     16777216      4194304
        1024        16384         200.527     33554432      8388608
        1024        32768         400.205     67108864     16777216
        1088            1           0.748         2176          544
        1088            2           0.924         4352         1088
        1088            4           0.794         8704         2176
        1088            8           0.853        17408         4352
        1088           16           0.935        34816         8704
        1088           32           1.158        69632        17408
        1088           64           1.602       139264        34816
        1088          128           2.485       278528        69632
        1088          256           4.191       557056       139264
        1088          512           7.645      1114112       278528
        1088         1024          14.661      2228224       557056
        1088         2048          28.575      4456448      1114112
        1088         4096          56.225      8912896      2228224
        1088         8192         111.385     17825792      4456448
        1088        16384         221.994     35651584      8912896
        1088        32768         442.862     71303168     17825792
        1152            1           0.745         2304          576
        1152            2           0.796         4608         1152
        1152            4           0.778         9216         2304
        1152            8           0.966        18432         4608
        1152           16           1.073        36864         9216
        1152           32           1.190        73728        18432
        1152           64           1.560       147456        36864
        1152          128           2.460       294912        73728
        1152          256           4.182       589824       147456
        1152          512           7.611      1179648       294912
        1152         1024          14.555      2359296       589824
        1152         2048          28.466      4718592      1179648
        1152         4096          56.110      9437184      2359296
        1152         8192         111.361     18874368      4718592
        1152        16384         221.918     37748736      9437184
        1152        32768         442.994     75497472     18874368
        1216            1           0.742         2432          608
        1216            2           0.765         4864         1216
        1216            4           0.800         9728         2432
        1216            8           0.840        19456         4864
        1216           16           0.950        38912         9728
        1216           32           1.171        77824        19456
        1216           64           1.662       155648        38912
        1216          128           2.615       311296        77824
        1216          256           4.491       622592       155648
        1216          512           8.315      1245184       311296
        1216         1024          15.890      2490368       622592
        1216         2048          31.154      4980736      1245184
        1216         4096          61.516      9961472      2490368
        1216         8192         122.245     19922944      4980736
        1216        16384         243.595     39845888      9961472
        1216        32768         491.218     79691776     19922944
        1280            1           0.753         2560          640
        1280            2           0.792         5120         1280
        1280            4           0.811        10240         2560
        1280            8           0.828        20480         5120
        1280           16           0.987        40960        10240
        1280           32           1.195        81920        20480
        1280           64           1.703       163840        40960
        1280          128           2.731       327680        81920
        1280          256           4.528       655360       163840
        1280          512           8.312      1310720       327680
        1280         1024          15.959      2621440       655360
        1280         2048          31.124      5242880      1310720
        1280         4096          61.437     10485760      2621440
        1280         8192         122.111     20971520      5242880
        1280        16384         243.344     41943040     10485760
        1280        32768         485.830     83886080     20971520
        1408            1           0.754         2816          704
        1408            2           0.822         5632         1408
        1408            4           0.955        11264         2816
        1408            8           0.892        22528         5632
        1408           16           1.002        45056        11264
        1408           32           1.235        90112        22528
        1408           64           1.919       180224        45056
        1408          128           2.794       360448        90112
        1408          256           4.817       720896       180224
        1408          512           9.073      1441792       360448
        1408         1024          17.232      2883584       720896
        1408         2048          33.885      5767168      1441792
        1408         4096          66.792     11534336      2883584
        1408         8192         132.801     23068672      5767168
        1408        16384         264.714     46137344     11534336
        1408        32768         528.548     92274688     23068672
        1536            1           0.762         3072          768
        1536            2           0.788         6144         1536
        1536            4           0.891        12288         3072
        1536            8           0.881        24576         6144
        1536           16           0.988        49152        12288
        1536           32           1.282        98304        24576
        1536           64           1.835       196608        49152
        1536          128           2.976       393216        98304
        1536          256           5.201       786432       196608
        1536          512           9.663      1572864       393216
        1536         1024          18.712      3145728       786432
        1536         2048          36.517      6291456      1572864
        1536         4096          72.138     12582912      3145728
        1536         8192         143.451     25165824      6291456
        1536        16384         286.142     50331648     12582912
        1536        32768         571.380    100663296     25165824
        1664            1           0.758         3328          832
        1664            2           0.774         6656         1664
        1664            4           0.814        13312         3328
        1664            8           0.889        26624         6656
        1664           16           1.131        53248        13312
        1664           32           1.309       106496        26624
        1664           64           1.911       212992        53248
        1664          128           3.088       425984       106496
        1664          256           5.674       851968       212992
        1664          512          10.467      1703936       425984
        1664         1024          19.997      3407872       851968
        1664         2048          39.246      6815744      1703936
        1664         4096          77.515     13631488      3407872
        1664         8192         154.182     27262976      6815744
        1664        16384         310.197     54525952     13631488
        1664        32768         614.194    109051904     27262976
        1792            1           0.768         3584          896
        1792            2           0.796         7168         1792
        1792            4           0.830        14336         3584
        1792            8           0.891        28672         7168
        1792           16           1.018        57344        14336
        1792           32           1.365       114688        28672
        1792           64           2.020       229376        57344
        1792          128           3.285       458752       114688
        1792          256           5.824       917504       229376
        1792          512          11.080      1835008       458752
        1792         1024          21.315      3670016       917504
        1792         2048          41.863      7340032      1835008
        1792         4096          82.878     14680064      3670016
        1792         8192         164.847     29360128      7340032
        1792        16384         328.918     58720256     14680064
        1792        32768         656.926    117440512     29360128
        1920            1           0.763         3840          960
        1920            2           0.794         7680         1920
        1920            4           0.824        15360         3840
        1920            8           0.884        30720         7680
        1920           16           1.035        61440        15360
        1920           32           1.363       122880        30720
        1920           64           2.061       245760        61440
        1920          128           3.461       491520       122880
        1920          256           6.186       983040       245760
        1920          512          11.649      1966080       491520
        1920         1024          22.649      3932160       983040
        1920         2048          44.497      7864320      1966080
        1920         4096          88.169     15728640      3932160
        1920         8192         175.569     31457280      7864320
        1920        16384         350.267     62914560     15728640
        2112            1           0.772         4224         1056
        2112            2           0.797         8448         2112
        2112            4           0.858        16896         4224
        2112            8           0.937        33792         8448
        2112           16           1.114        67584        16896
        2112           32           1.501       135168        33792
        2112           64           2.253       270336        67584
        2112          128           3.791       540672       135168
        2112          256           6.885      1081344       270336
        2112          512          13.099      2162688       540672
        2112         1024          25.335      4325376      1081344
        2112         2048          49.815      8650752      2162688
        2112         4096          98.842     17301504      4325376
        2112         8192         196.955     34603008      8650752
        2112        16384         392.705     69206016     17301504
        2304            1           0.768         4608         1152
        2304            2           0.858         9216         2304
        2304            4           0.865        18432         4608
        2304            8           0.952        36864         9216
        2304           16           1.083        73728        18432
        2304           32           1.487       147456        36864
        2304           64           2.410       294912        73728
        2304          128           3.966       589824       147456
        2304          256           7.187      1179648       294912
        2304          512          13.656      2359296       589824
        2304         1024          26.778      4718592      1179648
        2304         2048          52.612      9437184      2359296
        2304         4096         104.232     18874368      4718592
        2304         8192         225.477     37748736      9437184
        2304        16384         414.496     75497472     18874368
        2496            1           0.785         4992         1248
        2496            2           0.794         9984         2496
        2496            4           0.880        19968         4992
        2496            8           0.955        39936         9984
        2496           16           1.156        79872        19968
        2496           32           1.643       159744        39936
        2496           64           2.550       319488        79872
        2496          128           4.287       638976       159744
        2496          256           7.808      1277952       319488
        2496          512          14.986      2555904       638976
        2496         1024          29.360      5111808      1277952
        2496         2048          58.043     10223616      2555904
        2496         4096         115.019     20447232      5111808
        2496         8192         229.301     40894464     10223616
        2496        16384         457.832     81788928     20447232
        2688            1           0.775         5376         1344
        2688            2           0.832        10752         2688
        2688            4           0.857        21504         5376
        2688            8           0.975        43008        10752
        2688           16           1.183        86016        21504
        2688           32           1.652       172032        43008
        2688           64           2.541       344064        86016
        2688          128           4.450       688128       172032
        2688          256           8.201      1376256       344064
        2688          512          15.789      2752512       688128
        2688         1024          30.735      5505024      1376256
        2688         2048          60.531     11010048      2752512
        2688         4096         120.295     22020096      5505024
        2688         8192         239.691     44040192     11010048
        2688        16384         478.725     88080384     22020096
        2944            1           0.773         5888         1472
        2944            2           0.838        11776         2944
        2944            4           0.877        23552         5888
        2944            8           0.977        47104        11776
        2944           16           1.194        94208        23552
        2944           32           1.710       188416        47104
        2944           64           2.758       376832        94208
        2944          128           4.779       753664       188416
        2944          256           9.041      1507328       376832
        2944          512          17.185      3014656       753664
        2944         1024          33.316      6029312      1507328
        2944         2048          65.862     12058624      3014656
        2944         4096         130.991     24117248      6029312
        2944         8192         261.124     48234496     12058624
        2944        16384         521.625     96468992     24117248
        3200            1           0.801         6400         1600
        3200            2           0.888        12800         3200
        3200            4           0.882        25600         6400
        3200            8           0.974        51200        12800
        3200           16           1.203       102400        25600
        3200           32           1.817       204800        51200
        3200           64           3.000       409600       102400
        3200          128           5.167       819200       204800
        3200          256           9.570      1638400       409600
        3200          512          18.556      3276800       819200
        3200         1024          36.064      6553600      1638400
        3200         2048          71.209     13107200      3276800
        3200         4096         141.768     26214400      6553600
        3200         8192         286.017     52428800     13107200
        3200        16384         564.301    104857600     26214400
        3520            1           0.809         7040         1760
        3520            2           0.843        14080         3520
        3520            4           1.044        28160         7040
        3520            8           1.009        56320        14080
        3520           16           1.397       112640        28160
        3520           32           2.108       225280        56320
        3520           64           3.184       450560       112640
        3520          128           5.633       901120       225280
        3520          256          10.537      1802240       450560
        3520          512          20.475      3604480       901120
        3520         1024          40.090      7208960      1802240
        3520         2048          79.289     14417920      3604480
        3520         4096         157.886     28835840      7208960
        3520         8192         315.025     57671680     14417920
        3520        16384         629.225    115343360     28835840
        3840            1           0.766         7680         1920
        3840            2           0.850        15360         3840
        3840            4           0.932        30720         7680
        3840            8           1.051        61440        15360
        3840           16           1.383       122880        30720
        3840           32           2.025       245760        61440
        3840           64           3.257       491520       122880
        3840          128           5.882       983040       245760
        3840          256          11.206      1966080       491520
        3840          512          21.679      3932160       983040
        3840         1024          42.763      7864320      1966080
        3840         2048          84.619     15728640      3932160
        3840         4096         168.318     31457280      7864320
        3840         8192         335.927     62914560     15728640
        4224            1           0.769         8448         2112
        4224            2           0.823        16896         4224
        4224            4           0.941        33792         8448
        4224            8           1.151        67584        16896
        4224           16           1.563       135168        33792
        4224           32           2.308       270336        67584
        4224           64           4.002       540672       135168
        4224          128           7.291      1081344       270336
        4224          256          13.866      2162688       540672
        4224          512          27.088      4325376      1081344
        4224         1024          53.385      8650752      2162688
        4224         2048         105.988     17301504      4325376
        4224         4096         211.181     34603008      8650752
        4224         8192         421.557     69206016     17301504
        4608            1           0.796         9216         2304
        4608            2           0.870        18432         4608
        4608            4           0.938        36864         9216
        4608            8           1.082        73728        18432
        4608           16           1.448       147456        36864
        4608           32           2.429       294912        73728
        4608           64           3.877       589824       147456
        4608          128           6.864      1179648       294912
        4608          256          13.236      2359296       589824
        4608          512          25.799      4718592      1179648
        4608         1024          50.619      9437184      2359296
        4608         2048         100.635     18874368      4718592
        4608         4096         200.440     37748736      9437184
        4608         8192         450.042     75497472     18874368
        5056            1           0.801        10112         2528
        5056            2           0.857        20224         5056
        5056            4           0.987        40448        10112
        5056            8           1.201        80896        20224
        5056           16           1.674       161792        40448
        5056           32           2.455       323584        80896
        5056           64           4.196       647168       161792
        5056          128           7.472      1294336       323584
        5056          256          15.010      2588672       647168
        5056          512          30.230      5177344      1294336
        5056         1024          60.573     10354688      2588672
        5056         2048         121.149     20709376      5177344
        5056         4096         242.523     41418752     10354688
        5056         8192         484.946     82837504     20709376
        5504            1           0.799        11008         2752
        5504            2           0.866        22016         5504
        5504            4           0.979        44032        11008
        5504            8           1.202        88064        22016
        5504           16           1.677       176128        44032
        5504           32           2.676       352256        88064
        5504           64           4.759       704512       176128
        5504          128           8.828      1409024       352256
        5504          256          16.823      2818048       704512
        5504          512          33.154      5636096      1409024
        5504         1024          64.751     11272192      2818048
        5504         2048         129.242     22544384      5636096
        5504         4096         258.928     45088768     11272192
        5504         8192         517.236     90177536     22544384
        6016            1           0.800        12032         3008
        6016            2           0.850        24064         6016
        6016            4           0.977        48128        12032
        6016            8           1.245        96256        24064
        6016           16           1.819       192512        48128
        6016           32           2.849       385024        96256
        6016           64           5.030       770048       192512
        6016          128           8.719      1540096       385024
        6016          256          18.113      3080192       770048
        6016          512          35.564      6160384      1540096
        6016         1024          70.376     12320768      3080192
        6016         2048         139.868     24641536      6160384
        6016         4096         278.943     49283072     12320768
        6016         8192         557.062     98566144     24641536
        6592            1           0.794        13184         3296
        6592            2           0.904        26368         6592
        6592            4           1.043        52736        13184
        6592            8           1.281       105472        26368
        6592           16           1.842       210944        52736
        6592           32           3.008       421888       105472
        6592           64           5.369       843776       210944
        6592          128          10.096      1687552       421888
        6592          256          19.528      3375104       843776
        6592          512          38.211      6750208      1687552
        6592         1024          75.709     13500416      3375104
        6592         2048         150.545     27000832      6750208
        6592         4096         305.063     54001664     13500416
        6592         8192         599.911    108003328     27000832
        7232            1           0.803        14464         3616
        7232            2           0.878        28928         7232
        7232            4           1.023        57856        14464
        7232            8           1.327       115712        28928
        7232           16           1.942       231424        57856
        7232           32           3.311       462848       115712
        7232           64           5.927       925696       231424
        7232          128          10.883      1851392       462848
        7232          256          20.958      3702784       925696
        7232          512          41.337      7405568      1851392
        7232         1024          81.911     14811136      3702784
        7232         2048         163.133     29622272      7405568
        7232         4096         325.350     59244544     14811136
        7232         8192         649.832    118489088     29622272
        7936            1           0.802        15872         3968
        7936            2           0.907        31744         7936
        7936            4           1.079        63488        15872
        7936            8           1.389       126976        31744
        7936           16           2.044       253952        63488
        7936           32           3.407       507904       126976
        7936           64           6.153      1015808       253952
        7936          128          11.609      2031616       507904
        7936          256          22.529      4063232      1015808
        7936          512          44.473      8126464      2031616
        7936         1024          88.180     16252928      4063232
        7936         2048         175.527     32505856      8126464
        7936         4096         350.243     65011712     16252928
        8704            1           0.815        17408         4352
        8704            2           0.895        34816         8704
        8704            4           1.077        69632        17408
        8704            8           1.437       139264        34816
        8704           16           2.147       278528        69632
        8704           32           3.635       557056       139264
        8704           64           6.603      1114112       278528
        8704          128          12.507      2228224       557056
        8704          256          24.317      4456448      1114112
        8704          512          48.078      8912896      2228224
        8704         1024          95.341     17825792      4456448
        8704         2048         189.835     35651584      8912896
        8704         4096         378.855     71303168     17825792
        9536            1           0.986        19072         4768
        9536            2           0.947        38144         9536
        9536            4           1.172        76288        19072
        9536            8           1.553       152576        38144
        9536           16           2.333       305152        76288
        9536           32           3.932       610304       152576
        9536           64           7.135      1220608       305152
        9536          128          13.578      2441216       610304
        9536          256          26.411      4882432      1220608
        9536          512          52.034      9764864      2441216
        9536         1024         103.384     19529728      4882432
        9536         2048         211.509     39059456      9764864
        9536         4096         410.910     78118912     19529728
       10432            1           0.841        20864         5216
       10432            2           0.927        41728        10432
       10432            4           1.152        83456        20864
       10432            8           1.558       166912        41728
       10432           16           2.397       333824        83456
       10432           32           4.120       667648       166912
       10432           64           7.646      1335296       333824
       10432          128          14.552      2670592       667648
       10432          256          28.394      5341184      1335296
       10432          512          56.108     10682368      2670592
       10432         1024         111.318     21364736      5341184
       10432         2048         221.908     42729472     10682368
       10432         4096         442.949     85458944     21364736
       11456            1           0.839        22912         5728
       11456            2           0.953        45824        11456
       11456            4           1.174        91648        22912
       11456            8           1.639       183296        45824
       11456           16           2.551       366592        91648
       11456           32           4.424       733184       183296
       11456           64           8.226      1466368       366592
       11456          128          15.721      2932736       733184
       11456          256          30.783      5865472      1466368
       11456          512          60.956     11730944      2932736
       11456         1024         121.114     23461888      5865472
       11456         2048         241.468     46923776     11730944
       11456         4096         482.223     93847552     23461888
       12544            1           0.872        25088         6272
       12544            2           0.994        50176        12544
       12544            4           1.259       100352        25088
       12544            8           1.742       200704        50176
       12544           16           2.758       401408       100352
       12544           32           4.794       802816       200704
       12544           64           8.855      1605632       401408
       12544          128          17.001      3211264       802816
       12544          256          33.266      6422528      1605632
       12544          512          65.921     12845056      3211264
       12544         1024         130.951     25690112      6422528
       12544         2048         261.101     51380224     12845056
       12544         4096         521.412    102760448     25690112
       13760            1           1.071        27520         6880
       13760            2           1.008        55040        13760
       13760            4           1.284       110080        27520
       13760            8           1.840       220160        55040
       13760           16           2.921       440320       110080
       13760           32           5.250       880640       220160
       13760           64           9.584      1761280       440320
       13760          128          18.454      3522560       880640
       13760          256          36.175      7045120      1761280
       13760          512          71.707     14090240      3522560
       13760         1024         142.534     28180480      7045120
       13760         2048         287.418     56360960     14090240
       13760         4096         567.812    112721920     28180480
       15104            1           0.899        30208         7552
       15104            2           1.040        60416        15104
       15104            4           1.321       120832        30208
       15104            8           1.904       241664        60416
       15104           16           3.068       483328       120832
       15104           32           5.484       966656       241664
       15104           64          10.309      1933312       483328
       15104          128          19.957      3866624       966656
       15104          256          39.287      7733248      1933312
       15104          512          77.717     15466496      3866624
       15104         1024         154.582     30932992      7733248
       15104         2048         308.353     61865984     15466496
       15104         4096         615.946    123731968     30932992
       16576            1           0.915        33152         8288
       16576            2           1.058        66304        16576
       16576            4           1.381       132608        33152
       16576            8           2.008       265216        66304
       16576           16           3.292       530432       132608
       16576           32           5.965      1060864       265216
       16576           64          11.241      2121728       530432
       16576          128          21.761      4243456      1060864
       16576          256          42.699      8486912      2121728
       16576          512          84.582     16973824      4243456
       16576         1024         168.377     33947648      8486912
       16576         2048         336.198     67895296     16973824
       18176            1           0.913        36352         9088
       18176            2           1.098        72704        18176
       18176            4           1.418       145408        36352
       18176            8           2.122       290816        72704
       18176           16           3.677       581632       145408
       18176           32           6.367      1163264       290816
       18176           64          12.112      2326528       581632
       18176          128          23.629      4653056      1163264
       18176          256          46.257      9306112      2326528
       18176          512          92.047     18612224      4653056
       18176         1024         183.145     37224448      9306112
       18176         2048         365.406     74448896     18612224
       19968            1           0.934        39936         9984
       19968            2           1.135        79872        19968
       19968            4           1.539       159744        39936
       19968            8           2.322       319488        79872
       19968           16           3.857       638976       159744
       19968           32           6.884      1277952       319488
       19968           64          13.160      2555904       638976
       19968          128          25.592      5111808      1277952
       19968          256          50.422     10223616      2555904
       19968          512         100.195     20447232      5111808
       19968         1024         199.757     40894464     10223616
       19968         2048         403.453     81788928     20447232
       21952            1           1.058        43904        10976
       21952            2           1.177        87808        21952
       21952            4           1.581       175616        43904
       21952            8           2.452       351232        87808
       21952           16           4.082       702464       175616
       21952           32           7.477      1404928       351232
       21952           64          14.296      2809856       702464
       21952          128          27.937      5619712      1404928
       21952          256          55.122     11239424      2809856
       21952          512         109.535     22478848      5619712
       21952         1024         218.388     44957696     11239424
       21952         2048         435.870     89915392     22478848
       24128            1           0.956        48256        12064
       24128            2           1.185        96512        24128
       24128            4           1.634       193024        48256
       24128            8           2.557       386048        96512
       24128           16           4.381       772096       193024
       24128           32           8.109      1544192       386048
       24128           64          15.598      3088384       772096
       24128          128          30.431      6176768      1544192
       24128          256          60.277     12353536      3088384
       24128          512         119.877     24707072      6176768
       24128         1024         238.858     49414144     12353536
       24128         2048         476.814     98828288     24707072
       26496            1           0.990        52992        13248
       26496            2           1.238       105984        26496
       26496            4           1.766       211968        52992
       26496            8           2.763       423936       105984
       26496           16           4.784       847872       211968
       26496           32           8.835      1695744       423936
       26496           64          16.959      3391488       847872
       26496          128          33.184      6782976      1695744
       26496          256          65.672     13565952      3391488
       26496          512         130.524     27131904      6782976
       26496         1024         260.257     54263808     13565952
       26496         2048         519.630    108527616     27131904
       29120            1           1.004        58240        14560
       29120            2           1.281       116480        29120
       29120            4           1.822       232960        58240
       29120            8           2.911       465920       116480
       29120           16           5.113       931840       232960
       29120           32           9.563      1863680       465920
       29120           64          18.564      3727360       931840
       29120          128          36.295      7454720      1863680
       29120          256          71.825     14909440      3727360
       29120          512         142.966     29818880      7454720
       29120         1024         285.218     59637760     14909440
       29120         2048         574.826    119275520     29818880
       32000            1           1.025        64000        16000
       32000            2           1.339       128000        32000
       32000            4           1.934       256000        64000
       32000            8           3.151       512000       128000
       32000           16           5.582      1024000       256000
       32000           32          10.425      2048000       512000
       32000           64          20.101      4096000      1024000
       32000          128          39.583      8192000      2048000
       32000          256          78.363     16384000      4096000
       32000          512         156.136     32768000      8192000
       32000         1024         311.527     65536000     16384000
       35200            1           1.226        70400        17600
       35200            2           1.398       140800        35200
       35200            4           2.070       281600        70400
       35200            8           3.394       563200       140800
       35200           16           6.054      1126400       281600
       35200           32          11.330      2252800       563200
       35200           64          22.016      4505600      1126400
       35200          128          43.327      9011200      2252800
       35200          256          85.940     18022400      4505600
       35200          512         171.076     36044800      9011200
       35200         1024         341.344     72089600     18022400
       38720            1           1.316        77440        19360
       38720            2           1.463       154880        38720
       38720            4           2.206       309760        77440
       38720            8           3.739       619520       154880
       38720           16           6.501      1239040       309760
       38720           32          12.378      2478080       619520
       38720           64          24.009      4956160      1239040
       38720          128          47.426      9912320      2478080
       38720          256          94.165     19824640      4956160
       38720          512         187.538     39649280      9912320
       38720         1024         374.338     79298560     19824640
       42560            1           1.154        85120        21280
       42560            2           1.626       170240        42560
       42560            4           2.441       340480        85120
       42560            8           3.888       680960       170240
       42560           16           7.068      1361920       340480
       42560           32          13.586      2723840       680960
       42560           64          26.291      5447680      1361920
       42560          128          51.833     10895360      2723840
       42560          256         102.982     21790720      5447680
       42560          512         205.362     43581440     10895360
       42560         1024         410.076     87162880     21790720
       46784            1           1.164        93568        23392
       46784            2           1.588       187136        46784
       46784            4           2.566       374272        93568
       46784            8           4.200       748544       187136
       46784           16           7.679      1497088       374272
       46784           32          14.686      2994176       748544
       46784           64          28.697      5988352      1497088
       46784          128          56.726     11976704      2994176
       46784          256         112.892     23953408      5988352
       46784          512         224.979     47906816     11976704
       46784         1024         454.185     95813632     23953408
       51456            1           1.210       102912        25728
       51456            2           1.689       205824        51456
       51456            4           2.662       411648       102912
       51456            8           4.557       823296       205824
       51456           16           8.400      1646592       411648
       51456           32          16.069      3293184       823296
       51456           64          31.382      6586368      1646592
       51456          128          62.098     13172736      3293184
       51456          256         123.591     26345472      6586368
       51456          512         246.582     52690944     13172736
       51456         1024         491.998    105381888     26345472
       56576            1           1.268       113152        28288
       56576            2           1.776       226304        56576
       56576            4           2.836       452608       113152
       56576            8           4.976       905216       226304
       56576           16           9.144      1810432       452608
       56576           32          17.707      3620864       905216
       56576           64          34.503      7241728      1810432
       56576          128          68.056     14483456      3620864
       56576          256         135.537     28966912      7241728
       56576          512         270.317     57933824     14483456
       56576         1024         539.734    115867648     28966912
       62208            1           1.304       124416        31104
       62208            2           1.863       248832        62208
       62208            4           3.026       497664       124416
       62208            8           5.322       995328       248832
       62208           16           9.904      1990656       497664
       62208           32          19.146      3981312       995328
       62208           64          37.624      7962624      1990656
       62208          128          74.569     15925248      3981312
       62208          256         148.566     31850496      7962624
       62208          512         296.369     63700992     15925248
       68416            1           1.514       136832        34208
       68416            2           2.013       273664        68416
       68416            4           3.276       547328       136832
       68416            8           5.817      1094656       273664
       68416           16          10.873      2189312       547328
       68416           32          21.027      4378624      1094656
       68416           64          41.290      8757248      2189312
       68416          128          81.816     17514496      4378624
       68416          256         163.097     35028992      8757248
       68416          512         325.384     70057984     17514496
       75200            1           1.641       150400        37600
       75200            2           2.108       300800        75200
       75200            4           3.500       601600       150400
       75200            8           6.260      1203200       300800
       75200           16          11.806      2406400       601600
       75200           32          22.929      4812800      1203200
       75200           64          45.208      9625600      2406400
       75200          128          89.771     19251200      4812800
       75200          256         181.569     38502400      9625600
       75200          512         356.984     77004800     19251200
       82688            1           1.539       165376        41344
       82688            2           2.243       330752        82688
       82688            4           3.760       661504       165376
       82688            8           6.805      1323008       330752
       82688           16          12.879      2646016       661504
       82688           32          25.103      5292032      1323008
       82688           64          49.583     10584064      2646016
       82688          128          98.390     21168128      5292032
       82688          256         196.047     42336256     10584064
       82688          512         391.596     84672512     21168128
       90944            1           1.490       181888        45472
       90944            2           2.398       363776        90944
       90944            4           4.076       727552       181888
       90944            8           7.436      1455104       363776
       90944           16          14.141      2910208       727552
       90944           32          27.502      5820416      1455104
       90944           64          54.400     11640832      2910208
       90944          128         108.009     23281664      5820416
       90944          256         215.303     46563328     11640832
       90944          512         430.020     93126656     23281664
      100032            1           1.464       200064        50016
      100032            2           2.587       400128       100032
      100032            4           4.572       800256       200064
      100032            8           8.120      1600512       400128
      100032           16          15.404      3201024       800256
      100032           32          30.127      6402048      1600512
      100032           64          59.705     12804096      3201024
      100032          128         118.510     25608192      6402048
      100032          256         236.489     51216384     12804096
      100032          512         472.208    102432768     25608192
      110016            1           2.562       220032        55008
      110016            2           2.739       440064       110016
      110016            4           4.757       880128       220032
      110016            8           8.784      1760256       440064
      110016           16          16.841      3520512       880128
      110016           32          33.025      7041024      1760256
      110016           64          65.547     14082048      3520512
      110016          128         130.113     28164096      7041024
      110016          256         259.545     56328192     14082048
      110016          512         524.026    112656384     28164096
      120960            1           1.948       241920        60480
      120960            2           2.961       483840       120960
      120960            4           5.174       967680       241920
      120960            8           9.621      1935360       483840
      120960           16          18.502      3870720       967680
      120960           32          36.209      7741440      1935360
      120960           64          71.724     15482880      3870720
      120960          128         142.795     30965760      7741440
      120960          256         284.847     61931520     15482880
      120960          512         569.115    123863040     30965760
      133056            1           2.360       266112        66528
      133056            2           3.178       532224       133056
      133056            4           5.675      1064448       266112
      133056            8          10.474      2128896       532224
      133056           16          20.204      4257792      1064448
      133056           32          39.726      8515584      2128896
      133056           64          78.954     17031168      4257792
      133056          128         156.870     34062336      8515584
      133056          256         313.040     68124672     17031168
      146304            1           2.575       292608        73152
      146304            2           3.414       585216       146304
      146304            4           6.085      1170432       292608
      146304            8          11.441      2340864       585216
      146304           16          22.164      4681728      1170432
      146304           32          43.567      9363456      2340864
      146304           64          86.450     18726912      4681728
      146304          128         172.256     37453824      9363456
      146304          256         343.710     74907648     18726912
      160896            1           2.012       321792        80448
      160896            2           3.678       643584       160896
      160896            4           6.616      1287168       321792
      160896            8          12.706      2574336       643584
      160896           16          24.254      5148672      1287168
      160896           32          47.811     10297344      2574336
      160896           64          94.913     20594688      5148672
      160896          128         189.155     41189376     10297344
      160896          256         377.725     82378752     20594688
      176960            1           2.997       353920        88480
      176960            2           3.992       707840       176960
      176960            4           7.273      1415680       353920
      176960            8          13.706      2831360       707840
      176960           16          26.598      5662720      1415680
      176960           32          52.491     11325440      2831360
      176960           64         104.375     22650880      5662720
      176960          128         207.875     45301760     11325440
      176960          256         419.150     90603520     22650880
      194624            1           2.563       389248        97312
      194624            2           4.528       778496       194624
      194624            4           7.875      1556992       389248
      194624            8          15.222      3113984       778496
      194624           16          29.199      6227968      1556992
      194624           32          57.668     12455936      3113984
      194624           64         114.680     24911872      6227968
      194624          128         228.445     49823744     12455936
      194624          256         456.139     99647488     24911872
      214080            1           3.476       428160       107040
      214080            2           4.804       856320       214080
      214080            4           8.655      1712640       428160
      214080            8          16.456      3425280       856320
      214080           16          32.064      6850560      1712640
      214080           32          63.409     13701120      3425280
      214080           64         126.156     27402240      6850560
      214080          128         251.016     54804480     13701120
      214080          256         501.429    109608960     27402240
      235456            1           3.531       470912       117728
      235456            2           5.244       941824       235456
      235456            4           9.481      1883648       470912
      235456            8          18.083      3767296       941824
      235456           16          35.226      7534592      1883648
      235456           32          69.666     15069184      3767296
      235456           64         138.349     30138368      7534592
      235456          128         275.869     60276736     15069184
      235456          256         551.029    120553472     30138368
      258944            1           3.401       517888       129472
      258944            2           5.746      1035776       258944
      258944            4          10.455      2071552       517888
      258944            8          19.867      4143104      1035776
      258944           16          38.743      8286208      2071552
      258944           32          76.518     16572416      4143104
      258944           64         152.082     33144832      8286208
      258944          128         303.233     66289664     16572416
      284800            1           3.828       569600       142400
      284800            2           6.489      1139200       284800
      284800            4          17.426      2278400       569600
      284800            8          23.389      4556800      1139200
      284800           16          45.663      9113600      2278400
      284800           32          90.915     18227200      4556800
      284800           64         181.981     36454400      9113600
      284800          128         364.147     72908800     18227200
      313280            1           5.002       626560       156640
      313280            2           7.170      1253120       313280
      313280            4          13.543      2506240       626560
      313280            8          25.889      5012480      1253120
      313280           16          51.642     10024960      2506240
      313280           32         102.810     20049920      5012480
      313280           64         205.332     40099840     10024960
      313280          128         411.052     80199680     20049920
      344576            1           4.793       689152       172288
      344576            2           7.832      1378304       344576
      344576            4          14.854      2756608       689152
      344576            8          28.793      5513216      1378304
      344576           16          57.016     11026432      2756608
      344576           32         112.694     22052864      5513216
      344576           64         225.808     44105728     11026432
      344576          128         451.863     88211456     22052864
      379008            1           5.814       758016       189504
      379008            2           8.517      1516032       379008
      379008            4          16.309      3032064       758016
      379008            8          31.614      6064128      1516032
      379008           16          62.726     12128256      3032064
      379008           32         124.577     24256512      6064128
      379008           64         248.335     48513024     12128256
      379008          128         496.999     97026048     24256512
      416896            1           6.572       833792       208448
      416896            2           9.278      1667584       416896
      416896            4          17.829      3335168       833792
      416896            8          34.841      6670336      1667584
      416896           16          68.874     13340672      3335168
      416896           32         136.587     26681344      6670336
      416896           64         276.347     53362688     13340672
      416896          128         545.124    106725376     26681344
      458560            1           7.113       917120       229280
      458560            2          10.119      1834240       458560
      458560            4          19.441      3668480       917120
      458560            8          38.104      7336960      1834240
      458560           16          75.669     14673920      3668480
      458560           32         150.620     29347840      7336960
      458560           64         299.767     58695680     14673920
      458560          128         599.356    117391360     29347840
      504384            1           7.935      1008768       252192
      504384            2          11.147      2017536       504384
      504384            4          21.359      4035072      1008768
      504384            8          42.026      8070144      2017536
      504384           16          82.868     16140288      4035072
      504384           32         164.720     32280576      8070144
      504384           64         329.749     64561152     16140288
      554816            1           8.564      1109632       277408
      554816            2          12.229      2219264       554816
      554816            4          23.441      4438528      1109632
      554816            8          45.971      8877056      2219264
      554816           16          91.218     17754112      4438528
      554816           32         181.456     35508224      8877056
      554816           64         362.685     71016448     17754112
      610240            1           9.693      1220480       305120
      610240            2          13.371      2440960       610240
      610240            4          25.657      4881920      1220480
      610240            8          50.600      9763840      2440960
      610240           16          99.774     19527680      4881920
      610240           32         199.426     39055360      9763840
      610240           64         402.214     78110720     19527680
      671232            1          10.375      1342464       335616
      671232            2          14.457      2684928       671232
      671232            4          28.132      5369856      1342464
      671232            8          55.446     10739712      2684928
      671232           16         110.392     21479424      5369856
      671232           32         219.329     42958848     10739712
      671232           64         438.562     85917696     21479424
      738304            1          11.376      1476608       369152
      738304            2          16.000      2953216       738304
      738304            4          30.906      5906432      1476608
      738304            8          61.003     11812864      2953216
      738304           16         121.116     23625728      5906432
      738304           32         241.192     47251456     11812864
      738304           64         482.508     94502912     23625728
      812096            1          12.935      1624192       406048
      812096            2          17.335      3248384       812096
      812096            4          33.911      6496768      1624192
      812096            8          67.018     12993536      3248384
      812096           16         133.229     25987072      6496768
      812096           32         266.962     51974144     12993536
      812096           64         532.225    103948288     25987072
      893248            1          14.399      1786496       446624
      893248            2          19.025      3572992       893248
      893248            4          37.286      7145984      1786496
      893248            8          73.764     14291968      3572992
      893248           16         147.005     28583936      7145984
      893248           32         292.877     57167872     14291968
      893248           64         587.737    114335744     28583936
      982528            1          15.929      1965056       491264
      982528            2          20.823      3930112       982528
      982528            4          40.849      7860224      1965056
      982528            8          80.865     15720448      3930112
      982528           16         160.911     31440896      7860224
      982528           32         320.554     62881792     15720448
     1080768            1          18.488      2161536       540384
     1080768            2          22.832      4323072      1080768
     1080768            4          44.818      8646144      2161536
     1080768            8          88.821     17292288      4323072
     1080768           16         176.801     34584576      8646144
     1080768           32         352.447     69169152     17292288
     1188800            1          19.644      2377600       594400
     1188800            2          25.069      4755200      1188800
     1188800            4          49.238      9510400      2377600
     1188800            8          97.608     19020800      4755200
     1188800           16         194.421     38041600      9510400
     1188800           32         388.261     76083200     19020800
     1307648            1          21.173      2615296       653824
     1307648            2          27.479      5230592      1307648
     1307648            4          54.104     10461184      2615296
     1307648            8         107.206     20922368      5230592
     1307648           16         214.846     41844736     10461184
     1307648           32         429.394     83689472     20922368
     1438400            1          22.788      2876800       719200
     1438400            2          30.354      5753600      1438400
     1438400            4          59.871     11507200      2876800
     1438400            8         119.703     23014400      5753600
     1438400           16         238.846     46028800     11507200
     1438400           32         480.516     92057600     23014400
     1582208            1          25.029      3164416       791104
     1582208            2          33.697      6328832      1582208
     1582208            4          65.619     12657664      3164416
     1582208            8         131.788     25315328      6328832
     1582208           16         263.318     50630656     12657664
     1582208           32         527.069    101261312     25315328
     1740416            1          27.705      3480832       870208
     1740416            2          36.395      6961664      1740416
     1740416            4          73.146     13923328      3480832
     1740416            8         146.350     27846656      6961664
     1740416           16         292.412     55693312     13923328
     1740416           32         585.142    111386624     27846656
     1914432            1          29.904      3828864       957216
     1914432            2          41.405      7657728      1914432
     1914432            4          81.299     15315456      3828864
     1914432            8         162.667     30630912      7657728
     1914432           16         325.387     61261824     15315456
     1914432           32         650.721    122523648     30630912
     2105856            1          35.051      4211712      1052928
     2105856            2          46.240      8423424      2105856
     2105856            4          90.422     16846848      4211712
     2105856            8         186.394     33693696      8423424
     2105856           16         361.744     67387392     16846848
     2316416            1          38.145      4632832      1158208
     2316416            2          51.665      9265664      2316416
     2316416            4         101.117     18531328      4632832
     2316416            8         200.631     37062656      9265664
     2316416           16         401.418     74125312     18531328
     2548032            1          41.844      5096064      1274016
     2548032            2          57.181     10192128      2548032
     2548032            4         112.705     20384256      5096064
     2548032            8         224.069     40768512     10192128
     2548032           16         447.553     81537024     20384256
     2802816            1          45.972      5605632      1401408
     2802816            2          63.757     11211264      2802816
     2802816            4         125.336     22422528      5605632
     2802816            8         251.291     44845056     11211264
     2802816           16         502.196     89690112     22422528
     3083072            1          50.929      6166144      1541536
     3083072            2          69.988     12332288      3083072
     3083072            4         139.359     24664576      6166144
     3083072            8         276.445     49329152     12332288
     3083072           16         558.337     98658304     24664576
     3391360            1          56.731      6782720      1695680
     3391360            2          77.768     13565440      3391360
     3391360            4         153.355     27130880      6782720
     3391360            8         304.391     54261760     13565440
     3391360           16         608.916    108523520     27130880
     3730496            1          63.373      7460992      1865248
     3730496            2          85.701     14921984      3730496
     3730496            4         169.312     29843968      7460992
     3730496            8         336.627     59687936     14921984
     3730496           16         670.574    119375872     29843968
     4103488            1          68.972      8206976      2051744
     4103488            2          94.142     16413952      4103488
     4103488            4         186.064     32827904      8206976
     4103488            8         370.025     65655808     16413952
     4513792            1          75.745      9027584      2256896
     4513792            2         103.254     18055168      4513792
     4513792            4         204.587     36110336      9027584
     4513792            8         412.535     72220672     18055168
     4965120            1          83.601      9930240      2482560
     4965120            2         113.437     19860480      4965120
     4965120            4         224.737     39720960      9930240
     4965120            8         447.427     79441920     19860480
     5461632            1          91.586     10923264      2730816
     5461632            2         124.500     21846528      5461632
     5461632            4         246.899     43693056     10923264
     5461632            8         491.557     87386112     21846528
     6007744            1         101.190     12015488      3003872
     6007744            2         136.724     24030976      6007744
     6007744            4         271.470     48061952     12015488
     6007744            8         540.792     96123904     24030976
     6608512            1         110.670     13217024      3304256
     6608512            2         149.673     26434048      6608512
     6608512            4         298.209     52868096     13217024
     6608512            8         599.899    105736192     26434048
     7269312            1         122.549     14538624      3634656
     7269312            2         165.003     29077248      7269312
     7269312            4         327.823     58154496     14538624
     7269312            8         653.746    116308992     29077248
     7996224            1         133.552     15992448      3998112
     7996224            2         181.096     31984896      7996224
     7996224            4         360.498     63969792     15992448
     8795840            1         146.466     17591680      4397920
     8795840            2         199.390     35183360      8795840
     8795840            4         396.311     70366720     17591680
     9675392            1         162.115     19350784      4837696
     9675392            2         218.321     38701568      9675392
     9675392            4         435.987     77403136     19350784
    10642880            1         184.849     21285760      5321440
    10642880            2         240.623     42571520     10642880
    10642880            4         479.252     85143040     21285760
    11707136            1         197.298     23414272      5853568
    11707136            2         264.661     46828544     11707136
    11707136            4         526.951     93657088     23414272
    12877824            1         216.621     25755648      6438912
    12877824            2         290.258     51511296     12877824
    12877824            4         579.217    103022592     25755648
    14165568            1         238.233     28331136      7082784
    14165568            2         321.146     56662272     14165568
    14165568            4         646.232    113324544     28331136
    15582080            1         264.433     31164160      7791040
    15582080            2         359.770     62328320     15582080
    15582080            4         717.281    124656640     31164160
    17140288            1         292.370     34280576      8570144
    17140288            2         423.455     68561152     17140288
    18854272            1         335.582     37708544      9427136
    18854272            2         568.884     75417088     18854272
    20739648            1         423.427     41479296     10369824
    20739648            2         969.173     82958592     20739648
    22813568            1         634.036     45627136     11406784
    22813568            2        1605.317     91254272     22813568
    25094912            1         993.862     50189824     12547456
    25094912            2        2568.634    100379648     25094912
    27604352            1        1466.170     55208704     13802176
    27604352            2        3491.658    110417408     27604352
    30364736            1        1960.712     60729472     15182368
    30364736            2        4326.806    121458944     30364736
    33401152            1        2370.462     66802304     16700576
    36741248            1        2777.020     73482496     18370624
    40415360            1        3146.405     80830720     20207680
    44456896            1        3498.674     88913792     22228448
    48902528            1        3867.918     97805056     24451264
    53792768            1        4255.117    107585536     26896384
    59172032            1        4697.321    118344064     29586016

META_DATA
MPI_PROCS      1
OPENMP_THREADS 8
FLOPS          4
ERT_VERSION  1.0.0
TIMESTAMP_DATA  1594852874.21
HOSTNAME  ('apollo-PowerEdge-R430', [], ['127.0.1.1'])
UNAME  ('Linux', 'apollo-PowerEdge-R430', '4.19.129-0419129-generic', '#202006220433 SMP Mon Jun 22 09:12:54 UTC 2020', 'x86_64', 'x86_64')
CONFIG  {'ERT_WORKING_SET_MIN': ['1'], 'ERT_CFLAGS': ['-O3'], 'ERT_CC': ['gcc'], 'ERT_MPI_CFLAGS': [], 'ERT_MPI_LDFLAGS': [], 'ERT_MEMORY_MAX': ['62497788'], 'ERT_PROCS_THREADS': ['8'], 'ERT_LDFLAGS': [], 'ERT_LDLIBS': [], 'ERT_SPEC_GBYTES_DRAM': ['1.0'], 'ERT_RUN': ['export', 'KMP_AFFINITY=scatter;', 'export', 'OMP_NUM_THREADS=ERT_OPENMP_THREADS;', 'ERT_CODE'], 'ERT_FLOPS': ['1,2,4,8,16'], 'ERT_OPENMP_CFLAGS': ['-fopenmp'], 'ERT_SPEC_GFLOPS': ['1.0'], 'ERT_MPI': ['False'], 'ERT_TRIALS_MIN': ['1'], 'ERT_DRIVER': ['driver1'], 'ERT_RESULTS': ['Results.x86'], 'ERT_OPENMP': ['True'], 'ERT_MPI_PROCS': ['1'], 'ERT_KERNEL': ['kernel1'], 'ERT_OPENMP_THREADS': ['1-32'], 'ERT_LD': ['gcc'], 'ERT_NUM_EXPERIMENTS': ['6'], 'ERT_OPENMP_LDFLAGS': ['-fopenmp'], 'ERT_ALIGN': ['32'], 'ERT_GNUPLOT': ['gnuplot']}
