64 524288 2067.559 2250.31 3947.734 16.999337848 29.8220529616 32.4580164339 1.0624586155 1.8638783101 2.02862602712
128 262144 1027.668 1125.529 1128.306 59.4775388946 59.6242868909 65.3020858877 3.71734618091 3.72651793068 4.08138036798
192 262144 1027.689 1124.519 1132.6 88.8780646301 89.5167587208 97.9511272379 5.55487903938 5.59479742005 6.12194545237
256 131072 514.25 514.307 566.404 118.482327102 130.484057188 130.498520175 7.40514544389 8.15525357423 8.15615751094
320 131072 513.383 514.4 563.374 148.899452229 163.075583204 163.39863221 9.30621576431 10.1922239502 10.2124145131
384 131072 513.44 514.296 573.465 175.535204415 195.730272061 196.056590838 10.970950276 12.2331420038 12.2535369274
448 131072 571.334 571.379 582.063 201.765980658 205.538726485 205.554915338 12.6103737912 12.8461704053 12.8471822087
512 65536 286.095 286.17 291.146 230.499007371 234.506985358 234.568461525 14.4061879607 14.6566865849 14.6605288453
576 65536 314.685 314.696 314.742 239.870980041 239.906042657 239.914428714 14.9919362525 14.9941276661 14.9946517947
640 65536 400.224 400.234 400.358 209.527672733 209.592588336 209.597825218 13.0954795458 13.099536771 13.0998640761
704 65536 457.325 457.445 463.661 199.013261844 201.717557302 201.770487072 12.4383288653 12.6073473314 12.610655442
768 65536 457.269 457.315 473.916 212.407464614 220.118071789 220.140215059 13.2754665384 13.7573794868 13.7587634412
832 65536 514.342 514.373 514.473 211.968177144 212.009386185 212.022164241 13.2480110715 13.2505866365 13.2513852651
896 65536 514.351 514.362 514.407 228.302709722 228.322683246 228.327566195 14.2689193576 14.2701677029 14.2704728872
960 32768 286.146 286.16 291.312 215.96968199 219.857981549 219.868738336 13.4981051244 13.7411238468 13.741796146
1024 32768 286.111 286.128 301.053 222.913785945 234.541408041 234.555343905 13.9321116215 14.6588380026 14.6597089941
1088 32768 314.646 314.779 314.798 226.504514006 226.518185775 226.61393439 14.1565321254 14.1573866109 14.1633708994
1152 32768 314.633 314.66 329.186 229.345938163 239.933490116 239.954079833 14.3341211352 14.9958431323 14.9971299895
1216 32768 343.148 343.176 343.184 232.212970302 232.21838357 232.237331997 14.5133106439 14.5136489731 14.5148332498
1280 32768 343.156 343.186 343.211 244.415476194 244.433281078 244.454650363 15.2759672621 15.2770800674 15.2784156477
1408 32768 371.675 371.867 376.326 245.198811669 248.138952905 248.267136611 15.3249257293 15.5086845566 15.5166960382
1536 32768 400.223 400.354 413.096 243.680151829 251.435719388 251.518018705 15.2300094893 15.7147324618 15.719876169
1664 32768 428.732 428.772 440.344 247.651617826 254.335413693 254.359142775 15.4782261141 15.8959633558 15.8974464234
1792 32768 457.257 457.277 465.068 252.52331272 256.825757692 256.836991014 15.782707045 16.0516098557 16.0523119384
1920 16384 243.316 243.325 243.373 258.510845492 258.561841159 258.571405086 16.1569278433 16.1601150724 16.1607128179
2112 16384 271.829 271.955 276.161 250.600251303 254.475983159 254.593939572 15.6625157064 15.9047489474 15.9121212233
2304 16384 286.075 286.1 286.112 263.873839615 263.884907375 263.90796819 16.492114976 16.4928067109 16.4942480119
2496 16384 314.622 419.238 419.385 195.021109482 195.089490934 259.959341686 12.1888193426 12.1930931833 16.2474588554
2688 16384 328.873 328.915 335.293 262.696757761 267.790717967 267.824917217 16.4185473601 16.7369198729 16.7390573261
2944 16384 357.417 357.423 357.644 269.734685889 269.901466889 269.905997756 16.858417868 16.8688416806 16.8691248598
3200 16384 385.931 385.946 397.594 263.730337983 271.689821892 271.700381674 16.4831461239 16.9806138683 16.9812738547
3520 16384 428.722 428.756 436.527 264.229612372 269.018649302 269.039983952 16.5143507733 16.8136655814 16.814998997
3840 8192 229.06 229.113 237.673 264.71058976 274.600568279 274.664105475 16.54441186 17.1625355174 17.1665065922
4224 8192 310.184 310.196 310.299 223.030096778 223.104153503 223.11278467 13.9393810486 13.9440095939 13.9445490419
4608 8192 271.83 271.853 271.974 277.590769706 277.71432355 277.737821433 17.3494231066 17.3571452219 17.3586138395
5056 8192 300.351 353.607 356.307 232.489128757 234.26432169 275.802324614 14.5305705473 14.6415201057 17.2376452883
5504 8192 378.268 378.284 378.3 238.375722971 238.385805374 238.395888629 14.8984826857 14.8991128359 14.8997430393
6016 8192 398.845 399.693 399.707 246.595991564 246.604629053 247.128944828 15.4122494727 15.4127893158 15.4455590518
6592 8192 418.716 418.729 418.871 257.843889885 257.931330288 257.939338358 16.1152431178 16.120708143 16.1212086474
7232 8192 447.239 447.268 447.371 264.856434592 264.917427583 264.934605435 16.553527162 16.5573392239 16.5584128397
7936 4096 239.739 239.758 244.263 266.15456291 271.155548511 271.177038363 16.6346601819 16.947221782 16.9485648977
8704 4096 256.415 256.426 256.567 277.912467309 278.065281992 278.077210772 17.3695292068 17.3790801245 17.3798256732
9536 4096 272.172 272.249 277.021 281.996354067 286.939206388 287.020384169 17.6247721292 17.9337003993 17.9387740106
10432 4096 290.243 290.428 290.655 294.021929779 294.251738813 294.439293971 18.3763706112 18.3907336758 18.4024558732
11456 4096 313.161 313.177 313.283 299.561584893 299.662976528 299.678286888 18.7225990558 18.728936033 18.7298929305
12544 4096 336.022 336.16 340.951 301.393596147 305.689100428 305.814643089 18.8370997592 19.1055687768 19.1134151931
13760 4096 359.391 359.815 360.014 313.104268167 313.277434237 313.647030671 19.5690167605 19.5798396398 19.602939417
15104 4096 389.509 389.579 389.627 317.565179005 317.604306187 317.661383947 19.8478236878 19.8502691367 19.8538364967
16576 2048 210.486 210.501 216.455 313.669335428 322.541441608 322.564427088 19.6043334642 20.1588401005 20.160276693
18176 2048 227.264 227.27 227.412 327.37452729 327.579073349 327.587721769 20.4609079556 20.4736920843 20.4742326105
19968 2048 245.98 246.009 250.26 326.815823544 332.463153787 332.502349785 20.4259889715 20.7789471117 20.7813968615
21952 2048 266.39 266.431 266.661 337.189885285 337.480968806 337.532910395 21.0743678303 21.0925605504 21.0958068997
24128 2048 288.939 288.961 289.041 341.917887082 342.012548406 342.03858946 21.3698679426 21.3757842754 21.3774118413
26496 2048 314.119 314.156 314.241 345.364277736 345.457721641 345.498413022 21.5852673585 21.5911076026 21.5936508139
29120 2048 340.765 340.891 340.915 349.868794274 349.893426344 350.022801637 21.8667996421 21.8683391465 21.8764251023
32000 1024 186.261 186.29 189.424 345.975166822 351.795587525 351.850360516 21.6234479263 21.9872242203 21.9906475322
35200 1024 202.811 202.835 202.868 355.352248753 355.410062366 355.452120447 22.2095155471 22.2131288979 22.2157575279
38720 1024 221.093 221.124 227.769 348.153436157 358.61579928 358.666081694 21.7595897598 22.413487455 22.4166301059
42560 1024 241.364 241.412 241.438 361.01558164 361.05446291 361.126265723 22.5634738525 22.5659039319 22.5703916077
46784 1024 262.996 263.032 269.558 355.447183908 364.266066486 364.315928759 22.2154489943 22.7666291554 22.7697455475
51456 1024 287.892 287.909 288.045 365.852168932 366.024987062 366.046600809 22.8657605582 22.8765616914 22.8779125505
56576 1024 314.638 314.709 317.332 365.13067702 368.173925754 368.257006465 22.8206673137 23.0108703596 23.016062904
62208 512 172.523 172.562 172.682 368.891905352 369.148433606 369.231882126 23.0557440845 23.0717771004 23.0769926329
68416 512 188.527 188.57 193.023 362.951482466 371.522426685 371.607165021 22.6844676541 23.2201516678 23.2254478138
75200 512 206.137 206.251 206.424 373.041894353 373.354795856 373.561272358 23.3151183971 23.334674741 23.3475795224
82688 512 226.027 226.089 240.591 351.935492184 374.509648855 374.612378167 21.9959682615 23.4068530534 23.4132736355
90944 512 247.395 247.416 264.056 352.677674433 376.397064054 376.429014329 22.042354652 23.5248165034 23.5268133956
100032 512 270.979 271.008 274.066 373.752191078 377.969535955 378.009986014 23.3595119424 23.6230959972 23.6256241259
110016 512 297.147 297.157 297.269 378.971180984 379.114017169 379.126775636 23.6856988115 23.6946260731 23.6954234773
120960 512 325.865 325.879 327.04 378.739726027 380.089051458 380.105381063 23.6712328767 23.7555657161 23.7565863164
133056 256 179.013 179.114 179.138 380.291574094 380.342530455 380.55712155 23.7682233809 23.7714081535 23.7848200969
146304 256 196.421 196.483 209.437 357.661960399 381.242387382 381.362725981 22.3538725249 23.8276492114 23.8351703738
160896 256 215.517 215.544 215.633 382.032212138 382.189956575 382.237837386 23.8770132586 23.8868722859 23.8898648366
176960 256 236.401 236.508 247.524 366.03933356 383.088605882 383.261999738 22.8774583475 23.9430378676 23.9538749836
194624 256 259.456 259.59 259.636 383.79688487 383.864894642 384.063147509 23.9873053043 23.9915559151 24.0039467193
214080 256 284.902 285.013 285.093 384.467384327 384.575300074 384.725133555 24.0292115205 24.0359562546 24.0453208472
235456 256 312.834 312.867 312.951 385.21516787 385.318592245 385.359238446 24.0759479919 24.0824120153 24.0849524029
258944 128 172.29 172.301 172.328 384.67146372 384.731742706 384.756306228 24.0419664825 24.0457339191 24.0472691392
284800 128 207.592 208.49 208.562 349.578542592 349.699266152 351.211992755 21.848658912 21.8562041345 21.9507495472
313280 128 232.435 232.643 237.682 337.424289597 344.73283099 345.041323381 21.0890180998 21.5458019369 21.5650827113
344576 128 255.543 255.692 256.097 344.445487452 344.991067378 345.192222053 21.5278429658 21.5619417111 21.5745138783
379008 128 280.371 280.579 284.692 340.810588285 345.806521514 346.063066437 21.3006617678 21.6129075947 21.6289416523
416896 128 308.339 308.41 308.598 345.839493451 346.050309653 346.129993287 21.6149683407 21.6281443533 21.6331245804
458560 128 338.889 339.301 339.459 345.818964882 345.980000059 346.400620852 21.6136853051 21.6237500037 21.6500388033
504384 64 186.161 186.582 186.952 345.335444392 346.020259189 346.80277824 21.5834652745 21.6262661993 21.67517364
554816 64 204.81 205.012 205.121 346.217344884 346.401420405 346.743069186 21.6385840553 21.6500887753 21.6714418241
610240 64 225.49 225.601 225.939 345.715967584 346.233926268 346.40436383 21.607247974 21.6396203918 21.6502727394
671232 64 247.254 248.192 250.81 342.560886727 346.174316658 347.487587663 21.4100554204 21.6358947911 21.7179742289
738304 64 272.074 272.621 279.094 338.606032376 346.645753629 347.34267883 21.1628770235 21.6653596018 21.7089174269
812096 64 299.982 300.107 300.659 345.734829159 346.370754431 346.515084238 21.6084268224 21.6481721519 21.6571927649
893248 64 328.732 329.72 331.66 344.737815835 346.766177363 347.808378862 21.5461134897 21.6728860852 21.7380236789
982528 32 181.373 181.719 183.541 342.603516381 346.038620067 346.698747884 21.4127197738 21.6274137542 21.6686717428
1080768 32 199.66 200.396 209.033 330.900632914 345.16233857 346.434698988 20.6812895572 21.5726461606 21.6521686868
1188800 32 219.506 221.408 245.94 309.35675368 343.633473045 346.611026578 19.334797105 21.4770920653 21.6631891611
1307648 32 243.037 256.23 270.013 309.946084077 326.618553643 344.348687648 19.3716302548 20.4136596027 21.521792978
1438400 32 278.045 287.295 295.68 311.341991342 320.428827512 331.088852524 19.4588744589 20.0268017195 20.6930532827
1582208 32 308.502 316.501 333.295 303.818875171 319.939943318 328.23551225 18.9886796982 19.9962464574 20.5147195156
1740416 32 349.49 358.333 374.275 297.606369648 310.846681718 318.71190592 18.600398103 19.4279176074 19.91949412
1914432 32 407.192 409.21 423.763 289.132482071 299.415087608 300.898956758 18.0707801295 18.7134429755 18.8061847973
2105856 16 231.752 235.555 239.058 281.887207289 286.079225659 290.773723636 17.6179504555 17.8799516037 18.1733577272
2316416 16 264.42 277.19 282.512 262.379339639 267.416977524 280.331714696 16.3987087274 16.7135610953 17.5207321685
2548032 16 309.011 315.647 318.405 256.07959674 258.317120074 263.864470844 16.0049747963 16.1448200046 16.4915294278
2802816 16 353.371 361.941 363.874 246.486728923 247.803128134 253.812882212 15.4054205577 15.4876955084 15.8633051382
3083072 16 394.703 398.423 402.518 245.102837637 247.622009774 249.955799677 15.3189273523 15.4763756108 15.6222374798
3391360 16 438.832 440.004 440.783 246.206228462 246.642121435 247.300834944 15.3878892789 15.4151325897 15.456302184
3730496 16 483.48 484.862 485.215 246.02675515 246.205873011 246.909638455 15.3766721969 15.3878670632 15.4318524034
4103488 8 266.051 267.63 270.709 242.532786128 245.32305048 246.779031088 15.158299133 15.332690655 15.423689443
4513792 8 293.176 294.74 299.397 241.22042639 245.031797516 246.338963626 15.0762766494 15.3144873448 15.3961852266
4965120 8 322.682 323.598 323.984 245.203219912 245.495707637 246.192598286 15.3252012445 15.3434817273 15.3870373929
5461632 8 355.04 355.739 360.445 242.439517818 245.646701655 246.130328977 15.1524698636 15.3529188534 15.3831455611
6007744 8 390.377 391.026 399.84 240.405922369 245.824840292 246.233522979 15.0253701481 15.3640525182 15.3895951862
6608512 8 429.219 429.6 431.108 245.266132848 246.12707635 246.345553202 15.329133303 15.3829422719 15.3965970752
7269312 8 472.236 473.268 478.771 242.932408187 245.757143944 246.294208828 15.1832755117 15.3598214965 15.3933880517
7996224 4 259.463 260.583 260.795 245.287647386 245.487203693 246.546875662 15.3304779616 15.3429502308 15.4091797289
8795840 4 286.033 286.646 290.674 242.081231896 245.482999937 246.009096852 15.1300769935 15.3426874961 15.3755685533
9675392 4 314.238 315.05 316.144 244.835062503 245.685243612 246.320101324 15.3021914064 15.3553277258 15.3950063328
10642880 4 345.533 346.457 349.255 243.784741808 245.753556718 246.410733562 15.236546363 15.3595972949 15.4006708476
11707136 4 380.4 380.869 382.766 244.684972019 245.903678168 246.206855941 15.2928107512 15.3689798855 15.3879284963
12877824 4 418.413 420.136 423.721 243.137800581 245.212483577 246.222254089 15.1961125363 15.3257802235 15.3888908805
14165568 4 464.347 469.235 470.869 240.671065625 241.509145737 244.051418444 15.0419416016 15.0943216086 15.2532136527
15582080 4 530.629 543.62 569.481 218.895169461 229.308413966 234.922403412 13.6809480913 14.3317758729 14.6826502132
17140288 2 340.184 378.262 382.747 179.129168877 181.253078554 201.541377607 11.1955730548 11.3283174096 12.5963361005
18854272 2 544.759 587.71 638.675 118.083670098 128.323642613 138.441196933 7.38022938114 8.0202276633 8.65257480831
20739648 2 949.865 1024.465 1085.656 76.4133316631 80.9774780007 87.3372447664 4.77583322894 5.06109237504 5.4585777979
22813568 2 1625.763 1681.478 1747.405 52.2227371445 54.2702741279 56.1301198268 3.26392107153 3.39189213299 3.50813248918
25094912 2 2437.376 2529.837 2562.94 39.165820503 39.678306547 41.1834891293 2.44786378144 2.47989415919 2.57396807058
27604352 2 3377.778 3416.819 3450.661 31.9989149905 32.3158493324 32.6893620599 1.99993218691 2.01974058327 2.04308512874
30364736 2 4196.999 4254.679 4294.766 28.2806895649 28.54714633 28.9394741338 1.76754309781 1.78419664562 1.80871713336
33401152 1 2315.268 2358.237 2435.092 27.4331745987 28.3272224123 28.8529466135 1.71457341242 1.77045140077 1.80330916335
36741248 1 2738.444 2778.01 2787.712 26.3594288076 26.4514872157 26.8336675864 1.64746430047 1.65321795098 1.67710422415
40415360 1 3121.99 3150.703 3167.206 25.5211438725 25.6548205274 25.8907683881 1.59507149203 1.60342628296 1.61817302426
44456896 1 3482.938 3504.491 3517.94 25.2743912631 25.3713854594 25.5283878151 1.57964945394 1.58571159121 1.59552423844
48902528 1 3866.698 3884.772 3952.695 24.7438914462 25.1765241306 25.2942060642 1.54649321539 1.57353275816 1.58088787901
53792768 1 4265.421 4274.718 4281.524 25.1278600797 25.1678674476 25.222723853 1.57049125498 1.57299171548 1.57642024082
59172032 1 4690.866 4707.325 4769.587 24.8122246224 25.1404064941 25.2286174877 1.5507640389 1.57127540588 1.57678859298

META_DATA
OPENMP_THREADS 8
CONFIG  {'ERT_WORKING_SET_MIN': ['1'], 'ERT_CFLAGS': ['-O3'], 'ERT_CC': ['gcc'], 'ERT_MPI_CFLAGS': [], 'ERT_MPI_LDFLAGS': [], 'ERT_MEMORY_MAX': ['62497788'], 'ERT_PROCS_THREADS': ['8'], 'ERT_LDFLAGS': [], 'ERT_LDLIBS': [], 'ERT_SPEC_GBYTES_DRAM': ['1.0'], 'ERT_RUN': ['export', 'KMP_AFFINITY=scatter;', 'export', 'OMP_NUM_THREADS=ERT_OPENMP_THREADS;', 'ERT_CODE'], 'ERT_FLOPS': ['1,2,4,8,16'], 'ERT_OPENMP_CFLAGS': ['-fopenmp'], 'ERT_SPEC_GFLOPS': ['1.0'], 'ERT_MPI': ['False'], 'ERT_TRIALS_MIN': ['1'], 'ERT_DRIVER': ['driver1'], 'ERT_RESULTS': ['Results.x86'], 'ERT_OPENMP': ['True'], 'ERT_MPI_PROCS': ['1'], 'ERT_KERNEL': ['kernel1'], 'ERT_OPENMP_THREADS': ['1-32'], 'ERT_LD': ['gcc'], 'ERT_NUM_EXPERIMENTS': ['6'], 'ERT_OPENMP_LDFLAGS': ['-fopenmp'], 'ERT_ALIGN': ['32'], 'ERT_GNUPLOT': ['gnuplot']}
HOSTNAME  ('apollo-PowerEdge-R430', [], ['127.0.1.1'])
TIMESTAMP_DATA  1594866800.53
MPI_PROCS      1
FLOPS          1
TIMESTAMP_DATA  1594866800.96
TIMESTAMP_DATA  1594866800.68
TIMESTAMP_DATA  1594866800.24
UNAME  ('Linux', 'apollo-PowerEdge-R430', '4.19.129-0419129-generic', '#202006220433 SMP Mon Jun 22 09:12:54 UTC 2020', 'x86_64', 'x86_64')
TIMESTAMP_DATA  1594866800.82
TIMESTAMP_DATA  1594866800.39
ERT_VERSION  1.0.0
