          64            1           1.690          128            8
          64            2           0.774          256           16
          64            4           0.775          512           32
          64            8           0.765         1024           64
          64           16           0.767         2048          128
          64           32           0.810         4096          256
          64           64           0.934         8192          512
          64          128           1.360        16384         1024
          64          256           1.773        32768         2048
          64          512           2.699        65536         4096
          64         1024           4.702       131072         8192
          64         2048           8.716       262144        16384
          64         4096          16.751       524288        32768
          64         8192          32.875      1048576        65536
          64        16384          65.014      2097152       131072
          64        32768         129.103      4194304       262144
          64        65536         257.480      8388608       524288
          64       131072         514.181     16777216      1048576
          64       262144        1027.655     33554432      2097152
          64       524288        2067.559     67108864      4194304
         128            1           0.738          256           16
         128            2           0.753          512           32
         128            4           0.884         1024           64
         128            8           0.763         2048          128
         128           16           0.803         4096          256
         128           32           0.905         8192          512
         128           64           0.950        16384         1024
         128          128           1.413        32768         2048
         128          256           1.848        65536         4096
         128          512           2.698       131072         8192
         128         1024           4.707       262144        16384
         128         2048           8.718       524288        32768
         128         4096          16.804      1048576        65536
         128         8192          32.890      2097152       131072
         128        16384          64.955      4194304       262144
         128        32768         129.207      8388608       524288
         128        65536         257.444     16777216      1048576
         128       131072         514.180     33554432      2097152
         128       262144        1027.670     67108864      4194304
         192            1           0.753          384           24
         192            2           0.762          768           48
         192            4           0.776         1536           96
         192            8           0.764         3072          192
         192           16           0.941         6144          384
         192           32           0.960        12288          768
         192           64           0.962        24576         1536
         192          128           1.210        49152         3072
         192          256           1.779        98304         6144
         192          512           2.719       196608        12288
         192         1024           4.726       393216        24576
         192         2048           8.786       786432        49152
         192         4096          16.814      1572864        98304
         192         8192          32.801      3145728       196608
         192        16384          64.898      6291456       393216
         192        32768         129.085     12582912       786432
         192        65536         257.461     25165824      1572864
         192       131072         514.198     50331648      3145728
         192       262144        1035.751    100663296      6291456
         256            1           0.745          512           32
         256            2           0.762         1024           64
         256            4           0.831         2048          128
         256            8           0.783         4096          256
         256           16           0.791         8192          512
         256           32           0.853        16384         1024
         256           64           0.952        32768         2048
         256          128           1.234        65536         4096
         256          256           1.710       131072         8192
         256          512           2.706       262144        16384
         256         1024           4.754       524288        32768
         256         2048           8.729      1048576        65536
         256         4096          16.779      2097152       131072
         256         8192          32.800      4194304       262144
         256        16384          64.899      8388608       524288
         256        32768         129.077     16777216      1048576
         256        65536         257.511     33554432      2097152
         256       131072         514.250     67108864      4194304
         320            1           0.732          640           40
         320            2           0.756         1280           80
         320            4           0.780         2560          160
         320            8           0.784         5120          320
         320           16           0.814        10240          640
         320           32           0.894        20480         1280
         320           64           1.074        40960         2560
         320          128           1.374        81920         5120
         320          256           1.753       163840        10240
         320          512           2.625       327680        20480
         320         1024           4.527       655360        40960
         320         2048           8.924      1310720        81920
         320         4096          15.981      2621440       163840
         320         8192          32.036      5242880       327680
         320        16384          65.008     10485760       655360
         320        32768         129.291     20971520      1310720
         320        65536         256.821     41943040      2621440
         320       131072         514.383     83886080      5242880
         384            1           0.755          768           48
         384            2           0.762         1536           96
         384            4           1.000         3072          192
         384            8           0.863         6144          384
         384           16           0.839        12288          768
         384           32           1.053        24576         1536
         384           64           1.135        49152         3072
         384          128           1.264        98304         6144
         384          256           1.804       196608        12288
         384          512           2.819       393216        24576
         384         1024           4.859       786432        49152
         384         2048           8.092      1572864        98304
         384         4096          16.914      3145728       196608
         384         8192          32.048      6291456       393216
         384        16384          64.991     12582912       786432
         384        32768         129.171     25165824      1572864
         384        65536         257.701     50331648      3145728
         384       131072         514.337    100663296      6291456
         448            1           0.754          896           56
         448            2           0.929         1792          112
         448            4           0.782         3584          224
         448            8           0.984         7168          448
         448           16           0.879        14336          896
         448           32           1.119        28672         1792
         448           64           1.276        57344         3584
         448          128           1.453       114688         7168
         448          256           2.097       229376        14336
         448          512           3.154       458752        28672
         448         1024           5.236       917504        57344
         448         2048           9.741      1835008       114688
         448         4096          18.671      3670016       229376
         448         8192          36.615      7340032       458752
         448        16384          77.997     14680064       917504
         448        32768         143.431     29360128      1835008
         448        65536         286.092     58720256      3670016
         448       131072         571.379    117440512      7340032
         512            1           0.762         1024           64
         512            2           0.766         2048          128
         512            4           0.783         4096          256
         512            8           0.800         8192          512
         512           16           0.821        16384         1024
         512           32           0.920        32768         2048
         512           64           1.069        65536         4096
         512          128           1.408       131072         8192
         512          256           1.898       262144        16384
         512          512           3.001       524288        32768
         512         1024           5.313      1048576        65536
         512         2048           9.720      2097152       131072
         512         4096          18.713      4194304       262144
         512         8192          36.508      8388608       524288
         512        16384          72.175     16777216      1048576
         512        32768         143.497     33554432      2097152
         512        65536         286.127     67108864      4194304
         576            1           0.744         1152           72
         576            2           0.772         2304          144
         576            4           0.791         4608          288
         576            8           0.778         9216          576
         576           16           0.850        18432         1152
         576           32           0.947        36864         2304
         576           64           1.151        73728         4608
         576          128           1.502       147456         9216
         576          256           2.120       294912        18432
         576          512           3.350       589824        36864
         576         1024           5.798      1179648        73728
         576         2048          10.692      2359296       147456
         576         4096          20.510      4718592       294912
         576         8192          40.117      9437184       589824
         576        16384          79.343     18874368      1179648
         576        32768         157.643     37748736      2359296
         576        65536         314.696     75497472      4718592
         640            1           0.930         1280           80
         640            2           0.763         2560          160
         640            4           0.793         5120          320
         640            8           0.777        10240          640
         640           16           0.839        20480         1280
         640           32           0.932        40960         2560
         640           64           1.122        81920         5120
         640          128           1.510       163840        10240
         640          256           2.283       327680        20480
         640          512           3.886       655360        40960
         640         1024           6.988      1310720        81920
         640         2048          13.334      2621440       163840
         640         4096          25.794      5242880       327680
         640         8192          50.762     10485760       655360
         640        16384         100.694     20971520      1310720
         640        32768         200.524     41943040      2621440
         640        65536         400.229     83886080      5242880
         704            1           0.751         1408           88
         704            2           0.771         2816          176
         704            4           0.791         5632          352
         704            8           0.786        11264          704
         704           16           0.855        22528         1408
         704           32           0.961        45056         2816
         704           64           1.167        90112         5632
         704          128           1.612       180224        11264
         704          256           2.522       360448        22528
         704          512           4.326       720896        45056
         704         1024           7.867      1441792        90112
         704         2048          15.124      2883584       180224
         704         4096          29.367      5767168       360448
         704         8192          57.902     11534336       720896
         704        16384         114.933     23068672      1441792
         704        32768         229.093     46137344      2883584
         704        65536         463.661     92274688      5767168
         768            1           0.747         1536           96
         768            2           0.789         3072          192
         768            4           0.777         6144          384
         768            8           0.801        12288          768
         768           16           0.852        24576         1536
         768           32           0.963        49152         3072
         768           64           1.175        98304         6144
         768          128           1.659       196608        12288
         768          256           2.520       393216        24576
         768          512           4.356       786432        49152
         768         1024           7.882      1572864        98304
         768         2048          15.110      3145728       196608
         768         4096          29.378      6291456       393216
         768         8192          57.901     12582912       786432
         768        16384         114.986     25165824      1572864
         768        32768         229.081     50331648      3145728
         768        65536         457.315    100663296      6291456
         832            1           0.878         1664          104
         832            2           0.785         3328          208
         832            4           0.787         6656          416
         832            8           0.802        13312          832
         832           16           0.862        26624         1664
         832           32           1.113        53248         3328
         832           64           1.450       106496         6656
         832          128           1.768       212992        13312
         832          256           2.836       425984        26624
         832          512           4.901       851968        53248
         832         1024           8.807      1703936       106496
         832         2048          16.998      3407872       212992
         832         4096          32.975      6815744       425984
         832         8192          65.063     13631488       851968
         832        16384         129.282     27262976      1703936
         832        32768         257.627     54525952      3407872
         832        65536         514.342    109051904      6815744
         896            1           0.758         1792          112
         896            2           0.760         3584          224
         896            4           0.833         7168          448
         896            8           0.905        14336          896
         896           16           0.858        28672         1792
         896           32           1.142        57344         3584
         896           64           1.261       114688         7168
         896          128           1.760       229376        14336
         896          256           2.738       458752        28672
         896          512           4.810       917504        57344
         896         1024           8.771      1835008       114688
         896         2048          16.925      3670016       229376
         896         4096          32.964      7340032       458752
         896         8192          65.056     14680064       917504
         896        16384         129.224     29360128      1835008
         896        32768         257.614     58720256      3670016
         896        65536         514.353    117440512      7340032
         960            1           0.798         1920          120
         960            2           0.780         3840          240
         960            4           0.787         7680          480
         960            8           0.805        15360          960
         960           16           0.881        30720         1920
         960           32           1.021        61440         3840
         960           64           1.312       122880         7680
         960          128           1.863       245760        15360
         960          256           3.017       491520        30720
         960          512           5.237       983040        61440
         960         1024           9.698      1966080       122880
         960         2048          18.699      3932160       245760
         960         4096          36.537      7864320       491520
         960         8192          72.191     15728640       983040
         960        16384         143.515     31457280      1966080
         960        32768         286.150     62914560      3932160
        1024            1           0.752         2048          128
        1024            2           0.773         4096          256
        1024            4           0.775         8192          512
        1024            8           0.810        16384         1024
        1024           16           0.869        32768         2048
        1024           32           1.013        65536         4096
        1024           64           1.316       131072         8192
        1024          128           1.844       262144        16384
        1024          256           2.986       524288        32768
        1024          512           5.197      1048576        65536
        1024         1024           9.649      2097152       131072
        1024         2048          18.660      4194304       262144
        1024         4096          36.485      8388608       524288
        1024         8192          72.140     16777216      1048576
        1024        16384         160.979     33554432      2097152
        1024        32768         301.053     67108864      4194304
        1088            1           0.743         2176          136
        1088            2           0.763         4352          272
        1088            4           0.780         8704          544
        1088            8           0.829        17408         1088
        1088           16           0.957        34816         2176
        1088           32           1.044        69632         4352
        1088           64           1.450       139264         8704
        1088          128           2.076       278528        17408
        1088          256           3.218       557056        34816
        1088          512           5.745      1114112        69632
        1088         1024          13.240      2228224       139264
        1088         2048          20.494      4456448       278528
        1088         4096          40.057      8912896       557056
        1088         8192          88.980     17825792      1114112
        1088        16384         157.905     35651584      2228224
        1088        32768         314.674     71303168      4456448
        1152            1           0.738         2304          144
        1152            2           0.756         4608          288
        1152            4           0.818         9216          576
        1152            8           0.818        18432         1152
        1152           16           0.889        36864         2304
        1152           32           1.045        73728         4608
        1152           64           1.335       147456         9216
        1152          128           1.958       294912        18432
        1152          256           3.206       589824        36864
        1152          512           5.669      1179648        73728
        1152         1024          10.650      2359296       147456
        1152         2048          20.444      4718592       294912
        1152         4096          40.054      9437184       589824
        1152         8192          79.274     18874368      1179648
        1152        16384         157.723     37748736      2359296
        1152        32768         314.633     75497472      4718592
        1216            1           0.734         2432          152
        1216            2           0.764         4864          304
        1216            4           0.798         9728          608
        1216            8           0.824        19456         1216
        1216           16           0.895        38912         2432
        1216           32           1.069        77824         4864
        1216           64           1.404       155648         9728
        1216          128           2.056       311296        19456
        1216          256           3.401       622592        38912
        1216          512           6.081      1245184        77824
        1216         1024          11.439      2490368       155648
        1216         2048          22.243      4980736       311296
        1216         4096          43.646      9961472       622592
        1216         8192          86.420     19922944      1245184
        1216        16384         172.008     39845888      2490368
        1216        32768         343.184     79691776      4980736
        1280            1           0.752         2560          160
        1280            2           0.774         5120          320
        1280            4           0.791        10240          640
        1280            8           0.812        20480         1280
        1280           16           0.907        40960         2560
        1280           32           1.073        81920         5120
        1280           64           1.419       163840        10240
        1280          128           2.060       327680        20480
        1280          256           3.432       655360        40960
        1280          512           6.121      1310720        81920
        1280         1024          11.556      2621440       163840
        1280         2048          22.257      5242880       327680
        1280         4096          43.633     10485760       655360
        1280         8192          86.430     20971520      1310720
        1280        16384         172.016     41943040      2621440
        1280        32768         343.182     83886080      5242880
        1408            1           0.754         2816          176
        1408            2           0.758         5632          352
        1408            4           0.800        11264          704
        1408            8           0.835        22528         1408
        1408           16           0.901        45056         2816
        1408           32           1.115        90112         5632
        1408           64           1.447       180224        11264
        1408          128           2.180       360448        22528
        1408          256           3.638       720896        45056
        1408          512           6.539      1441792        90112
        1408         1024          12.359      2883584       180224
        1408         2048          24.015      5767168       360448
        1408         4096          47.184     11534336       720896
        1408         8192          93.547     23068672      1441792
        1408        16384         186.250     46137344      2883584
        1408        32768         376.326     92274688      5767168
        1536            1           0.755         3072          192
        1536            2           0.854         6144          384
        1536            4           0.928        12288          768
        1536            8           0.818        24576         1536
        1536           16           0.919        49152         3072
        1536           32           1.146        98304         6144
        1536           64           1.538       196608        12288
        1536          128           2.311       393216        24576
        1536          256           3.956       786432        49152
        1536          512           7.008      1572864        98304
        1536         1024          13.245      3145728       196608
        1536         2048          25.869      6291456       393216
        1536         4096          50.798     12582912       786432
        1536         8192         100.866     25165824      1572864
        1536        16384         200.525     50331648      3145728
        1536        32768         400.354    100663296      6291456
        1664            1           0.746         3328          208
        1664            2           0.837         6656          416
        1664            4           0.997        13312          832
        1664            8           1.032        26624         1664
        1664           16           0.937        53248         3328
        1664           32           1.143       106496         6656
        1664           64           1.599       212992        13312
        1664          128           2.384       425984        26624
        1664          256           4.077       851968        53248
        1664          512           7.464      1703936       106496
        1664         1024          14.215      3407872       212992
        1664         2048          27.580      6815744       425984
        1664         4096          54.320     13631488       851968
        1664         8192         107.805     27262976      1703936
        1664        16384         214.823     54525952      3407872
        1664        32768         428.867    109051904      6815744
        1792            1           0.958         3584          224
        1792            2           0.769         7168          448
        1792            4           0.805        14336          896
        1792            8           0.963        28672         1792
        1792           16           1.001        57344         3584
        1792           32           1.165       114688         7168
        1792           64           1.693       229376        14336
        1792          128           2.643       458752        28672
        1792          256           4.305       917504        57344
        1792          512           7.862      1835008       114688
        1792         1024          15.318      3670016       229376
        1792         2048          29.370      7340032       458752
        1792         4096          57.888     14680064       917504
        1792         8192         114.936     29360128      1835008
        1792        16384         229.229     58720256      3670016
        1792        32768         457.280    117440512      7340032
        1920            1           0.751         3840          240
        1920            2           0.789         7680          480
        1920            4           0.918        15360          960
        1920            8           0.917        30720         1920
        1920           16           0.967        61440         3840
        1920           32           1.323       122880         7680
        1920           64           1.722       245760        15360
        1920          128           2.613       491520        30720
        1920          256           4.583       983040        61440
        1920          512           8.325      1966080       122880
        1920         1024          15.999      3932160       245760
        1920         2048          31.148      7864320       491520
        1920         4096          61.470     15728640       983040
        1920         8192         122.078     31457280      1966080
        1920        16384         243.373     62914560      3932160
        2112            1           0.816         4224          264
        2112            2           0.827         8448          528
        2112            4           0.851        16896         1056
        2112            8           0.864        33792         2112
        2112           16           0.993        67584         4224
        2112           32           1.451       135168         8448
        2112           64           1.799       270336        16896
        2112          128           2.847       540672        33792
        2112          256           4.960      1081344        67584
        2112          512           9.204      2162688       135168
        2112         1024          17.780      4325376       270336
        2112         2048          34.861      8650752       540672
        2112         4096          68.581     17301504      1081344
        2112         8192         136.416     34603008      2162688
        2112        16384         271.955     69206016      4325376
        2304            1           0.750         4608          288
        2304            2           0.783         9216          576
        2304            4           0.809        18432         1152
        2304            8           0.893        36864         2304
        2304           16           1.009        73728         4608
        2304           32           1.314       147456         9216
        2304           64           1.910       294912        18432
        2304          128           2.996       589824        36864
        2304          256           5.202      1179648        73728
        2304          512           9.644      2359296       147456
        2304         1024          18.656      4718592       294912
        2304         2048          36.613      9437184       589824
        2304         4096          72.152     18874368      1179648
        2304         8192         153.869     37748736      2359296
        2304        16384         286.075     75497472      4718592
        2496            1           0.778         4992          312
        2496            2           0.896         9984          624
        2496            4           0.962        19968         1248
        2496            8           0.929        39936         2496
        2496           16           1.119        79872         4992
        2496           32           1.365       159744         9984
        2496           64           1.979       319488        19968
        2496          128           3.037       638976        39936
        2496          256           6.379      1277952        79872
        2496          512          12.875      2555904       159744
        2496         1024          25.949      5111808       319488
        2496         2048          52.221     10223616       638976
        2496         4096         104.681     20447232      1277952
        2496         8192         209.566     40894464      2555904
        2496        16384         419.385     81788928      5111808
        2688            1           0.759         5376          336
        2688            2           0.967        10752          672
        2688            4           0.838        21504         1344
        2688            8           0.904        43008         2688
        2688           16           1.186        86016         5376
        2688           32           1.365       172032        10752
        2688           64           2.042       344064        21504
        2688          128           3.289       688128        43008
        2688          256           5.868      1376256        86016
        2688          512          11.102      2752512       172032
        2688         1024          21.336      5505024       344064
        2688         2048          41.841     11010048       688128
        2688         4096          82.840     22020096      1376256
        2688         8192         164.963     44040192      2752512
        2688        16384         328.877     88080384      5505024
        2944            1           0.812         5888          368
        2944            2           0.804        11776          736
        2944            4           0.845        23552         1472
        2944            8           0.913        47104         2944
        2944           16           1.076        94208         5888
        2944           32           1.418       188416        11776
        2944           64           2.116       376832        23552
        2944          128           3.516       753664        47104
        2944          256           6.320      1507328        94208
        2944          512          11.981      3014656       188416
        2944         1024          23.133      6029312       376832
        2944         2048          45.421     12058624       753664
        2944         4096          90.010     24117248      1507328
        2944         8192         179.134     48234496      3014656
        2944        16384         357.423     96468992      6029312
        3200            1           0.760         6400          400
        3200            2           0.813        12800          800
        3200            4           0.858        25600         1600
        3200            8           0.919        51200         3200
        3200           16           1.087       102400         6400
        3200           32           1.474       204800        12800
        3200           64           2.221       409600        25600
        3200          128           3.722       819200        51200
        3200          256           6.769      1638400       102400
        3200          512          12.820      3276800       204800
        3200         1024          24.912      6553600       409600
        3200         2048          48.958     13107200       819200
        3200         4096          97.104     26214400      1638400
        3200         8192         193.383     52428800      3276800
        3200        16384         385.952    104857600      6553600
        3520            1           0.781         7040          440
        3520            2           0.829        14080          880
        3520            4           0.857        28160         1760
        3520            8           0.965        56320         3520
        3520           16           1.141       112640         7040
        3520           32           1.552       225280        14080
        3520           64           2.391       450560        28160
        3520          128           4.168       901120        56320
        3520          256           7.440      1802240       112640
        3520          512          14.417      3604480       225280
        3520         1024          27.677      7208960       450560
        3520         2048          54.446     14417920       901120
        3520         4096         107.808     28835840      1802240
        3520         8192         214.888     57671680      3604480
        3520        16384         436.527    115343360      7208960
        3840            1           0.764         7680          480
        3840            2           0.854        15360          960
        3840            4           0.872        30720         1920
        3840            8           0.953        61440         3840
        3840           16           1.170       122880         7680
        3840           32           1.679       245760        15360
        3840           64           2.512       491520        30720
        3840          128           4.448       983040        61440
        3840          256           7.964      1966080       122880
        3840          512          15.174      3932160       245760
        3840         1024          29.363      7864320       491520
        3840         2048          58.010     15728640       983040
        3840         4096         114.949     31457280      1966080
        3840         8192         229.060     62914560      3932160
        4224            1           0.808         8448          528
        4224            2           0.942        16896         1056
        4224            4           0.874        33792         2112
        4224            8           1.009        67584         4224
        4224           16           1.308       135168         8448
        4224           32           1.958       270336        16896
        4224           64           3.263       540672        33792
        4224          128           5.545      1081344        67584
        4224          256          10.420      2162688       135168
        4224          512          20.153      4325376       270336
        4224         1024          39.530      8650752       540672
        4224         2048          78.167     17301504      1081344
        4224         4096         155.501     34603008      2162688
        4224         8192         310.299     69206016      4325376
        4608            1           0.777         9216          576
        4608            2           0.848        18432         1152
        4608            4           0.946        36864         2304
        4608            8           1.085        73728         4608
        4608           16           1.296       147456         9216
        4608           32           1.858       294912        18432
        4608           64           2.831       589824        36864
        4608          128           5.077      1179648        73728
        4608          256           9.213      2359296       147456
        4608          512          17.998      4718592       294912
        4608         1024          34.805      9437184       589824
        4608         2048          68.770     18874368      1179648
        4608         4096         136.540     37748736      2359296
        4608         8192         271.974     75497472      4718592
        5056            1           0.808        10112          632
        5056            2           0.826        20224         1264
        5056            4           1.003        40448         2528
        5056            8           1.042        80896         5056
        5056           16           1.330       161792        10112
        5056           32           1.886       323584        20224
        5056           64           3.222       647168        40448
        5056          128           5.518      1294336        80896
        5056          256          10.958      2588672       161792
        5056          512          21.960      5177344       323584
        5056         1024          44.070     10354688       647168
        5056         2048          88.261     20709376      1294336
        5056         4096         176.732     41418752      2588672
        5056         8192         353.662     82837504      5177344
        5504            1           0.784        11008          688
        5504            2           0.825        22016         1376
        5504            4           0.910        44032         2752
        5504            8           1.129        88064         5504
        5504           16           1.453       176128        11008
        5504           32           2.164       352256        22016
        5504           64           3.799       704512        44032
        5504          128           6.798      1409024        88064
        5504          256          12.569      2818048       176128
        5504          512          24.402      5636096       352256
        5504         1024          48.133     11272192       704512
        5504         2048          95.180     22544384      1409024
        5504         4096         189.664     45088768      2818048
        5504         8192         378.284     90177536      5636096
        6016            1           0.776        12032          752
        6016            2           0.868        24064         1504
        6016            4           0.975        48128         3008
        6016            8           1.181        96256         6016
        6016           16           1.676       192512        12032
        6016           32           2.470       385024        24064
        6016           64           3.839       770048        48128
        6016          128           7.095      1540096        96256
        6016          256          13.197      3080192       192512
        6016          512          24.909      6160384       385024
        6016         1024          49.850     12320768       770048
        6016         2048          99.705     24641536      1540096
        6016         4096         206.079     49283072      3080192
        6016         8192         399.134     98566144      6160384
        6592            1           0.778        13184          824
        6592            2           0.871        26368         1648
        6592            4           0.940        52736         3296
        6592            8           1.166       105472         6592
        6592           16           1.535       210944        13184
        6592           32           2.356       421888        26368
        6592           64           3.996       843776        52736
        6592          128           7.268      1687552       105472
        6592          256          13.894      3375104       210944
        6592          512          26.945      6750208       421888
        6592         1024          53.060     13500416       843776
        6592         2048         105.305     27000832      1687552
        6592         4096         209.782     54001664      3375104
        6592         8192         418.729    108003328      6750208
        7232            1           0.791        14464          904
        7232            2           0.874        28928         1808
        7232            4           0.941        57856         3616
        7232            8           1.161       115712         7232
        7232           16           1.596       231424        14464
        7232           32           2.473       462848        28928
        7232           64           4.248       925696        57856
        7232          128           7.774      1851392       115712
        7232          256          14.823      3702784       231424
        7232          512          28.733      7405568       462848
        7232         1024          56.625     14811136       925696
        7232         2048         112.560     29622272      1851392
        7232         4096         224.115     59244544      3702784
        7232         8192         447.266    118489088      7405568
        7936            1           0.797        15872          992
        7936            2           0.856        31744         1984
        7936            4           0.984        63488         3968
        7936            8           1.181       126976         7936
        7936           16           1.644       253952        15872
        7936           32           2.583       507904        31744
        7936           64           4.464      1015808        63488
        7936          128           8.208      2031616       126976
        7936          256          15.671      4063232       253952
        7936          512          30.711      8126464       507904
        7936         1024          60.566     16252928      1015808
        7936         2048         120.294     32505856      2031616
        7936         4096         239.759     65011712      4063232
        8704            1           0.807        17408         1088
        8704            2           0.848        34816         2176
        8704            4           0.981        69632         4352
        8704            8           1.240       139264         8704
        8704           16           1.706       278528        17408
        8704           32           2.712       557056        34816
        8704           64           4.727      1114112        69632
        8704          128           8.738      2228224       139264
        8704          256          16.808      4456448       278528
        8704          512          32.803      8912896       557056
        8704         1024          64.738     17825792      1114112
        8704         2048         128.632     35651584      2228224
        8704         4096         256.525     71303168      4456448
        9536            1           0.819        19072         1192
        9536            2           0.878        38144         2384
        9536            4           1.054        76288         4768
        9536            8           1.269       152576         9536
        9536           16           1.793       305152        19072
        9536           32           2.910       610304        38144
        9536           64           5.165      1220608        76288
        9536          128           9.371      2441216       152576
        9536          256          17.706      4882432       305152
        9536          512          34.810      9764864       610304
        9536         1024          68.732     19529728      1220608
        9536         2048         136.648     39059456      2441216
        9536         4096         272.249     78118912      4882432
       10432            1           0.858        20864         1304
       10432            2           1.040        41728         2608
       10432            4           1.209        83456         5216
       10432            8           1.291       166912        10432
       10432           16           1.961       333824        20864
       10432           32           2.978       667648        41728
       10432           64           5.279      1335296        83456
       10432          128           9.779      2670592       166912
       10432          256          18.940      5341184       333824
       10432          512          39.722     10682368       667648
       10432         1024          73.182     21364736      1335296
       10432         2048         145.547     42729472      2670592
       10432         4096         290.243     85458944      5341184
       11456            1           0.802        22912         1432
       11456            2           0.883        45824         2864
       11456            4           1.026        91648         5728
       11456            8           1.332       183296        11456
       11456           16           1.944       366592        22912
       11456           32           3.160       733184        45824
       11456           64           5.595      1466368        91648
       11456          128          10.487      2932736       183296
       11456          256          20.333      5865472       366592
       11456          512          39.871     11730944       733184
       11456         1024          78.912     23461888      1466368
       11456         2048         156.999     46923776      2932736
       11456         4096         313.166     93847552      5865472
       12544            1           0.820        25088         1568
       12544            2           0.911        50176         3136
       12544            4           1.095       100352         6272
       12544            8           1.393       200704        12544
       12544           16           2.017       401408        25088
       12544           32           3.340       802816        50176
       12544           64           5.988      1605632       100352
       12544          128          11.219      3211264       200704
       12544          256          21.686      6422528       401408
       12544          512          42.744     12845056       802816
       12544         1024          84.628     25690112      1605632
       12544         2048         168.438     51380224      3211264
       12544         4096         336.035    102760448      6422528
       13760            1           0.918        27520         1720
       13760            2           0.924        55040         3440
       13760            4           1.094       110080         6880
       13760            8           1.443       220160        13760
       13760           16           2.142       440320        27520
       13760           32           3.543       880640        55040
       13760           64           6.342      1761280       110080
       13760          128          11.947      3522560       220160
       13760          256          23.215      7045120       440320
       13760          512          45.706     14090240       880640
       13760         1024          90.578     28180480      1761280
       13760         2048         180.316     56360960      3522560
       13760         4096         359.796    112721920      7045120
       15104            1           0.836        30208         1888
       15104            2           0.926        60416         3776
       15104            4           1.103       120832         7552
       15104            8           1.487       241664        15104
       15104           16           2.242       483328        30208
       15104           32           3.765       966656        60416
       15104           64           6.811      1933312       120832
       15104          128          12.889      3866624       241664
       15104          256          25.136      7733248       483328
       15104          512          49.408     15466496       966656
       15104         1024          98.018     30932992      1933312
       15104         2048         195.175     61865984      3866624
       15104         4096         389.528    123731968      7733248
       16576            1           0.844        33152         2072
       16576            2           1.008        66304         4144
       16576            4           1.180       132608         8288
       16576            8           1.549       265216        16576
       16576           16           2.508       530432        33152
       16576           32           3.989      1060864        66304
       16576           64           7.291      2121728       132608
       16576          128          13.931      4243456       265216
       16576          256          27.065      8486912       530432
       16576          512          53.256     16973824      1060864
       16576         1024         105.700     33947648      2121728
       16576         2048         210.501     67895296      4243456
       18176            1           0.848        36352         2272
       18176            2           0.964        72704         4544
       18176            4           1.176       145408         9088
       18176            8           1.627       290816        18176
       18176           16           2.509       581632        36352
       18176           32           4.269      1163264        72704
       18176           64           7.827      2326528       145408
       18176          128          14.943      4653056       290816
       18176          256          29.143      9306112       581632
       18176          512          61.919     18612224      1163264
       18176         1024         114.095     37224448      2326528
       18176         2048         227.412     74448896      4653056
       19968            1           0.854        39936         2496
       19968            2           1.112        79872         4992
       19968            4           1.294       159744         9984
       19968            8           1.684       319488        19968
       19968           16           2.662       638976        39936
       19968           32           4.587      1277952        79872
       19968           64           8.469      2555904       159744
       19968          128          16.140      5111808       319488
       19968          256          31.399     10223616       638976
       19968          512          62.192     20447232      1277952
       19968         1024         123.503     40894464      2555904
       19968         2048         245.999     81788928      5111808
       21952            1           0.957        43904         2744
       21952            2           1.143        87808         5488
       21952            4           1.435       175616        10976
       21952            8           1.788       351232        21952
       21952           16           2.794       702464        43904
       21952           32           4.879      1404928        87808
       21952           64           9.051      2809856       175616
       21952          128          17.331      5619712       351232
       21952          256          33.923     11239424       702464
       21952          512          67.224     22478848      1404928
       21952         1024         133.617     44957696      2809856
       21952         2048         266.400     89915392      5619712
       24128            1           0.897        48256         3016
       24128            2           1.017        96512         6032
       24128            4           1.291       193024        12064
       24128            8           1.868       386048        24128
       24128           16           2.992       772096        48256
       24128           32           5.264      1544192        96512
       24128           64           9.730      3088384       193024
       24128          128          18.747      6176768       386048
       24128          256          36.854     12353536       772096
       24128          512          72.868     24707072      1544192
       24128         1024         144.892     49414144      3088384
       24128         2048         288.939     98828288      6176768
       26496            1           0.878        52992         3312
       26496            2           1.043       105984         6624
       26496            4           1.356       211968        13248
       26496            8           1.949       423936        26496
       26496           16           3.175       847872        52992
       26496           32           5.625      1695744       105984
       26496           64          10.528      3391488       211968
       26496          128          20.332      6782976       423936
       26496          256          39.911     13565952       847872
       26496          512          79.170     27131904      1695744
       26496         1024         157.492     54263808      3391488
       26496         2048         314.156    108527616      6782976
       29120            1           0.914        58240         3640
       29120            2           1.074       116480         7280
       29120            4           1.396       232960        14560
       29120            8           2.078       465920        29120
       29120           16           3.391       931840        58240
       29120           32           6.061      1863680       116480
       29120           64          11.366      3727360       232960
       29120          128          22.009      7454720       465920
       29120          256          43.329     14909440       931840
       29120          512          85.815     29818880      1863680
       29120         1024         170.817     59637760      3727360
       29120         2048         340.775    119275520      7454720
       32000            1           0.927        64000         4000
       32000            2           1.111       128000         8000
       32000            4           1.569       256000        16000
       32000            8           2.202       512000        32000
       32000           16           3.627      1024000        64000
       32000           32           6.525      2048000       128000
       32000           64          12.372      4096000       256000
       32000          128          23.972      8192000       512000
       32000          256          47.140     16384000      1024000
       32000          512          93.595     32768000      2048000
       32000         1024         186.340     65536000      4096000
       35200            1           1.005        70400         4400
       35200            2           1.123       140800         8800
       35200            4           1.586       281600        17600
       35200            8           2.388       563200        35200
       35200           16           3.896      1126400        70400
       35200           32           7.075      2252800       140800
       35200           64          13.467      4505600       281600
       35200          128          25.995      9011200       563200
       35200          256          51.251     18022400      1126400
       35200          512         104.688     36044800      2252800
       35200         1024         202.816     72089600      4505600
       38720            1           1.001        77440         4840
       38720            2           1.187       154880         9680
       38720            4           1.614       309760        19360
       38720            8           2.452       619520        38720
       38720           16           4.175      1239040        77440
       38720           32           7.611      2478080       154880
       38720           64          14.498      4956160       309760
       38720          128          28.289      9912320       619520
       38720          256          55.901     19824640      1239040
       38720          512         110.971     39649280      2478080
       38720         1024         221.104     79298560      4956160
       42560            1           1.024        85120         5320
       42560            2           1.205       170240        10640
       42560            4           1.682       340480        21280
       42560            8           2.628       680960        42560
       42560           16           4.485      1361920        85120
       42560           32           8.248      2723840       170240
       42560           64          15.780      5447680       340480
       42560          128          30.803     10895360       680960
       42560          256          60.963     21790720      1361920
       42560          512         121.133     43581440      2723840
       42560         1024         241.421     87162880      5447680
       46784            1           0.996        93568         5848
       46784            2           1.260       187136        11696
       46784            4           1.768       374272        23392
       46784            8           2.796       748544        46784
       46784           16           4.843      1497088        93568
       46784           32           8.931      2994176       187136
       46784           64          17.137      5988352       374272
       46784          128          33.539     11976704       748544
       46784          256          66.375     23953408      1497088
       46784          512         131.914     47906816      2994176
       46784         1024         263.006     95813632      5988352
       51456            1           1.043       102912         6432
       51456            2           1.315       205824        12864
       51456            4           1.870       411648        25728
       51456            8           2.985       823296        51456
       51456           16           5.226      1646592       102912
       51456           32           9.720      3293184       205824
       51456           64          18.724      6586368       411648
       51456          128          36.645     13172736       823296
       51456          256          72.527     26345472      1646592
       51456          512         144.383     52690944      3293184
       51456         1024         287.906    105381888      6586368
       56576            1           1.049       113152         7072
       56576            2           1.342       226304        14144
       56576            4           1.979       452608        28288
       56576            8           3.192       905216        56576
       56576           16           5.640      1810432       113152
       56576           32          10.674      3620864       226304
       56576           64          20.369      7241728       452608
       56576          128          40.152     14483456       905216
       56576          256          79.209     28966912      1810432
       56576          512         157.796     57933824      3620864
       56576         1024         314.709    115867648      7241728
       62208            1           1.088       124416         7776
       62208            2           1.424       248832        15552
       62208            4           2.107       497664        31104
       62208            8           3.534       995328        62208
       62208           16           6.118      1990656       124416
       62208           32          11.536      3981312       248832
       62208           64          22.299      7962624       497664
       62208          128          43.738     15925248       995328
       62208          256          86.702     31850496      1990656
       62208          512         172.536     63700992      3981312
       68416            1           1.166       136832         8552
       68416            2           1.478       273664        17104
       68416            4           2.270       547328        34208
       68416            8           3.673      1094656        68416
       68416           16           6.618      2189312       136832
       68416           32          12.479      4378624       273664
       68416           64          24.231      8757248       547328
       68416          128          47.690     17514496      1094656
       68416          256          94.692     35028992      2189312
       68416          512         188.681     70057984      4378624
       75200            1           1.179       150400         9400
       75200            2           1.566       300800        18800
       75200            4           2.362       601600        37600
       75200            8           3.967      1203200        75200
       75200           16           7.161      2406400       150400
       75200           32          13.569      4812800       300800
       75200           64          26.404      9625600       601600
       75200          128          52.089     19251200      1203200
       75200          256         107.779     38502400      2406400
       75200          512         206.241     77004800      4812800
       82688            1           1.201       165376        10336
       82688            2           1.719       330752        20672
       82688            4           2.685       661504        41344
       82688            8           4.258      1323008        82688
       82688           16           7.782      2646016       165376
       82688           32          14.845      5292032       330752
       82688           64          28.898     10584064       661504
       82688          128          57.059     21168128      1323008
       82688          256         113.446     42336256      2646016
       82688          512         226.045     84672512      5292032
       90944            1           1.296       181888        11368
       90944            2           1.738       363776        22736
       90944            4           2.694       727552        45472
       90944            8           4.603      1455104        90944
       90944           16           8.461      2910208       181888
       90944           32          16.168      5820416       363776
       90944           64          31.569     11640832       727552
       90944          128          62.406     23281664      1455104
       90944          256         124.035     46563328      2910208
       90944          512         247.415     93126656      5820416
      100032            1           0.925       200064        12504
      100032            2           1.812       400128        25008
      100032            4           2.889       800256        50016
      100032            8           4.987      1600512       100032
      100032           16           9.287      3201024       200064
      100032           32          17.643      6402048       400128
      100032           64          34.543     12804096       800256
      100032          128          68.325     25608192      1600512
      100032          256         135.886     51216384      3201024
      100032          512         271.001    102432768      6402048
      110016            1           1.572       220032        13752
      110016            2           1.928       440064        27504
      110016            4           3.146       880128        55008
      110016            8           5.395      1760256       110016
      110016           16          10.015      3520512       220032
      110016           32          19.278      7041024       440064
      110016           64          37.800     14082048       880128
      110016          128          74.848     28164096      1760256
      110016          256         149.010     56328192      3520512
      110016          512         297.157    112656384      7041024
      120960            1           1.627       241920        15120
      120960            2           2.054       483840        30240
      120960            4           3.343       967680        60480
      120960            8           5.858      1935360       120960
      120960           16          10.924      3870720       241920
      120960           32          21.085      7741440       483840
      120960           64          41.538     15482880       967680
      120960          128          82.020     30965760      1935360
      120960          256         163.404     61931520      3870720
      120960          512         327.040    123863040      7741440
      133056            1           1.892       266112        16632
      133056            2           2.169       532224        33264
      133056            4           3.562      1064448        66528
      133056            8           6.335      2128896       133056
      133056           16          11.898      4257792       266112
      133056           32          23.051      8515584       532224
      133056           64          45.326     17031168      1064448
      133056          128          89.916     34062336      2128896
      133056          256         179.138     68124672      4257792
      146304            1           1.874       292608        18288
      146304            2           2.318       585216        36576
      146304            4           3.870      1170432        73152
      146304            8           7.028      2340864       146304
      146304           16          13.003      4681728       292608
      146304           32          25.229      9363456       585216
      146304           64          49.699     18726912      1170432
      146304          128          98.693     37453824      2340864
      146304          256         196.424     74907648      4681728
      160896            1           1.666       321792        20112
      160896            2           2.471       643584        40224
      160896            4           4.148      1287168        80448
      160896            8           7.496      2574336       160896
      160896           16          14.258      5148672       321792
      160896           32          27.614     10297344       643584
      160896           64          57.059     20594688      1287168
      160896          128         108.121     41189376      2574336
      160896          256         215.532     82378752      5148672
      176960            1           2.141       353920        22120
      176960            2           2.646       707840        44240
      176960            4           4.489      1415680        88480
      176960            8           8.165      2831360       176960
      176960           16          15.528      5662720       353920
      176960           32          30.353     11325440       707840
      176960           64          59.726     22650880      1415680
      176960          128         118.629     45301760      2831360
      176960          256         236.421     90603520      5662720
      194624            1           2.039       389248        24328
      194624            2           2.840       778496        48656
      194624            4           4.869      1556992        97312
      194624            8           9.012      3113984       194624
      194624           16          16.962      6227968       389248
      194624           32          33.127     12455936       778496
      194624           64          65.472     24911872      1556992
      194624          128         130.141     49823744      3113984
      194624          256         259.636     99647488      6227968
      214080            1           2.469       428160        26760
      214080            2           3.049       856320        53520
      214080            4           5.277      1712640       107040
      214080            8           9.710      3425280       214080
      214080           16          18.583      6850560       428160
      214080           32          36.354     13701120       856320
      214080           64          71.853     27402240      1712640
      214080          128         142.924     54804480      3425280
      214080          256         285.093    109608960      6850560
      235456            1           2.603       470912        29432
      235456            2           3.406       941824        58864
      235456            4           5.730      1883648       117728
      235456            8          10.784      3767296       235456
      235456           16          20.355      7534592       470912
      235456           32          39.858     15069184       941824
      235456           64          78.874     30138368      1883648
      235456          128         156.863     60276736      3767296
      235456          256         312.951    120553472      7534592
      258944            1           2.263       517888        32368
      258944            2           3.591      1035776        64736
      258944            4           6.267      2071552       129472
      258944            8          11.609      4143104       258944
      258944           16          22.329      8286208       517888
      258944           32          43.749     16572416      1035776
      258944           64          86.609     33144832      2071552
      258944          128         172.301     66289664      4143104
      284800            1           3.166       569600        35600
      284800            2           3.979      1139200        71200
      284800            4           7.283      2278400       142400
      284800            8          12.949      4556800       284800
      284800           16          25.957      9113600       569600
      284800           32          51.976     18227200      1139200
      284800           64         104.134     36454400      2278400
      284800          128         208.562     72908800      4556800
      313280            1           3.031       626560        39160
      313280            2           4.402      1253120        78320
      313280            4           8.122      2506240       156640
      313280            8          15.231      5012480       313280
      313280           16          29.337     10024960       626560
      313280           32          58.338     20049920      1253120
      313280           64         116.284     40099840      2506240
      313280          128         232.643     80199680      5012480
      344576            1           3.829       689152        43072
      344576            2           4.747      1378304        86144
      344576            4           8.926      2756608       172288
      344576            8          16.737      5513216       344576
      344576           16          32.579     11026432       689152
      344576           32         113.590     22052864      1378304
      344576           64         127.796     44105728      2756608
      344576          128         255.690     88211456      5513216
      379008            1           4.539       758016        47376
      379008            2           5.172      1516032        94752
      379008            4           9.493      3032064       189504
      379008            8          18.434      6064128       379008
      379008           16          35.683     12128256       758016
      379008           32          70.822     24256512      1516032
      379008           64         140.479     48513024      3032064
      379008          128         280.479     97026048      6064128
      416896            1           4.192       833792        52112
      416896            2           5.614      1667584       104224
      416896            4          10.416      3335168       208448
      416896            8          20.026      6670336       416896
      416896           16          39.139     13340672       833792
      416896           32          77.643     26681344      1667584
      416896           64         154.447     53362688      3335168
      416896          128         308.386    106725376      6670336
      458560            1           4.911       917120        57320
      458560            2           6.107      1834240       114640
      458560            4          11.355      3668480       229280
      458560            8          21.888      7336960       458560
      458560           16          43.056     14673920       917120
      458560           32          84.811     29347840      1834240
      458560           64         169.631     58695680      3668480
      458560          128         339.459    117391360      7336960
      504384            1           5.871      1008768        63048
      504384            2           6.603      2017536       126096
      504384            4          12.381      4035072       252192
      504384            8          23.944      8070144       504384
      504384           16          47.089     16140288      1008768
      504384           32          93.368     32280576      2017536
      504384           64         186.435     64561152      4035072
      554816            1           6.557      1109632        69352
      554816            2           7.187      2219264       138704
      554816            4          13.558      4438528       277408
      554816            8          26.289      8877056       554816
      554816           16          51.850     17754112      1109632
      554816           32         102.983     35508224      2219264
      554816           64         204.945     71016448      4438528
      610240            1           7.031      1220480        76280
      610240            2           7.866      2440960       152560
      610240            4          14.856      4881920       305120
      610240            8          29.047      9763840       610240
      610240           16          57.033     19527680      1220480
      610240           32         113.178     39055360      2440960
      610240           64         225.601     78110720      4881920
      671232            1           7.756      1342464        83904
      671232            2           8.581      2684928       167808
      671232            4          16.386      5369856       335616
      671232            8          31.745     10739712       671232
      671232           16          62.753     21479424      1342464
      671232           32         124.562     42958848      2684928
      671232           64         250.810     85917696      5369856
      738304            1           8.195      1476608        92288
      738304            2           9.275      2953216       184576
      738304            4          17.918      5906432       369152
      738304            8          34.725     11812864       738304
      738304           16          68.592     23625728      1476608
      738304           32         136.231     47251456      2953216
      738304           64         272.074     94502912      5906432
      812096            1           9.073      1624192       101512
      812096            2          10.128      3248384       203024
      812096            4          19.575      6496768       406048
      812096            8          38.226     12993536       812096
      812096           16          75.569     25987072      1624192
      812096           32         150.376     51974144      3248384
      812096           64         299.986    103948288      6496768
      893248            1          10.335      1786496       111656
      893248            2          11.133      3572992       223312
      893248            4          21.310      7145984       446624
      893248            8          41.852     14291968       893248
      893248           16          82.893     28583936      1786496
      893248           32         165.044     57167872      3572992
      893248           64         328.732    114335744      7145984
      982528            1          11.651      1965056       122816
      982528            2          12.131      3930112       245632
      982528            4          23.390      7860224       491264
      982528            8          45.995     15720448       982528
      982528           16          91.007     31440896      1965056
      982528           32         181.373     62881792      3930112
     1080768            1          12.286      2161536       135096
     1080768            2          13.231      4323072       270192
     1080768            4          25.633      8646144       540384
     1080768            8          50.528     17292288      1080768
     1080768           16         100.175     34584576      2161536
     1080768           32         200.396     69169152      4323072
     1188800            1          13.897      2377600       148600
     1188800            2          14.530      4755200       297200
     1188800            4          28.168      9510400       594400
     1188800            8          55.533     19020800      1188800
     1188800           16         111.033     38041600      2377600
     1188800           32         221.408     76083200      4755200
     1307648            1          15.244      2615296       163456
     1307648            2          16.041      5230592       326912
     1307648            4          30.938     10461184       653824
     1307648            8          60.772     20922368      1307648
     1307648           16         121.642     41844736      2615296
     1307648           32         243.037     83689472      5230592
     1438400            1          16.835      2876800       179800
     1438400            2          18.434      5753600       359600
     1438400            4          35.736     11507200       719200
     1438400            8          70.721     23014400      1438400
     1438400           16         143.522     46028800      2876800
     1438400           32         278.045     92057600      5753600
     1582208            1          18.346      3164416       197776
     1582208            2          20.428      6328832       395552
     1582208            4          39.779     12657664       791104
     1582208            8          78.293     25315328      1582208
     1582208           16         155.428     50630656      3164416
     1582208           32         308.502    101261312      6328832
     1740416            1          20.310      3480832       217552
     1740416            2          23.819      6961664       435104
     1740416            4          46.656     13923328       870208
     1740416            8          91.815     27846656      1740416
     1740416           16         182.518     55693312      3480832
     1740416           32         363.649    111386624      6961664
     1914432            1          23.145      3828864       239304
     1914432            2          26.405      7657728       478608
     1914432            4          51.540     15315456       957216
     1914432            8         102.050     30630912      1914432
     1914432           16         204.137     61261824      3828864
     1914432           32         407.682    122523648      7657728
     2105856            1          25.071      4211712       263232
     2105856            2          30.547      8423424       526464
     2105856            4          59.878     16846848      1052928
     2105856            8         119.190     33693696      2105856
     2105856           16         236.700     67387392      4211712
     2316416            1          28.343      4632832       289552
     2316416            2          34.762      9265664       579104
     2316416            4          68.512     18531328      1158208
     2316416            8         135.584     37062656      2316416
     2316416           16         270.832     74125312      4632832
     2548032            1          32.380      5096064       318504
     2548032            2          38.113     10192128       637008
     2548032            4          76.550     20384256      1274016
     2548032            8         152.710     40768512      2548032
     2548032           16         310.839     81537024      5096064
     2802816            1          35.811      5605632       350352
     2802816            2          44.197     11211264       700704
     2802816            4          88.433     22422528      1401408
     2802816            8         176.809     44845056      2802816
     2802816           16         353.371     89690112      5605632
     3083072            1          40.754      6166144       385384
     3083072            2          49.632     12332288       770768
     3083072            4          99.598     24664576      1541536
     3083072            8         199.517     49329152      3083072
     3083072           16         398.423     98658304      6166144
     3391360            1          45.543      6782720       423920
     3391360            2          55.731     13565440       847840
     3391360            4         110.843     27130880      1695680
     3391360            8         220.676     54261760      3391360
     3391360           16         440.783    108523520      6782720
     3730496            1          50.856      7460992       466312
     3730496            2          61.581     14921984       932624
     3730496            4         121.994     29843968      1865248
     3730496            8         243.246     59687936      3730496
     3730496           16         485.076    119375872      7460992
     4103488            1          56.541      8206976       512936
     4103488            2          67.375     16413952      1025872
     4103488            4         134.088     32827904      2051744
     4103488            8         270.709     65655808      4103488
     4513792            1          63.302      9027584       564224
     4513792            2          74.178     18055168      1128448
     4513792            4         147.665     36110336      2256896
     4513792            8         294.055     72220672      4513792
     4965120            1          68.818      9930240       620640
     4965120            2          81.517     19860480      1241280
     4965120            4         162.247     39720960      2482560
     4965120            8         322.682     79441920      4965120
     5461632            1          75.804     10923264       682704
     5461632            2          89.639     21846528      1365408
     5461632            4         177.672     43693056      2730816
     5461632            8         355.739     87386112      5461632
     6007744            1          83.100     12015488       750968
     6007744            2          98.318     24030976      1501936
     6007744            4         195.881     48061952      3003872
     6007744            8         390.377     96123904      6007744
     6608512            1          92.656     13217024       826064
     6608512            2         107.415     26434048      1652128
     6608512            4         215.101     52868096      3304256
     6608512            8         429.219    105736192      6608512
     7269312            1         100.809     14538624       908664
     7269312            2         118.739     29077248      1817328
     7269312            4         242.402     58154496      3634656
     7269312            8         472.236    116308992      7269312
     7996224            1         111.771     15992448       999528
     7996224            2         130.469     31984896      1999056
     7996224            4         259.805     63969792      3998112
     8795840            1         122.209     17591680      1099480
     8795840            2         143.506     35183360      2198960
     8795840            4         286.033     70366720      4397920
     9675392            1         135.284     19350784      1209424
     9675392            2         157.859     38701568      2418848
     9675392            4         314.238     77403136      4837696
    10642880            1         148.690     21285760      1330360
    10642880            2         172.972     42571520      2660720
    10642880            4         346.449     85143040      5321440
    11707136            1         165.270     23414272      1463392
    11707136            2         190.850     46828544      2926784
    11707136            4         380.729     93657088      5853568
    12877824            1         180.575     25755648      1609728
    12877824            2         219.283     51511296      3219456
    12877824            4         418.590    103022592      6438912
    14165568            1         199.413     28331136      1770696
    14165568            2         235.104     56662272      3541392
    14165568            4         469.235    113324544      7082784
    15582080            1         222.123     31164160      1947760
    15582080            2         266.761     62328320      3895520
    15582080            4         532.025    124656640      7791040
    17140288            1         249.340     34280576      2142536
    17140288            2         340.184     68561152      4285072
    18854272            1         293.114     37708544      2356784
    18854272            2         544.759     75417088      4713568
    20739648            1         432.848     41479296      2592456
    20739648            2         949.865     82958592      5184912
    22813568            1         637.050     45627136      2851696
    22813568            2        1625.763     91254272      5703392
    25094912            1        1197.877     50189824      3136864
    25094912            2        2437.376    100379648      6273728
    27604352            1        1441.454     55208704      3450544
    27604352            2        3377.778    110417408      6901088
    30364736            1        1889.958     60729472      3795592
    30364736            2        4294.766    121458944      7591184
    33401152            1        2435.092     66802304      4175144
    36741248            1        2778.010     73482496      4592656
    40415360            1        3167.206     80830720      5051920
    44456896            1        3497.817     88913792      5557112
    48902528            1        3952.695     97805056      6112816
    53792768            1        4265.421    107585536      6724096
    59172032            1        4769.587    118344064      7396504

META_DATA
MPI_PROCS      1
OPENMP_THREADS 8
FLOPS          1
ERT_VERSION  1.0.0
TIMESTAMP_DATA  1594866800.96
HOSTNAME  ('apollo-PowerEdge-R430', [], ['127.0.1.1'])
UNAME  ('Linux', 'apollo-PowerEdge-R430', '4.19.129-0419129-generic', '#202006220433 SMP Mon Jun 22 09:12:54 UTC 2020', 'x86_64', 'x86_64')
CONFIG  {'ERT_WORKING_SET_MIN': ['1'], 'ERT_CFLAGS': ['-O3'], 'ERT_CC': ['gcc'], 'ERT_MPI_CFLAGS': [], 'ERT_MPI_LDFLAGS': [], 'ERT_MEMORY_MAX': ['62497788'], 'ERT_PROCS_THREADS': ['8'], 'ERT_LDFLAGS': [], 'ERT_LDLIBS': [], 'ERT_SPEC_GBYTES_DRAM': ['1.0'], 'ERT_RUN': ['export', 'KMP_AFFINITY=scatter;', 'export', 'OMP_NUM_THREADS=ERT_OPENMP_THREADS;', 'ERT_CODE'], 'ERT_FLOPS': ['1,2,4,8,16'], 'ERT_OPENMP_CFLAGS': ['-fopenmp'], 'ERT_SPEC_GFLOPS': ['1.0'], 'ERT_MPI': ['False'], 'ERT_TRIALS_MIN': ['1'], 'ERT_DRIVER': ['driver1'], 'ERT_RESULTS': ['Results.x86'], 'ERT_OPENMP': ['True'], 'ERT_MPI_PROCS': ['1'], 'ERT_KERNEL': ['kernel1'], 'ERT_OPENMP_THREADS': ['1-32'], 'ERT_LD': ['gcc'], 'ERT_NUM_EXPERIMENTS': ['6'], 'ERT_OPENMP_LDFLAGS': ['-fopenmp'], 'ERT_ALIGN': ['32'], 'ERT_GNUPLOT': ['gnuplot']}
