          64            1           1.615          128            8
          64            2           0.764          256           16
          64            4           0.769          512           32
          64            8           0.786         1024           64
          64           16           0.761         2048          128
          64           32           0.881         4096          256
          64           64           0.938         8192          512
          64          128           1.189        16384         1024
          64          256           1.695        32768         2048
          64          512           2.690        65536         4096
          64         1024           4.696       131072         8192
          64         2048           8.558       262144        16384
          64         4096          17.516       524288        32768
          64         8192          34.838      1048576        65536
          64        16384          69.999      2097152       131072
          64        32768         140.243      4194304       262144
          64        65536         280.861      8388608       524288
          64       131072         562.150     16777216      1048576
          64       262144        1131.957     33554432      2097152
          64       524288        2249.351     67108864      4194304
         128            1           0.779          256           16
         128            2           0.743          512           32
         128            4           0.748         1024           64
         128            8           0.878         2048          128
         128           16           0.787         4096          256
         128           32           0.819         8192          512
         128           64           0.943        16384         1024
         128          128           1.202        32768         2048
         128          256           1.695        65536         4096
         128          512           2.701       131072         8192
         128         1024           4.709       262144        16384
         128         2048           8.570       524288        32768
         128         4096          17.383      1048576        65536
         128         8192          34.761      2097152       131072
         128        16384          70.137      4194304       262144
         128        32768         140.257      8388608       524288
         128        65536         280.878     16777216      1048576
         128       131072         562.097     33554432      2097152
         128       262144        1128.306     67108864      4194304
         192            1           0.742          384           24
         192            2           0.885          768           48
         192            4           0.758         1536           96
         192            8           0.764         3072          192
         192           16           0.803         6144          384
         192           32           0.830        12288          768
         192           64           0.967        24576         1536
         192          128           1.359        49152         3072
         192          256           1.710        98304         6144
         192          512           2.712       196608        12288
         192         1024           4.718       393216        24576
         192         2048           8.516       786432        49152
         192         4096          17.214      1572864        98304
         192         8192          34.783      3145728       196608
         192        16384          69.953      6291456       393216
         192        32768         140.267     12582912       786432
         192        65536         280.851     25165824      1572864
         192       131072         562.077     50331648      3145728
         192       262144        1124.519    100663296      6291456
         256            1           0.753          512           32
         256            2           0.770         1024           64
         256            4           0.934         2048          128
         256            8           0.792         4096          256
         256           16           0.806         8192          512
         256           32           0.862        16384         1024
         256           64           1.007        32768         2048
         256          128           1.310        65536         4096
         256          256           1.732       131072         8192
         256          512           2.884       262144        16384
         256         1024           4.719       524288        32768
         256         2048           8.517      1048576        65536
         256         4096          17.605      2097152       131072
         256         8192          34.926      4194304       262144
         256        16384          69.987      8388608       524288
         256        32768         140.307     16777216      1048576
         256        65536         280.901     33554432      2097152
         256       131072         566.404     67108864      4194304
         320            1           0.743          640           40
         320            2           0.873         1280           80
         320            4           0.778         2560          160
         320            8           0.775         5120          320
         320           16           0.799        10240          640
         320           32           0.918        20480         1280
         320           64           1.063        40960         2560
         320          128           1.275        81920         5120
         320          256           1.738       163840        10240
         320          512           2.635       327680        20480
         320         1024           4.843       655360        40960
         320         2048           8.558      1310720        81920
         320         4096          17.350      2621440       163840
         320         8192          34.879      5242880       327680
         320        16384          79.192     10485760       655360
         320        32768         129.277     20971520      1310720
         320        65536         256.623     41943040      2621440
         320       131072         514.377     83886080      5242880
         384            1           0.789          768           48
         384            2           0.849         1536           96
         384            4           0.805         3072          192
         384            8           0.868         6144          384
         384           16           0.832        12288          768
         384           32           0.907        24576         1536
         384           64           1.074        49152         3072
         384          128           1.365        98304         6144
         384          256           1.857       196608        12288
         384          512           2.852       393216        24576
         384         1024           4.880       786432        49152
         384         2048           8.820      1572864        98304
         384         4096          16.897      3145728       196608
         384         8192          32.007      6291456       393216
         384        16384          64.920     12582912       786432
         384        32768         129.215     25165824      1572864
         384        65536         257.539     50331648      3145728
         384       131072         514.296    100663296      6291456
         448            1           0.738          896           56
         448            2           0.748         1792          112
         448            4           0.763         3584          224
         448            8           0.770         7168          448
         448           16           0.828        14336          896
         448           32           0.928        28672         1792
         448           64           1.067        57344         3584
         448          128           1.350       114688         7168
         448          256           1.993       229376        14336
         448          512           3.066       458752        28672
         448         1024           5.224       917504        57344
         448         2048           9.653      1835008       114688
         448         4096          18.612      3670016       229376
         448         8192          36.486      7340032       458752
         448        16384          72.159     14680064       917504
         448        32768         143.420     29360128      1835008
         448        65536         286.055     58720256      3670016
         448       131072         571.339    117440512      7340032
         512            1           0.777         1024           64
         512            2           0.758         2048          128
         512            4           0.876         4096          256
         512            8           0.801         8192          512
         512           16           0.824        16384         1024
         512           32           0.913        32768         2048
         512           64           1.125        65536         4096
         512          128           1.435       131072         8192
         512          256           1.980       262144        16384
         512          512           3.094       524288        32768
         512         1024           5.242      1048576        65536
         512         2048           9.803      2097152       131072
         512         4096          18.620      4194304       262144
         512         8192          36.510      8388608       524288
         512        16384          72.138     16777216      1048576
         512        32768         143.544     33554432      2097152
         512        65536         291.146     67108864      4194304
         576            1           0.748         1152           72
         576            2           0.906         2304          144
         576            4           0.783         4608          288
         576            8           0.804         9216          576
         576           16           0.840        18432         1152
         576           32           1.012        36864         2304
         576           64           1.193        73728         4608
         576          128           1.506       147456         9216
         576          256           2.118       294912        18432
         576          512           3.344       589824        36864
         576         1024           5.783      1179648        73728
         576         2048          10.698      2359296       147456
         576         4096          20.506      4718592       294912
         576         8192          40.130      9437184       589824
         576        16384          79.332     18874368      1179648
         576        32768         157.792     37748736      2359296
         576        65536         314.696     75497472      4718592
         640            1           0.755         1280           80
         640            2           0.757         2560          160
         640            4           0.772         5120          320
         640            8           0.805        10240          640
         640           16           0.837        20480         1280
         640           32           0.928        40960         2560
         640           64           1.124        81920         5120
         640          128           1.516       163840        10240
         640          256           2.299       327680        20480
         640          512           3.882       655360        40960
         640         1024           7.006      1310720        81920
         640         2048          13.343      2621440       163840
         640         4096          25.814      5242880       327680
         640         8192          50.753     10485760       655360
         640        16384         100.699     20971520      1310720
         640        32768         200.554     41943040      2621440
         640        65536         400.234     83886080      5242880
         704            1           0.748         1408           88
         704            2           0.823         2816          176
         704            4           0.785         5632          352
         704            8           0.793        11264          704
         704           16           1.020        22528         1408
         704           32           0.969        45056         2816
         704           64           1.159        90112         5632
         704          128           1.633       180224        11264
         704          256           2.521       360448        22528
         704          512           4.483       720896        45056
         704         1024           7.880      1441792        90112
         704         2048          15.130      2883584       180224
         704         4096          29.434      5767168       360448
         704         8192          57.905     11534336       720896
         704        16384         114.932     23068672      1441792
         704        32768         229.097     46137344      2883584
         704        65536         457.445     92274688      5767168
         768            1           0.758         1536           96
         768            2           0.765         3072          192
         768            4           0.781         6144          384
         768            8           0.786        12288          768
         768           16           0.851        24576         1536
         768           32           0.956        49152         3072
         768           64           1.176        98304         6144
         768          128           1.629       196608        12288
         768          256           2.529       393216        24576
         768          512           4.319       786432        49152
         768         1024           7.876      1572864        98304
         768         2048          15.118      3145728       196608
         768         4096          29.391      6291456       393216
         768         8192          57.914     12582912       786432
         768        16384         114.993     25165824      1572864
         768        32768         229.073     50331648      3145728
         768        65536         457.296    100663296      6291456
         832            1           0.741         1664          104
         832            2           0.762         3328          208
         832            4           0.786         6656          416
         832            8           0.808        13312          832
         832           16           0.849        26624         1664
         832           32           1.003        53248         3328
         832           64           1.239       106496         6656
         832          128           1.772       212992        13312
         832          256           2.773       425984        26624
         832          512           4.805       851968        53248
         832         1024           8.804      1703936       106496
         832         2048          16.909      3407872       212992
         832         4096          32.955      6815744       425984
         832         8192          65.029     13631488       851968
         832        16384         129.244     27262976      1703936
         832        32768         262.075     54525952      3407872
         832        65536         514.433    109051904      6815744
         896            1           0.756         1792          112
         896            2           0.773         3584          224
         896            4           0.767         7168          448
         896            8           0.793        14336          896
         896           16           0.861        28672         1792
         896           32           1.186        57344         3584
         896           64           1.247       114688         7168
         896          128           1.752       229376        14336
         896          256           2.829       458752        28672
         896          512           4.799       917504        57344
         896         1024           8.773      1835008       114688
         896         2048          17.014      3670016       229376
         896         4096          32.978      7340032       458752
         896         8192          65.180     14680064       917504
         896        16384         129.255     29360128      1835008
         896        32768         257.768     58720256      3670016
         896        65536         514.373    117440512      7340032
         960            1           0.731         1920          120
         960            2           0.765         3840          240
         960            4           0.764         7680          480
         960            8           0.805        15360          960
         960           16           0.862        30720         1920
         960           32           1.018        61440         3840
         960           64           1.317       122880         7680
         960          128           1.873       245760        15360
         960          256           2.978       491520        30720
         960          512           5.245       983040        61440
         960         1024           9.694      1966080       122880
         960         2048          18.699      3932160       245760
         960         4096          36.524      7864320       491520
         960         8192          72.192     15728640       983040
         960        16384         143.503     31457280      1966080
         960        32768         286.152     62914560      3932160
        1024            1           0.754         2048          128
        1024            2           0.762         4096          256
        1024            4           0.765         8192          512
        1024            8           0.822        16384         1024
        1024           16           1.017        32768         2048
        1024           32           1.016        65536         4096
        1024           64           1.280       131072         8192
        1024          128           1.840       262144        16384
        1024          256           2.955       524288        32768
        1024          512           5.245      1048576        65536
        1024         1024           9.777      2097152       131072
        1024         2048          18.683      4194304       262144
        1024         4096          36.514      8388608       524288
        1024         8192          72.207     16777216      1048576
        1024        16384         143.488     33554432      2097152
        1024        32768         286.123     67108864      4194304
        1088            1           0.740         2176          136
        1088            2           0.864         4352          272
        1088            4           0.921         8704          544
        1088            8           0.814        17408         1088
        1088           16           0.901        34816         2176
        1088           32           1.040        69632         4352
        1088           64           1.359       139264         8704
        1088          128           2.081       278528        17408
        1088          256           3.212       557056        34816
        1088          512           5.693      1114112        69632
        1088         1024          10.695      2228224       139264
        1088         2048          20.585      4456448       278528
        1088         4096          40.176      8912896       557056
        1088         8192          79.388     17825792      1114112
        1088        16384         157.770     35651584      2228224
        1088        32768         314.798     71303168      4456448
        1152            1           0.741         2304          144
        1152            2           0.758         4608          288
        1152            4           1.009         9216          576
        1152            8           0.838        18432         1152
        1152           16           0.875        36864         2304
        1152           32           1.041        73728         4608
        1152           64           1.333       147456         9216
        1152          128           1.951       294912        18432
        1152          256           3.179       589824        36864
        1152          512           5.648      1179648        73728
        1152         1024          10.556      2359296       147456
        1152         2048          20.454      4718592       294912
        1152         4096          40.069      9437184       589824
        1152         8192          79.308     18874368      1179648
        1152        16384         157.910     37748736      2359296
        1152        32768         329.186     75497472      4718592
        1216            1           0.736         2432          152
        1216            2           0.758         4864          304
        1216            4           0.930         9728          608
        1216            8           0.855        19456         1216
        1216           16           0.894        38912         2432
        1216           32           1.199        77824         4864
        1216           64           1.430       155648         9728
        1216          128           2.069       311296        19456
        1216          256           3.437       622592        38912
        1216          512           6.118      1245184        77824
        1216         1024          11.442      2490368       155648
        1216         2048          22.232      4980736       311296
        1216         4096          43.762      9961472       622592
        1216         8192          86.443     19922944      1245184
        1216        16384         172.016     39845888      2490368
        1216        32768         343.148     79691776      4980736
        1280            1           0.802         2560          160
        1280            2           0.811         5120          320
        1280            4           0.838        10240          640
        1280            8           0.836        20480         1280
        1280           16           0.965        40960         2560
        1280           32           1.081        81920         5120
        1280           64           1.413       163840        10240
        1280          128           2.122       327680        20480
        1280          256           3.412       655360        40960
        1280          512           6.113      1310720        81920
        1280         1024          11.708      2621440       163840
        1280         2048          22.269      5242880       327680
        1280         4096          43.647     10485760       655360
        1280         8192          86.444     20971520      1310720
        1280        16384         172.023     41943040      2621440
        1280        32768         343.195     83886080      5242880
        1408            1           0.730         2816          176
        1408            2           0.767         5632          352
        1408            4           0.823        11264          704
        1408            8           0.840        22528         1408
        1408           16           0.918        45056         2816
        1408           32           1.080        90112         5632
        1408           64           1.466       180224        11264
        1408          128           2.174       360448        22528
        1408          256           3.642       720896        45056
        1408          512           6.529      1441792        90112
        1408         1024          12.423      2883584       180224
        1408         2048          24.021      5767168       360448
        1408         4096          47.192     11534336       720896
        1408         8192          93.546     23068672      1441792
        1408        16384         186.261     46137344      2883584
        1408        32768         371.715     92274688      5767168
        1536            1           0.762         3072          192
        1536            2           0.778         6144          384
        1536            4           0.803        12288          768
        1536            8           0.835        24576         1536
        1536           16           1.049        49152         3072
        1536           32           1.182        98304         6144
        1536           64           1.530       196608        12288
        1536          128           2.307       393216        24576
        1536          256           3.874       786432        49152
        1536          512           6.973      1572864        98304
        1536         1024          13.319      3145728       196608
        1536         2048          25.833      6291456       393216
        1536         4096          50.782     12582912       786432
        1536         8192         100.716     25165824      1572864
        1536        16384         200.561     50331648      3145728
        1536        32768         400.249    100663296      6291456
        1664            1           0.743         3328          208
        1664            2           0.770         6656          416
        1664            4           0.834        13312          832
        1664            8           0.855        26624         1664
        1664           16           0.927        53248         3328
        1664           32           1.141       106496         6656
        1664           64           1.549       212992        13312
        1664          128           2.395       425984        26624
        1664          256           4.072       851968        53248
        1664          512           7.424      1703936       106496
        1664         1024          14.204      3407872       212992
        1664         2048          27.583      6815744       425984
        1664         4096          54.311     13631488       851968
        1664         8192         107.815     27262976      1703936
        1664        16384         214.781     54525952      3407872
        1664        32768         440.344    109051904      6815744
        1792            1           0.754         3584          224
        1792            2           0.805         7168          448
        1792            4           0.829        14336          896
        1792            8           0.844        28672         1792
        1792           16           0.979        57344         3584
        1792           32           1.165       114688         7168
        1792           64           1.642       229376        14336
        1792          128           2.497       458752        28672
        1792          256           4.290       917504        57344
        1792          512           7.860      1835008       114688
        1792         1024          15.082      3670016       229376
        1792         2048          29.468      7340032       458752
        1792         4096          57.996     14680064       917504
        1792         8192         114.992     29360128      1835008
        1792        16384         229.037     58720256      3670016
        1792        32768         457.261    117440512      7340032
        1920            1           0.753         3840          240
        1920            2           0.817         7680          480
        1920            4           0.853        15360          960
        1920            8           0.835        30720         1920
        1920           16           0.953        61440         3840
        1920           32           1.188       122880         7680
        1920           64           1.690       245760        15360
        1920          128           2.602       491520        30720
        1920          256           4.521       983040        61440
        1920          512           8.310      1966080       122880
        1920         1024          16.115      3932160       245760
        1920         2048          31.139      7864320       491520
        1920         4096          61.459     15728640       983040
        1920         8192         122.116     31457280      1966080
        1920        16384         243.319     62914560      3932160
        2112            1           0.777         4224          264
        2112            2           0.817         8448          528
        2112            4           0.841        16896         1056
        2112            8           0.862        33792         2112
        2112           16           0.995        67584         4224
        2112           32           1.240       135168         8448
        2112           64           1.770       270336        16896
        2112          128           2.820       540672        33792
        2112          256           4.970      1081344        67584
        2112          512           9.307      2162688       135168
        2112         1024          17.794      4325376       270336
        2112         2048          34.696      8650752       540672
        2112         4096          68.584     17301504      1081344
        2112         8192         136.335     34603008      2162688
        2112        16384         271.829     69206016      4325376
        2304            1           0.758         4608          288
        2304            2           0.795         9216          576
        2304            4           0.811        18432         1152
        2304            8           0.871        36864         2304
        2304           16           1.017        73728         4608
        2304           32           1.272       147456         9216
        2304           64           1.829       294912        18432
        2304          128           2.952       589824        36864
        2304          256           5.183      1179648        73728
        2304          512           9.647      2359296       147456
        2304         1024          18.670      4718592       294912
        2304         2048          36.491      9437184       589824
        2304         4096          72.145     18874368      1179648
        2304         8192         143.462     37748736      2359296
        2304        16384         286.112     75497472      4718592
        2496            1           0.760         4992          312
        2496            2           0.907         9984          624
        2496            4           0.868        19968         1248
        2496            8           0.892        39936         2496
        2496           16           1.044        79872         4992
        2496           32           1.317       159744         9984
        2496           64           1.948       319488        19968
        2496          128           3.208       638976        39936
        2496          256           5.635      1277952        79872
        2496          512          10.558      2555904       159744
        2496         1024          20.497      5111808       319488
        2496         2048          40.054     10223616       638976
        2496         4096          79.268     20447232      1277952
        2496         8192         157.887     40894464      2555904
        2496        16384         314.622     81788928      5111808
        2688            1           0.770         5376          336
        2688            2           0.801        10752          672
        2688            4           0.835        21504         1344
        2688            8           0.914        43008         2688
        2688           16           1.050        86016         5376
        2688           32           1.347       172032        10752
        2688           64           2.131       344064        21504
        2688          128           3.286       688128        43008
        2688          256           5.851      1376256        86016
        2688          512          10.977      2752512       172032
        2688         1024          21.369      5505024       344064
        2688         2048          41.845     11010048       688128
        2688         4096          82.842     22020096      1376256
        2688         8192         164.858     44040192      2752512
        2688        16384         335.293     88080384      5505024
        2944            1           0.755         5888          368
        2944            2           0.812        11776          736
        2944            4           0.950        23552         1472
        2944            8           1.051        47104         2944
        2944           16           1.111        94208         5888
        2944           32           1.526       188416        11776
        2944           64           2.116       376832        23552
        2944          128           3.544       753664        47104
        2944          256           6.307      1507328        94208
        2944          512          12.058      3014656       188416
        2944         1024          23.233      6029312       376832
        2944         2048          45.534     12058624       753664
        2944         4096          89.990     24117248      1507328
        2944         8192         179.133     48234496      3014656
        2944        16384         357.417     96468992      6029312
        3200            1           0.775         6400          400
        3200            2           0.947        12800          800
        3200            4           0.847        25600         1600
        3200            8           1.025        51200         3200
        3200           16           1.228       102400         6400
        3200           32           1.485       204800        12800
        3200           64           2.361       409600        25600
        3200          128           3.727       819200        51200
        3200          256           6.851      1638400       102400
        3200          512          12.955      3276800       204800
        3200         1024          24.923      6553600       409600
        3200         2048          48.983     13107200       819200
        3200         4096          97.101     26214400      1638400
        3200         8192         193.503     52428800      3276800
        3200        16384         385.946    104857600      6553600
        3520            1           0.767         7040          440
        3520            2           0.811        14080          880
        3520            4           0.871        28160         1760
        3520            8           0.924        56320         3520
        3520           16           1.150       112640         7040
        3520           32           1.544       225280        14080
        3520           64           2.387       450560        28160
        3520          128           4.060       901120        56320
        3520          256           7.427      1802240       112640
        3520          512          14.205      3604480       225280
        3520         1024          27.551      7208960       450560
        3520         2048          54.321     14417920       901120
        3520         4096         107.791     28835840      1802240
        3520         8192         214.782     57671680      3604480
        3520        16384         428.722    115343360      7208960
        3840            1           0.761         7680          480
        3840            2           0.818        15360          960
        3840            4           0.851        30720         1920
        3840            8           0.954        61440         3840
        3840           16           1.165       122880         7680
        3840           32           1.599       245760        15360
        3840           64           2.504       491520        30720
        3840          128           4.288       983040        61440
        3840          256           7.852      1966080       122880
        3840          512          15.096      3932160       245760
        3840         1024          29.354      7864320       491520
        3840         2048          57.890     15728640       983040
        3840         4096         114.940     31457280      1966080
        3840         8192         229.065     62914560      3932160
        4224            1           0.824         8448          528
        4224            2           0.870        16896         1056
        4224            4           0.971        33792         2112
        4224            8           1.025        67584         4224
        4224           16           1.315       135168         8448
        4224           32           1.909       270336        16896
        4224           64           3.115       540672        33792
        4224          128           5.732      1081344        67584
        4224          256          10.485      2162688       135168
        4224          512          20.280      4325376       270336
        4224         1024          39.612      8650752       540672
        4224         2048          78.241     17301504      1081344
        4224         4096         155.644     34603008      2162688
        4224         8192         310.196     69206016      4325376
        4608            1           0.774         9216          576
        4608            2           0.805        18432         1152
        4608            4           0.888        36864         2304
        4608            8           1.021        73728         4608
        4608           16           1.266       147456         9216
        4608           32           1.799       294912        18432
        4608           64           2.845       589824        36864
        4608          128           4.971      1179648        73728
        4608          256           9.205      2359296       147456
        4608          512          17.785      4718592       294912
        4608         1024          34.713      9437184       589824
        4608         2048          74.252     18874368      1179648
        4608         4096         136.333     37748736      2359296
        4608         8192         271.856     75497472      4718592
        5056            1           0.787        10112          632
        5056            2           0.831        20224         1264
        5056            4           0.911        40448         2528
        5056            8           1.052        80896         5056
        5056           16           1.303       161792        10112
        5056           32           1.910       323584        20224
        5056           64           3.071       647168        40448
        5056          128           5.276      1294336        80896
        5056          256          10.901      2588672       161792
        5056          512          21.906      5177344       323584
        5056         1024          44.088     10354688       647168
        5056         2048          88.175     20709376      1294336
        5056         4096         176.801     41418752      2588672
        5056         8192         353.607     82837504      5177344
        5504            1           0.787        11008          688
        5504            2           0.813        22016         1376
        5504            4           0.922        44032         2752
        5504            8           1.082        88064         5504
        5504           16           1.446       176128        11008
        5504           32           2.169       352256        22016
        5504           64           3.657       704512        44032
        5504          128           6.609      1409024        88064
        5504          256          12.509      2818048       176128
        5504          512          24.406      5636096       352256
        5504         1024          48.032     11272192       704512
        5504         2048          95.199     22544384      1409024
        5504         4096         189.572     45088768      2818048
        5504         8192         378.300     90177536      5636096
        6016            1           0.779        12032          752
        6016            2           0.839        24064         1504
        6016            4           0.926        48128         3008
        6016            8           1.110        96256         6016
        6016           16           1.509       192512        12032
        6016           32           2.270       385024        24064
        6016           64           3.819       770048        48128
        6016          128           6.192      1540096        96256
        6016          256          13.145      3080192       192512
        6016          512          25.855      6160384       385024
        6016         1024          49.848     12320768       770048
        6016         2048          99.764     24641536      1540096
        6016         4096         199.427     49283072      3080192
        6016         8192         398.845     98566144      6160384
        6592            1           0.792        13184          824
        6592            2           0.872        26368         1648
        6592            4           0.960        52736         3296
        6592            8           1.161       105472         6592
        6592           16           1.549       210944        13184
        6592           32           2.359       421888        26368
        6592           64           3.973       843776        52736
        6592          128           6.664      1687552       105472
        6592          256          13.856      3375104       210944
        6592          512          26.967      6750208       421888
        6592         1024          53.076     13500416       843776
        6592         2048         105.311     27000832      1687552
        6592         4096         209.790     54001664      3375104
        6592         8192         418.724    108003328      6750208
        7232            1           0.772        14464          904
        7232            2           0.848        28928         1808
        7232            4           0.956        57856         3616
        7232            8           1.237       115712         7232
        7232           16           1.600       231424        14464
        7232           32           2.476       462848        28928
        7232           64           4.341       925696        57856
        7232          128           7.709      1851392       115712
        7232          256          14.686      3702784       231424
        7232          512          28.730      7405568       462848
        7232         1024          56.649     14811136       925696
        7232         2048         112.460     29622272      1851392
        7232         4096         232.731     59244544      3702784
        7232         8192         447.315    118489088      7405568
        7936            1           0.789        15872          992
        7936            2           1.035        31744         1984
        7936            4           0.963        63488         3968
        7936            8           1.195       126976         7936
        7936           16           1.653       253952        15872
        7936           32           2.588       507904        31744
        7936           64           4.464      1015808        63488
        7936          128           8.186      2031616       126976
        7936          256          15.768      4063232       253952
        7936          512          30.702      8126464       507904
        7936         1024          60.703     16252928      1015808
        7936         2048         120.309     32505856      2031616
        7936         4096         239.758     65011712      4063232
        8704            1           0.795        17408         1088
        8704            2           0.867        34816         2176
        8704            4           1.005        69632         4352
        8704            8           1.222       139264         8704
        8704           16           1.720       278528        17408
        8704           32           2.712       557056        34816
        8704           64           4.716      1114112        69632
        8704          128           8.715      2228224       139264
        8704          256          16.697      4456448       278528
        8704          512          32.898      8912896       557056
        8704         1024          64.747     17825792      1114112
        8704         2048         128.636     35651584      2228224
        8704         4096         256.567     71303168      4456448
        9536            1           0.844        19072         1192
        9536            2           0.879        38144         2384
        9536            4           1.045        76288         4768
        9536            8           1.256       152576         9536
        9536           16           1.793       305152        19072
        9536           32           2.839       610304        38144
        9536           64           4.968      1220608        76288
        9536          128           9.220      2441216       152576
        9536          256          17.815      4882432       305152
        9536          512          34.796      9764864       610304
        9536         1024          68.743     19529728      1220608
        9536         2048         136.632     39059456      2441216
        9536         4096         272.212     78118912      4882432
       10432            1           0.813        20864         1304
       10432            2           0.858        41728         2608
       10432            4           1.048        83456         5216
       10432            8           1.289       166912        10432
       10432           16           1.865       333824        20864
       10432           32           3.027       667648        41728
       10432           64           5.360      1335296        83456
       10432          128           9.784      2670592       166912
       10432          256          18.816      5341184       333824
       10432          512          37.168     10682368       667648
       10432         1024          73.360     21364736      1335296
       10432         2048         145.547     42729472      2670592
       10432         4096         290.472     85458944      5341184
       11456            1           0.808        22912         1432
       11456            2           1.020        45824         2864
       11456            4           1.151        91648         5728
       11456            8           1.333       183296        11456
       11456           16           1.939       366592        22912
       11456           32           3.148       733184        45824
       11456           64           5.799      1466368        91648
       11456          128          10.494      2932736       183296
       11456          256          20.256      5865472       366592
       11456          512          39.870     11730944       733184
       11456         1024          78.922     23461888      1466368
       11456         2048         157.010     46923776      2932736
       11456         4096         313.187     93847552      5865472
       12544            1           0.838        25088         1568
       12544            2           0.898        50176         3136
       12544            4           1.117       100352         6272
       12544            8           1.373       200704        12544
       12544           16           2.038       401408        25088
       12544           32           3.336       802816        50176
       12544           64           5.966      1605632       100352
       12544          128          11.194      3211264       200704
       12544          256          21.688      6422528       401408
       12544          512          42.731     12845056       802816
       12544         1024          84.646     25690112      1605632
       12544         2048         168.437     51380224      3211264
       12544         4096         340.951    102760448      6422528
       13760            1           0.818        27520         1720
       13760            2           0.921        55040         3440
       13760            4           1.104       110080         6880
       13760            8           1.437       220160        13760
       13760           16           2.128       440320        27520
       13760           32           3.520       880640        55040
       13760           64           6.462      1761280       110080
       13760          128          11.963      3522560       220160
       13760          256          23.280      7045120       440320
       13760          512          45.711     14090240       880640
       13760         1024          90.589     28180480      1761280
       13760         2048         180.312     56360960      3522560
       13760         4096         359.815    112721920      7045120
       15104            1           0.839        30208         1888
       15104            2           0.947        60416         3776
       15104            4           1.116       120832         7552
       15104            8           1.487       241664        15104
       15104           16           2.239       483328        30208
       15104           32           3.763       966656        60416
       15104           64           6.844      1933312       120832
       15104          128          12.980      3866624       241664
       15104          256          25.143      7733248       483328
       15104          512          49.420     15466496       966656
       15104         1024          98.025     30932992      1933312
       15104         2048         195.167     61865984      3866624
       15104         4096         389.509    123731968      7733248
       16576            1           0.841        33152         2072
       16576            2           0.934        66304         4144
       16576            4           1.129       132608         8288
       16576            8           1.533       265216        16576
       16576           16           2.360       530432        33152
       16576           32           3.999      1060864        66304
       16576           64           7.292      2121728       132608
       16576          128          13.907      4243456       265216
       16576          256          27.039      8486912       530432
       16576          512          53.376     16973824      1060864
       16576         1024         105.814     33947648      2121728
       16576         2048         210.650     67895296      4243456
       18176            1           0.859        36352         2272
       18176            2           0.954        72704         4544
       18176            4           1.177       145408         9088
       18176            8           1.619       290816        18176
       18176           16           2.607       581632        36352
       18176           32           4.264      1163264        72704
       18176           64           7.816      2326528       145408
       18176          128          14.900      4653056       290816
       18176          256          29.033      9306112       581632
       18176          512          57.437     18612224      1163264
       18176         1024         114.054     37224448      2326528
       18176         2048         227.270     74448896      4653056
       19968            1           0.853        39936         2496
       19968            2           0.988        79872         4992
       19968            4           1.229       159744         9984
       19968            8           1.681       319488        19968
       19968           16           2.646       638976        39936
       19968           32           4.562      1277952        79872
       19968           64           8.404      2555904       159744
       19968          128          16.047      5111808       319488
       19968          256          31.483     10223616       638976
       19968          512          62.139     20447232      1277952
       19968         1024         123.422     40894464      2555904
       19968         2048         245.980     81788928      5111808
       21952            1           0.876        43904         2744
       21952            2           1.006        87808         5488
       21952            4           1.263       175616        10976
       21952            8           1.898       351232        21952
       21952           16           2.821       702464        43904
       21952           32           4.900      1404928        87808
       21952           64           9.054      2809856       175616
       21952          128          17.322      5619712       351232
       21952          256          33.918     11239424       702464
       21952          512          67.206     22478848      1404928
       21952         1024         133.622     44957696      2809856
       21952         2048         266.390     89915392      5619712
       24128            1           0.884        48256         3016
       24128            2           1.021        96512         6032
       24128            4           1.312       193024        12064
       24128            8           1.934       386048        24128
       24128           16           2.975       772096        48256
       24128           32           5.228      1544192        96512
       24128           64           9.730      3088384       193024
       24128          128          18.742      6176768       386048
       24128          256          36.725     12353536       772096
       24128          512          72.863     24707072      1544192
       24128         1024         147.884     49414144      3088384
       24128         2048         288.944     98828288      6176768
       26496            1           0.895        52992         3312
       26496            2           1.039       105984         6624
       26496            4           1.403       211968        13248
       26496            8           1.944       423936        26496
       26496           16           3.356       847872        52992
       26496           32           5.775      1695744       105984
       26496           64          10.545      3391488       211968
       26496          128          20.329      6782976       423936
       26496          256          40.015     13565952       847872
       26496          512          79.329     27131904      1695744
       26496         1024         157.538     54263808      3391488
       26496         2048         314.241    108527616      6782976
       29120            1           0.912        58240         3640
       29120            2           1.064       116480         7280
       29120            4           1.414       232960        14560
       29120            8           2.046       465920        29120
       29120           16           3.471       931840        58240
       29120           32           6.036      1863680       116480
       29120           64          11.386      3727360       232960
       29120          128          22.000      7454720       465920
       29120          256          43.375     14909440       931840
       29120          512          85.815     29818880      1863680
       29120         1024         170.799     59637760      3727360
       29120         2048         340.915    119275520      7454720
       32000            1           0.926        64000         4000
       32000            2           1.103       128000         8000
       32000            4           1.464       256000        16000
       32000            8           2.178       512000        32000
       32000           16           3.622      1024000        64000
       32000           32           6.519      2048000       128000
       32000           64          12.313      4096000       256000
       32000          128          23.939      8192000       512000
       32000          256          47.218     16384000      1024000
       32000          512          93.574     32768000      2048000
       32000         1024         186.290     65536000      4096000
       35200            1           0.958        70400         4400
       35200            2           1.120       140800         8800
       35200            4           1.627       281600        17600
       35200            8           2.324       563200        35200
       35200           16           3.897      1126400        70400
       35200           32           7.048      2252800       140800
       35200           64          13.399      4505600       281600
       35200          128          26.001      9011200       563200
       35200          256          51.262     18022400      1126400
       35200          512         101.848     36044800      2252800
       35200         1024         202.860     72089600      4505600
       38720            1           1.004        77440         4840
       38720            2           1.167       154880         9680
       38720            4           1.609       309760        19360
       38720            8           2.447       619520        38720
       38720           16           4.168      1239040        77440
       38720           32           7.613      2478080       154880
       38720           64          14.496      4956160       309760
       38720          128          28.270      9912320       619520
       38720          256          55.791     19824640      1239040
       38720          512         110.964     39649280      2478080
       38720         1024         221.097     79298560      4956160
       42560            1           1.006        85120         5320
       42560            2           1.208       170240        10640
       42560            4           1.669       340480        21280
       42560            8           2.621       680960        42560
       42560           16           4.484      1361920        85120
       42560           32           8.242      2723840       170240
       42560           64          15.768      5447680       340480
       42560          128          30.812     10895360       680960
       42560          256          60.876     21790720      1361920
       42560          512         121.125     43581440      2723840
       42560         1024         241.364     87162880      5447680
       46784            1           0.998        93568         5848
       46784            2           1.253       187136        11696
       46784            4           1.766       374272        23392
       46784            8           2.802       748544        46784
       46784           16           4.819      1497088        93568
       46784           32           8.915      2994176       187136
       46784           64          17.122      5988352       374272
       46784          128          33.512     11976704       748544
       46784          256          66.272     23953408      1497088
       46784          512         132.071     47906816      2994176
       46784         1024         269.558     95813632      5988352
       51456            1           1.039       102912         6432
       51456            2           1.323       205824        12864
       51456            4           1.855       411648        25728
       51456            8           2.992       823296        51456
       51456           16           5.233      1646592       102912
       51456           32           9.710      3293184       205824
       51456           64          18.693      6586368       411648
       51456          128          36.647     13172736       823296
       51456          256          72.505     26345472      1646592
       51456          512         144.389     52690944      3293184
       51456         1024         287.909    105381888      6586368
       56576            1           1.041       113152         7072
       56576            2           1.347       226304        14144
       56576            4           1.965       452608        28288
       56576            8           3.331       905216        56576
       56576           16           5.649      1810432       113152
       56576           32          10.661      3620864       226304
       56576           64          20.342      7241728       452608
       56576          128          39.995     14483456       905216
       56576          256          79.211     28966912      1810432
       56576          512         157.796     57933824      3620864
       56576         1024         314.767    115867648      7241728
       62208            1           1.087       124416         7776
       62208            2           1.416       248832        15552
       62208            4           2.089       497664        31104
       62208            8           3.415       995328        62208
       62208           16           6.113      1990656       124416
       62208           32          11.466      3981312       248832
       62208           64          22.231      7962624       497664
       62208          128          43.826     15925248       995328
       62208          256          86.773     31850496      1990656
       62208          512         172.562     63700992      3981312
       68416            1           1.159       136832         8552
       68416            2           1.506       273664        17104
       68416            4           2.233       547328        34208
       68416            8           3.698      1094656        68416
       68416           16           6.613      2189312       136832
       68416           32          12.493      4378624       273664
       68416           64          24.195      8757248       547328
       68416          128          47.671     17514496      1094656
       68416          256          94.681     35028992      2189312
       68416          512         188.536     70057984      4378624
       75200            1           1.316       150400         9400
       75200            2           1.551       300800        18800
       75200            4           2.367       601600        37600
       75200            8           3.965      1203200        75200
       75200           16           7.174      2406400       150400
       75200           32          13.600      4812800       300800
       75200           64          26.426      9625600       601600
       75200          128          52.106     19251200      1203200
       75200          256         103.502     38502400      2406400
       75200          512         206.140     77004800      4812800
       82688            1           1.192       165376        10336
       82688            2           1.644       330752        20672
       82688            4           2.532       661504        41344
       82688            8           4.365      1323008        82688
       82688           16           7.793      2646016       165376
       82688           32          14.849      5292032       330752
       82688           64          28.923     10584064       661504
       82688          128          57.067     21168128      1323008
       82688          256         113.460     42336256      2646016
       82688          512         226.049     84672512      5292032
       90944            1           1.255       181888        11368
       90944            2           1.815       363776        22736
       90944            4           2.665       727552        45472
       90944            8           4.751      1455104        90944
       90944           16           8.501      2910208       181888
       90944           32          16.181      5820416       363776
       90944           64          31.571     11640832       727552
       90944          128          62.399     23281664      1455104
       90944          256         124.143     46563328      2910208
       90944          512         247.404     93126656      5820416
      100032            1           1.309       200064        12504
      100032            2           1.829       400128        25008
      100032            4           2.882       800256        50016
      100032            8           4.986      1600512       100032
      100032           16           9.213      3201024       200064
      100032           32          17.639      6402048       400128
      100032           64          34.516     12804096       800256
      100032          128          68.304     25608192      1600512
      100032          256         135.870     51216384      3201024
      100032          512         274.066    102432768      6402048
      110016            1           1.530       220032        13752
      110016            2           2.025       440064        27504
      110016            4           3.111       880128        55008
      110016            8           5.482      1760256       110016
      110016           16          10.017      3520512       220032
      110016           32          19.452      7041024       440064
      110016           64          37.783     14082048       880128
      110016          128          74.825     28164096      1760256
      110016          256         149.006     56328192      3520512
      110016          512         297.160    112656384      7041024
      120960            1           1.020       241920        15120
      120960            2           2.221       483840        30240
      120960            4           3.349       967680        60480
      120960            8           5.873      1935360       120960
      120960           16          10.911      3870720       241920
      120960           32          21.081      7741440       483840
      120960           64          41.401     15482880       967680
      120960          128          82.052     30965760      1935360
      120960          256         163.375     61931520      3870720
      120960          512         325.888    123863040      7741440
      133056            1           1.560       266112        16632
      133056            2           2.176       532224        33264
      133056            4           3.715      1064448        66528
      133056            8           6.509      2128896       133056
      133056           16          11.914      4257792       266112
      133056           32          23.068      8515584       532224
      133056           64          45.493     17031168      1064448
      133056          128          89.896     34062336      2128896
      133056          256         179.013     68124672      4257792
      146304            1           1.244       292608        18288
      146304            2           2.266       585216        36576
      146304            4           3.856      1170432        73152
      146304            8           6.900      2340864       146304
      146304           16          13.095      4681728       292608
      146304           32          25.238      9363456       585216
      146304           64          49.689     18726912      1170432
      146304          128          98.605     37453824      2340864
      146304          256         196.427     74907648      4681728
      160896            1           1.488       321792        20112
      160896            2           2.488       643584        40224
      160896            4           4.163      1287168        80448
      160896            8           7.490      2574336       160896
      160896           16          14.203      5148672       321792
      160896           32          27.614     10297344       643584
      160896           64          54.473     20594688      1287168
      160896          128         108.166     41189376      2574336
      160896          256         215.544     82378752      5148672
      176960            1           2.067       353920        22120
      176960            2           2.832       707840        44240
      176960            4           4.691      1415680        88480
      176960            8           8.169      2831360       176960
      176960           16          15.530      5662720       353920
      176960           32          30.411     11325440       707840
      176960           64          59.732     22650880      1415680
      176960          128         118.798     45301760      2831360
      176960          256         236.401     90603520      5662720
      194624            1           1.950       389248        24328
      194624            2           2.875       778496        48656
      194624            4           4.854      1556992        97312
      194624            8           8.934      3113984       194624
      194624           16          16.964      6227968       389248
      194624           32          33.135     12455936       778496
      194624           64          65.463     24911872      1556992
      194624          128         130.141     49823744      3113984
      194624          256         259.605     99647488      6227968
      214080            1           2.473       428160        26760
      214080            2           3.047       856320        53520
      214080            4           5.256      1712640       107040
      214080            8           9.701      3425280       214080
      214080           16          18.571      6850560       428160
      214080           32          36.355     13701120       856320
      214080           64          71.880     27402240      1712640
      214080          128         146.254     54804480      3425280
      214080          256         284.977    109608960      6850560
      235456            1           2.549       470912        29432
      235456            2           3.299       941824        58864
      235456            4           5.757      1883648       117728
      235456            8          10.613      3767296       235456
      235456           16          20.395      7534592       470912
      235456           32          39.862     15069184       941824
      235456           64          78.882     30138368      1883648
      235456          128         156.892     60276736      3767296
      235456          256         312.834    120553472      7534592
      258944            1           2.822       517888        32368
      258944            2           3.582      1035776        64736
      258944            4           6.245      2071552       129472
      258944            8          11.614      4143104       258944
      258944           16          22.310      8286208       517888
      258944           32          43.745     16572416      1035776
      258944           64          86.619     33144832      2071552
      258944          128         172.301     66289664      4143104
      284800            1           3.409       569600        35600
      284800            2           4.029      1139200        71200
      284800            4           7.165      2278400       142400
      284800            8          13.537      4556800       284800
      284800           16          26.229      9113600       569600
      284800           32          51.910     18227200      1139200
      284800           64         104.169     36454400      2278400
      284800          128         208.335     72908800      4556800
      313280            1           3.311       626560        39160
      313280            2           4.385      1253120        78320
      313280            4           7.998      2506240       156640
      313280            8          15.297      5012480       313280
      313280           16          29.752     10024960       626560
      313280           32          58.681     20049920      1253120
      313280           64         116.113     40099840      2506240
      313280          128         232.523     80199680      5012480
      344576            1           3.863       689152        43072
      344576            2           4.759      1378304        86144
      344576            4           8.759      2756608       172288
      344576            8          16.185      5513216       344576
      344576           16          32.581     11026432       689152
      344576           32          64.353     22052864      1378304
      344576           64         127.885     44105728      2756608
      344576          128         255.543     88211456      5513216
      379008            1           4.035       758016        47376
      379008            2           5.161      1516032        94752
      379008            4           9.526      3032064       189504
      379008            8          18.279      6064128       379008
      379008           16          35.779     12128256       758016
      379008           32          70.872     24256512      1516032
      379008           64         140.381     48513024      3032064
      379008          128         280.472     97026048      6064128
      416896            1           4.756       833792        52112
      416896            2           5.621      1667584       104224
      416896            4          10.446      3335168       208448
      416896            8          20.105      6670336       416896
      416896           16          39.210     13340672       833792
      416896           32          77.408     26681344      1667584
      416896           64         154.132     53362688      3335168
      416896          128         308.393    106725376      6670336
      458560            1           5.026       917120        57320
      458560            2           6.180      1834240       114640
      458560            4          16.396      3668480       229280
      458560            8          21.917      7336960       458560
      458560           16          43.057     14673920       917120
      458560           32          85.333     29347840      1834240
      458560           64         169.445     58695680      3668480
      458560          128         338.889    117391360      7336960
      504384            1           6.299      1008768        63048
      504384            2           6.604      2017536       126096
      504384            4          12.366      4035072       252192
      504384            8          24.019      8070144       504384
      504384           16          47.116     16140288      1008768
      504384           32          93.241     32280576      2017536
      504384           64         186.161     64561152      4035072
      554816            1           6.487      1109632        69352
      554816            2           7.166      2219264       138704
      554816            4          13.572      4438528       277408
      554816            8          26.252      8877056       554816
      554816           16          51.799     17754112      1109632
      554816           32         102.876     35508224      2219264
      554816           64         204.810     71016448      4438528
      610240            1           7.261      1220480        76280
      610240            2           7.818      2440960       152560
      610240            4          14.875      4881920       305120
      610240            8          28.912      9763840       610240
      610240           16          56.871     19527680      1220480
      610240           32         112.540     39055360      2440960
      610240           64         225.702     78110720      4881920
      671232            1           7.782      1342464        83904
      671232            2           8.534      2684928       167808
      671232            4          16.258      5369856       335616
      671232            8          31.724     10739712       671232
      671232           16          62.433     21479424      1342464
      671232           32         124.276     42958848      2684928
      671232           64         247.634     85917696      5369856
      738304            1           8.308      1476608        92288
      738304            2           9.261      2953216       184576
      738304            4          17.760      5906432       369152
      738304            8          34.750     11812864       738304
      738304           16          68.737     23625728      1476608
      738304           32         136.546     47251456      2953216
      738304           64         272.621     94502912      5906432
      812096            1           9.131      1624192       101512
      812096            2           9.956      3248384       203024
      812096            4          19.470      6496768       406048
      812096            8          38.209     12993536       812096
      812096           16          75.445     25987072      1624192
      812096           32         150.641     51974144      3248384
      812096           64         300.018    103948288      6496768
      893248            1          10.546      1786496       111656
      893248            2          11.135      3572992       223312
      893248            4          21.290      7145984       446624
      893248            8          41.893     14291968       893248
      893248           16          82.874     28583936      1786496
      893248           32         165.083     57167872      3572992
      893248           64         331.660    114335744      7145984
      982528            1          11.571      1965056       122816
      982528            2          12.105      3930112       245632
      982528            4          23.475      7860224       491264
      982528            8          45.951     15720448       982528
      982528           16          91.196     31440896      1965056
      982528           32         181.387     62881792      3930112
     1080768            1          12.600      2161536       135096
     1080768            2          13.353      4323072       270192
     1080768            4          25.734      8646144       540384
     1080768            8          50.642     17292288      1080768
     1080768           16         100.440     34584576      2161536
     1080768           32         199.806     69169152      4323072
     1188800            1          13.928      2377600       148600
     1188800            2          14.645      4755200       297200
     1188800            4          28.391      9510400       594400
     1188800            8          55.740     19020800      1188800
     1188800           16         110.378     38041600      2377600
     1188800           32         219.863     76083200      4755200
     1307648            1          15.550      2615296       163456
     1307648            2          16.444      5230592       326912
     1307648            4          31.866     10461184       653824
     1307648            8          62.541     20922368      1307648
     1307648           16         124.126     41844736      2615296
     1307648           32         247.245     83689472      5230592
     1438400            1          16.810      2876800       179800
     1438400            2          18.535      5753600       359600
     1438400            4          36.704     11507200       719200
     1438400            8          72.412     23014400      1438400
     1438400           16         144.219     46028800      2876800
     1438400           32         287.295     92057600      5753600
     1582208            1          18.451      3164416       197776
     1582208            2          20.668      6328832       395552
     1582208            4          40.486     12657664       791104
     1582208            8          80.057     25315328      1582208
     1582208           16         158.701     50630656      3164416
     1582208           32         316.251    101261312      6328832
     1740416            1          20.438      3480832       217552
     1740416            2          22.916      6961664       435104
     1740416            4          44.348     13923328       870208
     1740416            8          87.273     27846656      1740416
     1740416           16         173.739     55693312      3480832
     1740416           32         349.490    111386624      6961664
     1914432            1          23.480      3828864       239304
     1914432            2          26.772      7657728       478608
     1914432            4          52.341     15315456       957216
     1914432            8         103.167     30630912      1914432
     1914432           16         205.638     61261824      3828864
     1914432           32         409.210    122523648      7657728
     2105856            1          25.415      4211712       263232
     2105856            2          28.866      8423424       526464
     2105856            4          57.801     16846848      1052928
     2105856            8         115.780     33693696      2105856
     2105856           16         231.752     67387392      4211712
     2316416            1          28.064      4632832       289552
     2316416            2          32.712      9265664       579104
     2316416            4          66.357     18531328      1158208
     2316416            8         132.133     37062656      2316416
     2316416           16         264.420     74125312      4632832
     2548032            1          33.563      5096064       318504
     2548032            2          39.460     10192128       637008
     2548032            4          78.768     20384256      1274016
     2548032            8         157.796     40768512      2548032
     2548032           16         315.647     81537024      5096064
     2802816            1          36.235      5605632       350352
     2802816            2          44.430     11211264       700704
     2802816            4          88.912     22422528      1401408
     2802816            8         178.255     44845056      2802816
     2802816           16         356.845     89690112      5605632
     3083072            1          41.012      6166144       385384
     3083072            2          49.531     12332288       770768
     3083072            4          99.494     24664576      1541536
     3083072            8         199.343     49329152      3083072
     3083072           16         402.518     98658304      6166144
     3391360            1          47.440      6782720       423920
     3391360            2          54.927     13565440       847840
     3391360            4         109.763     27130880      1695680
     3391360            8         219.690     54261760      3391360
     3391360           16         439.427    108523520      6782720
     3730496            1          51.908      7460992       466312
     3730496            2          61.617     14921984       932624
     3730496            4         122.037     29843968      1865248
     3730496            8         243.262     59687936      3730496
     3730496           16         485.215    119375872      7460992
     4103488            1          57.171      8206976       512936
     4103488            2          67.604     16413952      1025872
     4103488            4         134.249     32827904      2051744
     4103488            8         267.494     65655808      4103488
     4513792            1          62.327      9027584       564224
     4513792            2          74.274     18055168      1128448
     4513792            4         147.498     36110336      2256896
     4513792            8         294.098     72220672      4513792
     4965120            1          69.277      9930240       620640
     4965120            2          81.510     19860480      1241280
     4965120            4         162.381     39720960      2482560
     4965120            8         323.646     79441920      4965120
     5461632            1          75.702     10923264       682704
     5461632            2          89.519     21846528      1365408
     5461632            4         178.275     43693056      2730816
     5461632            8         360.445     87386112      5461632
     6007744            1          82.327     12015488       750968
     6007744            2          98.590     24030976      1501936
     6007744            4         196.316     48061952      3003872
     6007744            8         390.849     96123904      6007744
     6608512            1          92.813     13217024       826064
     6608512            2         108.164     26434048      1652128
     6608512            4         215.620     52868096      3304256
     6608512            8         430.561    105736192      6608512
     7269312            1         100.857     14538624       908664
     7269312            2         119.051     29077248      1817328
     7269312            4         237.193     58154496      3634656
     7269312            8         473.268    116308992      7269312
     7996224            1         111.895     15992448       999528
     7996224            2         130.615     31984896      1999056
     7996224            4         260.764     63969792      3998112
     8795840            1         121.902     17591680      1099480
     8795840            2         144.086     35183360      2198960
     8795840            4         290.674     70366720      4397920
     9675392            1         135.783     19350784      1209424
     9675392            2         158.284     38701568      2418848
     9675392            4         316.144     77403136      4837696
    10642880            1         150.360     21285760      1330360
    10642880            2         174.015     42571520      2660720
    10642880            4         347.894     85143040      5321440
    11707136            1         165.257     23414272      1463392
    11707136            2         191.921     46828544      2926784
    11707136            4         382.766     93657088      5853568
    12877824            1         181.153     25755648      1609728
    12877824            2         212.994     51511296      3219456
    12877824            4         423.721    103022592      6438912
    14165568            1         202.967     28331136      1770696
    14165568            2         235.257     56662272      3541392
    14165568            4         470.579    113324544      7082784
    15582080            1         225.589     31164160      1947760
    15582080            2         274.913     62328320      3895520
    15582080            4         543.620    124656640      7791040
    17140288            1         252.101     34280576      2142536
    17140288            2         381.098     68561152      4285072
    18854272            1         318.226     37708544      2356784
    18854272            2         587.710     75417088      4713568
    20739648            1         435.513     41479296      2592456
    20739648            2        1013.186     82958592      5184912
    22813568            1         703.430     45627136      2851696
    22813568            2        1674.296     91254272      5703392
    25094912            1        1030.457     50189824      3136864
    25094912            2        2562.940    100379648      6273728
    27604352            1        1474.224     55208704      3450544
    27604352            2        3400.232    110417408      6901088
    30364736            1        1917.383     60729472      3795592
    30364736            2        4196.999    121458944      7591184
    33401152            1        2315.268     66802304      4175144
    36741248            1        2738.444     73482496      4592656
    40415360            1        3136.031     80830720      5051920
    44456896            1        3501.015     88913792      5557112
    48902528            1        3884.542     97805056      6112816
    53792768            1        4281.524    107585536      6724096
    59172032            1        4712.344    118344064      7396504

META_DATA
MPI_PROCS      1
OPENMP_THREADS 8
FLOPS          1
ERT_VERSION  1.0.0
TIMESTAMP_DATA  1594866800.82
HOSTNAME  ('apollo-PowerEdge-R430', [], ['127.0.1.1'])
UNAME  ('Linux', 'apollo-PowerEdge-R430', '4.19.129-0419129-generic', '#202006220433 SMP Mon Jun 22 09:12:54 UTC 2020', 'x86_64', 'x86_64')
CONFIG  {'ERT_WORKING_SET_MIN': ['1'], 'ERT_CFLAGS': ['-O3'], 'ERT_CC': ['gcc'], 'ERT_MPI_CFLAGS': [], 'ERT_MPI_LDFLAGS': [], 'ERT_MEMORY_MAX': ['62497788'], 'ERT_PROCS_THREADS': ['8'], 'ERT_LDFLAGS': [], 'ERT_LDLIBS': [], 'ERT_SPEC_GBYTES_DRAM': ['1.0'], 'ERT_RUN': ['export', 'KMP_AFFINITY=scatter;', 'export', 'OMP_NUM_THREADS=ERT_OPENMP_THREADS;', 'ERT_CODE'], 'ERT_FLOPS': ['1,2,4,8,16'], 'ERT_OPENMP_CFLAGS': ['-fopenmp'], 'ERT_SPEC_GFLOPS': ['1.0'], 'ERT_MPI': ['False'], 'ERT_TRIALS_MIN': ['1'], 'ERT_DRIVER': ['driver1'], 'ERT_RESULTS': ['Results.x86'], 'ERT_OPENMP': ['True'], 'ERT_MPI_PROCS': ['1'], 'ERT_KERNEL': ['kernel1'], 'ERT_OPENMP_THREADS': ['1-32'], 'ERT_LD': ['gcc'], 'ERT_NUM_EXPERIMENTS': ['6'], 'ERT_OPENMP_LDFLAGS': ['-fopenmp'], 'ERT_ALIGN': ['32'], 'ERT_GNUPLOT': ['gnuplot']}
