          64            1           0.998          128            8
          64            2           0.767          256           16
          64            4           0.777          512           32
          64            8           0.803         1024           64
          64           16           0.765         2048          128
          64           32           0.818         4096          256
          64           64           0.949         8192          512
          64          128           1.181        16384         1024
          64          256           1.689        32768         2048
          64          512           2.714        65536         4096
          64         1024           4.710       131072         8192
          64         2048           8.711       262144        16384
          64         4096          16.744       524288        32768
          64         8192          32.898      1048576        65536
          64        16384          64.878      2097152       131072
          64        32768         129.081      4194304       262144
          64        65536         281.033      8388608       524288
          64       131072         543.614     16777216      1048576
          64       262144        1125.559     33554432      2097152
          64       524288        2250.310     67108864      4194304
         128            1           0.812          256           16
         128            2           0.885          512           32
         128            4           0.811         1024           64
         128            8           0.827         2048          128
         128           16           0.717         4096          256
         128           32           0.789         8192          512
         128           64           1.049        16384         1024
         128          128           1.298        32768         2048
         128          256           1.851        65536         4096
         128          512           2.950       131072         8192
         128         1024           5.183       262144        16384
         128         2048           9.556       524288        32768
         128         4096          18.326      1048576        65536
         128         8192          35.900      2097152       131072
         128        16384          71.050      4194304       262144
         128        32768         141.350      8388608       524288
         128        65536         281.945     16777216      1048576
         128       131072         563.146     33554432      2097152
         128       262144        1125.529     67108864      4194304
         192            1           0.832          384           24
         192            2           0.949          768           48
         192            4           0.841         1536           96
         192            8           0.840         3072          192
         192           16           0.868         6144          384
         192           32           0.910        12288          768
         192           64           1.043        24576         1536
         192          128           1.484        49152         3072
         192          256           1.867        98304         6144
         192          512           2.971       196608        12288
         192         1024           5.163       393216        24576
         192         2048           9.559       786432        49152
         192         4096          18.348      1572864        98304
         192         8192          36.005      3145728       196608
         192        16384          71.067      6291456       393216
         192        32768         141.472     12582912       786432
         192        65536         281.968     25165824      1572864
         192       131072         563.171     50331648      3145728
         192       262144        1128.380    100663296      6291456
         256            1           0.816          512           32
         256            2           0.831         1024           64
         256            4           0.822         2048          128
         256            8           0.847         4096          256
         256           16           0.873         8192          512
         256           32           1.051        16384         1024
         256           64           1.097        32768         2048
         256          128           1.314        65536         4096
         256          256           1.882       131072         8192
         256          512           2.961       262144        16384
         256         1024           5.189       524288        32768
         256         2048           9.588      1048576        65536
         256         4096          18.375      2097152       131072
         256         8192          35.921      4194304       262144
         256        16384          71.070      8388608       524288
         256        32768         141.402     16777216      1048576
         256        65536         281.967     33554432      2097152
         256       131072         563.160     67108864      4194304
         320            1           0.873          640           40
         320            2           0.829         1280           80
         320            4           0.842         2560          160
         320            8           0.843         5120          320
         320           16           0.889        10240          640
         320           32           0.984        20480         1280
         320           64           1.144        40960         2560
         320          128           1.424        81920         5120
         320          256           1.976       163840        10240
         320          512           3.012       327680        20480
         320         1024           4.836       655360        40960
         320         2048           8.742      1310720        81920
         320         4096          18.452      2621440       163840
         320         8192          36.128      5242880       327680
         320        16384          71.275     10485760       655360
         320        32768         141.446     20971520      1310720
         320        65536         282.184     41943040      2621440
         320       131072         563.374     83886080      5242880
         384            1           0.869          768           48
         384            2           0.823         1536           96
         384            4           0.858         3072          192
         384            8           0.862         6144          384
         384           16           0.890        12288          768
         384           32           0.996        24576         1536
         384           64           1.068        49152         3072
         384          128           1.560        98304         6144
         384          256           2.005       196608        12288
         384          512           3.137       393216        24576
         384         1024           5.357       786432        49152
         384         2048           9.717      1572864        98304
         384         4096          18.421      3145728       196608
         384         8192          36.078      6291456       393216
         384        16384          71.159     12582912       786432
         384        32768         141.424     25165824      1572864
         384        65536         282.058     50331648      3145728
         384       131072         573.465    100663296      6291456
         448            1           0.816          896           56
         448            2           0.982         1792          112
         448            4           0.820         3584          224
         448            8           0.988         7168          448
         448           16           0.905        14336          896
         448           32           1.007        28672         1792
         448           64           1.197        57344         3584
         448          128           1.593       114688         7168
         448          256           2.080       229376        14336
         448          512           3.347       458752        28672
         448         1024           5.692       917504        57344
         448         2048          21.592      1835008       114688
         448         4096          18.608      3670016       229376
         448         8192          36.491      7340032       458752
         448        16384          72.112     14680064       917504
         448        32768         143.429     29360128      1835008
         448        65536         286.095     58720256      3670016
         448       131072         571.334    117440512      7340032
         512            1           0.758         1024           64
         512            2           0.761         2048          128
         512            4           0.783         4096          256
         512            8           0.782         8192          512
         512           16           0.830        16384         1024
         512           32           0.930        32768         2048
         512           64           1.100        65536         4096
         512          128           1.412       131072         8192
         512          256           1.896       262144        16384
         512          512           3.005       524288        32768
         512         1024           5.335      1048576        65536
         512         2048           9.691      2097152       131072
         512         4096          18.682      4194304       262144
         512         8192          36.516      8388608       524288
         512        16384          72.113     16777216      1048576
         512        32768         143.497     33554432      2097152
         512        65536         286.095     67108864      4194304
         576            1           0.741         1152           72
         576            2           0.767         2304          144
         576            4           0.790         4608          288
         576            8           0.784         9216          576
         576           16           0.845        18432         1152
         576           32           0.950        36864         2304
         576           64           1.154        73728         4608
         576          128           1.513       147456         9216
         576          256           2.125       294912        18432
         576          512           3.338       589824        36864
         576         1024           5.785      1179648        73728
         576         2048          10.701      2359296       147456
         576         4096          20.422      4718592       294912
         576         8192          40.122      9437184       589824
         576        16384          79.371     18874368      1179648
         576        32768         157.796     37748736      2359296
         576        65536         314.713     75497472      4718592
         640            1           0.758         1280           80
         640            2           0.784         2560          160
         640            4           0.767         5120          320
         640            8           0.803        10240          640
         640           16           0.845        20480         1280
         640           32           1.076        40960         2560
         640           64           1.299        81920         5120
         640          128           1.521       163840        10240
         640          256           2.308       327680        20480
         640          512           3.882       655360        40960
         640         1024           7.014      1310720        81920
         640         2048          13.336      2621440       163840
         640         4096          25.832      5242880       327680
         640         8192          50.778     10485760       655360
         640        16384         100.778     20971520      1310720
         640        32768         200.538     41943040      2621440
         640        65536         400.358     83886080      5242880
         704            1           0.733         1408           88
         704            2           0.768         2816          176
         704            4           0.777         5632          352
         704            8           0.793        11264          704
         704           16           0.862        22528         1408
         704           32           0.967        45056         2816
         704           64           1.206        90112         5632
         704          128           1.621       180224        11264
         704          256           2.507       360448        22528
         704          512           4.330       720896        45056
         704         1024           7.883      1441792        90112
         704         2048          15.139      2883584       180224
         704         4096          29.410      5767168       360448
         704         8192          57.996     11534336       720896
         704        16384         114.963     23068672      1441792
         704        32768         229.117     46137344      2883584
         704        65536         462.460     92274688      5767168
         768            1           0.758         1536           96
         768            2           0.773         3072          192
         768            4           0.760         6144          384
         768            8           0.887        12288          768
         768           16           0.852        24576         1536
         768           32           1.111        49152         3072
         768           64           1.285        98304         6144
         768          128           1.709       196608        12288
         768          256           2.528       393216        24576
         768          512           4.388       786432        49152
         768         1024           8.110      1572864        98304
         768         2048          15.209      3145728       196608
         768         4096          29.470      6291456       393216
         768         8192          57.959     12582912       786432
         768        16384         115.082     25165824      1572864
         768        32768         229.139     50331648      3145728
         768        65536         457.382    100663296      6291456
         832            1           0.739         1664          104
         832            2           0.772         3328          208
         832            4           0.977         6656          416
         832            8           0.862        13312          832
         832           16           0.989        26624         1664
         832           32           0.992        53248         3328
         832           64           1.267       106496         6656
         832          128           1.772       212992        13312
         832          256           2.774       425984        26624
         832          512           4.792       851968        53248
         832         1024           8.809      1703936       106496
         832         2048          16.932      3407872       212992
         832         4096          32.975      6815744       425984
         832         8192          65.172     13631488       851968
         832        16384         129.393     27262976      1703936
         832        32768         257.619     54525952      3407872
         832        65536         514.362    109051904      6815744
         896            1           0.751         1792          112
         896            2           0.798         3584          224
         896            4           0.865         7168          448
         896            8           0.798        14336          896
         896           16           0.869        28672         1792
         896           32           1.031        57344         3584
         896           64           1.263       114688         7168
         896          128           1.799       229376        14336
         896          256           2.786       458752        28672
         896          512           4.812       917504        57344
         896         1024           8.797      1835008       114688
         896         2048          17.000      3670016       229376
         896         4096          33.038      7340032       458752
         896         8192          65.137     14680064       917504
         896        16384         129.430     29360128      1835008
         896        32768         257.782     58720256      3670016
         896        65536         514.407    117440512      7340032
         960            1           0.760         1920          120
         960            2           0.767         3840          240
         960            4           0.813         7680          480
         960            8           0.814        15360          960
         960           16           0.877        30720         1920
         960           32           1.016        61440         3840
         960           64           1.441       122880         7680
         960          128           1.892       245760        15360
         960          256           3.074       491520        30720
         960          512           5.237       983040        61440
         960         1024           9.790      1966080       122880
         960         2048          18.892      3932160       245760
         960         4096          36.528      7864320       491520
         960         8192          72.183     15728640       983040
         960        16384         143.585     31457280      1966080
         960        32768         291.312     62914560      3932160
        1024            1           0.754         2048          128
        1024            2           0.776         4096          256
        1024            4           0.781         8192          512
        1024            8           0.921        16384         1024
        1024           16           0.885        32768         2048
        1024           32           1.011        65536         4096
        1024           64           1.316       131072         8192
        1024          128           1.873       262144        16384
        1024          256           2.966       524288        32768
        1024          512           5.206      1048576        65536
        1024         1024           9.745      2097152       131072
        1024         2048          18.666      4194304       262144
        1024         4096          36.525      8388608       524288
        1024         8192          72.336     16777216      1048576
        1024        16384         143.509     33554432      2097152
        1024        32768         286.124     67108864      4194304
        1088            1           0.744         2176          136
        1088            2           0.768         4352          272
        1088            4           0.775         8704          544
        1088            8           0.808        17408         1088
        1088           16           0.909        34816         2176
        1088           32           1.056        69632         4352
        1088           64           1.504       139264         8704
        1088          128           2.166       278528        17408
        1088          256           3.222       557056        34816
        1088          512           5.711      1114112        69632
        1088         1024          10.743      2228224       139264
        1088         2048          20.578      4456448       278528
        1088         4096          40.132      8912896       557056
        1088         8192          79.298     17825792      1114112
        1088        16384         157.865     35651584      2228224
        1088        32768         314.788     71303168      4456448
        1152            1           0.747         2304          144
        1152            2           0.805         4608          288
        1152            4           0.807         9216          576
        1152            8           0.807        18432         1152
        1152           16           0.913        36864         2304
        1152           32           1.042        73728         4608
        1152           64           1.340       147456         9216
        1152          128           1.941       294912        18432
        1152          256           3.168       589824        36864
        1152          512           5.665      1179648        73728
        1152         1024          10.565      2359296       147456
        1152         2048          20.448      4718592       294912
        1152         4096          40.068      9437184       589824
        1152         8192          79.338     18874368      1179648
        1152        16384         157.740     37748736      2359296
        1152        32768         314.646     75497472      4718592
        1216            1           0.728         2432          152
        1216            2           0.764         4864          304
        1216            4           0.798         9728          608
        1216            8           0.829        19456         1216
        1216           16           0.896        38912         2432
        1216           32           1.067        77824         4864
        1216           64           1.399       155648         9728
        1216          128           2.081       311296        19456
        1216          256           3.424       622592        38912
        1216          512           6.100      1245184        77824
        1216         1024          11.536      2490368       155648
        1216         2048          22.238      4980736       311296
        1216         4096          43.622      9961472       622592
        1216         8192          86.398     19922944      1245184
        1216        16384         172.000     39845888      2490368
        1216        32768         343.160     79691776      4980736
        1280            1           0.752         2560          160
        1280            2           0.761         5120          320
        1280            4           0.776        10240          640
        1280            8           0.828        20480         1280
        1280           16           0.904        40960         2560
        1280           32           1.073        81920         5120
        1280           64           1.422       163840        10240
        1280          128           2.083       327680        20480
        1280          256           3.439       655360        40960
        1280          512           6.113      1310720        81920
        1280         1024          11.466      2621440       163840
        1280         2048          22.250      5242880       327680
        1280         4096          43.685     10485760       655360
        1280         8192          86.429     20971520      1310720
        1280        16384         172.016     41943040      2621440
        1280        32768         343.177     83886080      5242880
        1408            1           0.799         2816          176
        1408            2           0.780         5632          352
        1408            4           0.794        11264          704
        1408            8           0.825        22528         1408
        1408           16           0.907        45056         2816
        1408           32           1.089        90112         5632
        1408           64           1.460       180224        11264
        1408          128           2.172       360448        22528
        1408          256           3.676       720896        45056
        1408          512           6.567      1441792        90112
        1408         1024          12.425      2883584       180224
        1408         2048          24.042      5767168       360448
        1408         4096          47.190     11534336       720896
        1408         8192          93.554     23068672      1441792
        1408        16384         186.289     46137344      2883584
        1408        32768         374.833     92274688      5767168
        1536            1           0.876         3072          192
        1536            2           0.767         6144          384
        1536            4           0.819        12288          768
        1536            8           0.825        24576         1536
        1536           16           0.935        49152         3072
        1536           32           1.120        98304         6144
        1536           64           1.536       196608        12288
        1536          128           2.382       393216        24576
        1536          256           3.999       786432        49152
        1536          512           7.061      1572864        98304
        1536         1024          13.441      3145728       196608
        1536         2048          25.828      6291456       393216
        1536         4096          50.805     12582912       786432
        1536         8192         100.718     25165824      1572864
        1536        16384         200.538     50331648      3145728
        1536        32768         400.236    100663296      6291456
        1664            1           0.742         3328          208
        1664            2           0.782         6656          416
        1664            4           0.804        13312          832
        1664            8           0.845        26624         1664
        1664           16           0.941        53248         3328
        1664           32           1.145       106496         6656
        1664           64           1.565       212992        13312
        1664          128           2.394       425984        26624
        1664          256           4.086       851968        53248
        1664          512           7.426      1703936       106496
        1664         1024          14.212      3407872       212992
        1664         2048          27.590      6815744       425984
        1664         4096          54.334     13631488       851968
        1664         8192         107.829     27262976      1703936
        1664        16384         214.796     54525952      3407872
        1664        32768         428.736    109051904      6815744
        1792            1           0.751         3584          224
        1792            2           0.770         7168          448
        1792            4           0.805        14336          896
        1792            8           0.836        28672         1792
        1792           16           0.957        57344         3584
        1792           32           1.171       114688         7168
        1792           64           1.613       229376        14336
        1792          128           2.503       458752        28672
        1792          256           4.300       917504        57344
        1792          512           7.880      1835008       114688
        1792         1024          15.097      3670016       229376
        1792         2048          29.363      7340032       458752
        1792         4096          57.888     14680064       917504
        1792         8192         114.941     29360128      1835008
        1792        16384         229.047     58720256      3670016
        1792        32768         457.277    117440512      7340032
        1920            1           0.762         3840          240
        1920            2           0.788         7680          480
        1920            4           0.814        15360          960
        1920            8           0.874        30720         1920
        1920           16           0.971        61440         3840
        1920           32           1.198       122880         7680
        1920           64           1.669       245760        15360
        1920          128           2.626       491520        30720
        1920          256           4.529       983040        61440
        1920          512           8.317      1966080       122880
        1920         1024          15.988      3932160       245760
        1920         2048          31.151      7864320       491520
        1920         4096          61.454     15728640       983040
        1920         8192         122.144     31457280      1966080
        1920        16384         243.318     62914560      3932160
        2112            1           0.773         4224          264
        2112            2           0.801         8448          528
        2112            4           0.837        16896         1056
        2112            8           0.874        33792         2112
        2112           16           0.993        67584         4224
        2112           32           1.252       135168         8448
        2112           64           1.770       270336        16896
        2112          128           2.843       540672        33792
        2112          256           4.985      1081344        67584
        2112          512           9.217      2162688       135168
        2112         1024          17.778      4325376       270336
        2112         2048          34.732      8650752       540672
        2112         4096          68.577     17301504      1081344
        2112         8192         136.357     34603008      2162688
        2112        16384         276.161     69206016      4325376
        2304            1           0.762         4608          288
        2304            2           0.797         9216          576
        2304            4           0.805        18432         1152
        2304            8           0.864        36864         2304
        2304           16           1.013        73728         4608
        2304           32           1.280       147456         9216
        2304           64           1.829       294912        18432
        2304          128           2.962       589824        36864
        2304          256           5.183      1179648        73728
        2304          512           9.757      2359296       147456
        2304         1024          18.657      4718592       294912
        2304         2048          36.490      9437184       589824
        2304         4096          72.154     18874368      1179648
        2304         8192         143.472     37748736      2359296
        2304        16384         286.109     75497472      4718592
        2496            1           0.795         4992          312
        2496            2           0.788         9984          624
        2496            4           0.825        19968         1248
        2496            8           0.888        39936         2496
        2496           16           1.033        79872         4992
        2496           32           1.341       159744         9984
        2496           64           1.954       319488        19968
        2496          128           2.983       638976        39936
        2496          256           8.524      1277952        79872
        2496          512          12.811      2555904       159744
        2496         1024          25.942      5111808       319488
        2496         2048          52.201     10223616       638976
        2496         4096         104.616     20447232      1277952
        2496         8192         209.559     40894464      2555904
        2496        16384         419.356     81788928      5111808
        2688            1           0.761         5376          336
        2688            2           0.800        10752          672
        2688            4           0.844        21504         1344
        2688            8           0.973        43008         2688
        2688           16           1.210        86016         5376
        2688           32           1.422       172032        10752
        2688           64           2.034       344064        21504
        2688          128           3.308       688128        43008
        2688          256           5.865      1376256        86016
        2688          512          10.982      2752512       172032
        2688         1024          21.335      5505024       344064
        2688         2048          41.867     11010048       688128
        2688         4096          82.838     22020096      1376256
        2688         8192         164.846     44040192      2752512
        2688        16384         328.953     88080384      5505024
        2944            1           0.956         5888          368
        2944            2           0.833        11776          736
        2944            4           0.837        23552         1472
        2944            8           0.933        47104         2944
        2944           16           1.106        94208         5888
        2944           32           1.452       188416        11776
        2944           64           2.109       376832        23552
        2944          128           3.544       753664        47104
        2944          256           6.315      1507328        94208
        2944          512          12.052      3014656       188416
        2944         1024          23.124      6029312       376832
        2944         2048          45.449     12058624       753664
        2944         4096          89.983     24117248      1507328
        2944         8192         179.159     48234496      3014656
        2944        16384         357.422     96468992      6029312
        3200            1           0.753         6400          400
        3200            2           0.788        12800          800
        3200            4           0.840        25600         1600
        3200            8           0.933        51200         3200
        3200           16           1.110       102400         6400
        3200           32           1.481       204800        12800
        3200           64           2.219       409600        25600
        3200          128           3.733       819200        51200
        3200          256           6.744      1638400       102400
        3200          512          12.873      3276800       204800
        3200         1024          24.895      6553600       409600
        3200         2048          48.972     13107200       819200
        3200         4096          97.110     26214400      1638400
        3200         8192         193.386     52428800      3276800
        3200        16384         385.934    104857600      6553600
        3520            1           0.768         7040          440
        3520            2           0.811        14080          880
        3520            4           0.856        28160         1760
        3520            8           0.977        56320         3520
        3520           16           1.146       112640         7040
        3520           32           1.599       225280        14080
        3520           64           2.568       450560        28160
        3520          128           4.089       901120        56320
        3520          256           7.478      1802240       112640
        3520          512          14.273      3604480       225280
        3520         1024          27.655      7208960       450560
        3520         2048          54.310     14417920       901120
        3520         4096         119.181     28835840      1802240
        3520         8192         214.833     57671680      3604480
        3520        16384         428.756    115343360      7208960
        3840            1           0.773         7680          480
        3840            2           0.926        15360          960
        3840            4           0.863        30720         1920
        3840            8           0.946        61440         3840
        3840           16           1.180       122880         7680
        3840           32           1.629       245760        15360
        3840           64           2.542       491520        30720
        3840          128           4.310       983040        61440
        3840          256           7.867      1966080       122880
        3840          512          15.076      3932160       245760
        3840         1024          29.400      7864320       491520
        3840         2048          58.035     15728640       983040
        3840         4096         114.953     31457280      1966080
        3840         8192         229.102     62914560      3932160
        4224            1           0.811         8448          528
        4224            2           0.844        16896         1056
        4224            4           0.872        33792         2112
        4224            8           1.021        67584         4224
        4224           16           1.295       135168         8448
        4224           32           1.897       270336        16896
        4224           64           3.125       540672        33792
        4224          128           5.553      1081344        67584
        4224          256          10.389      2162688       135168
        4224          512          20.152      4325376       270336
        4224         1024          39.482      8650752       540672
        4224         2048          78.158     17301504      1081344
        4224         4096         155.499     34603008      2162688
        4224         8192         310.199     69206016      4325376
        4608            1           0.867         9216          576
        4608            2           0.814        18432         1152
        4608            4           0.876        36864         2304
        4608            8           0.999        73728         4608
        4608           16           1.260       147456         9216
        4608           32           1.786       294912        18432
        4608           64           2.831       589824        36864
        4608          128           4.966      1179648        73728
        4608          256           9.204      2359296       147456
        4608          512          17.774      4718592       294912
        4608         1024          34.698      9437184       589824
        4608         2048          68.590     18874368      1179648
        4608         4096         136.335     37748736      2359296
        4608         8192         271.834     75497472      4718592
        5056            1           0.976        10112          632
        5056            2           0.841        20224         1264
        5056            4           0.916        40448         2528
        5056            8           1.020        80896         5056
        5056           16           1.305       161792        10112
        5056           32           1.881       323584        20224
        5056           64           3.081       647168        40448
        5056          128           5.418      1294336        80896
        5056          256          10.095      2588672       161792
        5056          512          19.544      5177344       323584
        5056         1024          38.320     10354688       647168
        5056         2048          75.703     20709376      1294336
        5056         4096         150.596     41418752      2588672
        5056         8192         300.351     82837504      5177344
        5504            1           0.770        11008          688
        5504            2           0.821        22016         1376
        5504            4           0.924        44032         2752
        5504            8           1.096        88064         5504
        5504           16           1.445       176128        11008
        5504           32           2.184       352256        22016
        5504           64           3.648       704512        44032
        5504          128           6.732      1409024        88064
        5504          256          12.581      2818048       176128
        5504          512          24.402      5636096       352256
        5504         1024          48.000     11272192       704512
        5504         2048          95.183     22544384      1409024
        5504         4096         189.544     45088768      2818048
        5504         8192         378.279     90177536      5636096
        6016            1           0.772        12032          752
        6016            2           0.833        24064         1504
        6016            4           0.924        48128         3008
        6016            8           1.077        96256         6016
        6016           16           1.486       192512        12032
        6016           32           2.266       385024        24064
        6016           64           3.907       770048        48128
        6016          128           6.163      1540096        96256
        6016          256          13.188      3080192       192512
        6016          512          24.863      6160384       385024
        6016         1024          49.830     12320768       770048
        6016         2048         104.712     24641536      1540096
        6016         4096         200.248     49283072      3080192
        6016         8192         399.707     98566144      6160384
        6592            1           0.838        13184          824
        6592            2           0.853        26368         1648
        6592            4           0.978        52736         3296
        6592            8           1.164       105472         6592
        6592           16           1.543       210944        13184
        6592           32           2.350       421888        26368
        6592           64           3.992       843776        52736
        6592          128           7.262      1687552       105472
        6592          256          14.004      3375104       210944
        6592          512          26.944      6750208       421888
        6592         1024          52.209     13500416       843776
        6592         2048         105.289     27000832      1687552
        6592         4096         209.933     54001664      3375104
        6592         8192         418.871    108003328      6750208
        7232            1           0.920        14464          904
        7232            2           0.845        28928         1808
        7232            4           0.944        57856         3616
        7232            8           1.167       115712         7232
        7232           16           1.589       231424        14464
        7232           32           2.467       462848        28928
        7232           64           4.223       925696        57856
        7232          128           7.721      1851392       115712
        7232          256          14.762      3702784       231424
        7232          512          28.725      7405568       462848
        7232         1024          56.625     14811136       925696
        7232         2048         112.416     29622272      1851392
        7232         4096         224.031     59244544      3702784
        7232         8192         447.268    118489088      7405568
        7936            1           0.942        15872          992
        7936            2           0.847        31744         1984
        7936            4           0.998        63488         3968
        7936            8           1.203       126976         7936
        7936           16           1.652       253952        15872
        7936           32           2.763       507904        31744
        7936           64           4.528      1015808        63488
        7936          128           8.411      2031616       126976
        7936          256          15.675      4063232       253952
        7936          512          30.813      8126464       507904
        7936         1024          60.610     16252928      1015808
        7936         2048         120.425     32505856      2031616
        7936         4096         239.743     65011712      4063232
        8704            1           0.845        17408         1088
        8704            2           1.050        34816         2176
        8704            4           1.004        69632         4352
        8704            8           1.283       139264         8704
        8704           16           1.918       278528        17408
        8704           32           2.872       557056        34816
        8704           64           4.801      1114112        69632
        8704          128           8.819      2228224       139264
        8704          256          16.984      4456448       278528
        8704          512          32.785      8912896       557056
        8704         1024          64.715     17825792      1114112
        8704         2048         128.633     35651584      2228224
        8704         4096         256.418     71303168      4456448
        9536            1           0.804        19072         1192
        9536            2           0.877        38144         2384
        9536            4           1.017        76288         4768
        9536            8           1.280       152576         9536
        9536           16           1.781       305152        19072
        9536           32           2.914       610304        38144
        9536           64           4.994      1220608        76288
        9536          128           9.222      2441216       152576
        9536          256          17.709      4882432       305152
        9536          512          34.870      9764864       610304
        9536         1024          68.788     19529728      1220608
        9536         2048         136.718     39059456      2441216
        9536         4096         277.021     78118912      4882432
       10432            1           0.983        20864         1304
       10432            2           0.884        41728         2608
       10432            4           1.112        83456         5216
       10432            8           1.366       166912        10432
       10432           16           2.051       333824        20864
       10432           32           2.985       667648        41728
       10432           64           5.439      1335296        83456
       10432          128           9.928      2670592       166912
       10432          256          18.825      5341184       333824
       10432          512          37.013     10682368       667648
       10432         1024          73.171     21364736      1335296
       10432         2048         145.543     42729472      2670592
       10432         4096         290.655     85458944      5341184
       11456            1           0.824        22912         1432
       11456            2           0.884        45824         2864
       11456            4           1.077        91648         5728
       11456            8           1.348       183296        11456
       11456           16           1.933       366592        22912
       11456           32           3.278       733184        45824
       11456           64           5.622      1466368        91648
       11456          128          10.491      2932736       183296
       11456          256          20.384      5865472       366592
       11456          512          39.866     11730944       733184
       11456         1024          78.904     23461888      1466368
       11456         2048         156.986     46923776      2932736
       11456         4096         313.161     93847552      5865472
       12544            1           0.830        25088         1568
       12544            2           0.920        50176         3136
       12544            4           1.066       100352         6272
       12544            8           1.378       200704        12544
       12544           16           2.054       401408        25088
       12544           32           3.539       802816        50176
       12544           64           5.975      1605632       100352
       12544          128          11.350      3211264       200704
       12544          256          21.699      6422528       401408
       12544          512          42.840     12845056       802816
       12544         1024          84.701     25690112      1605632
       12544         2048         168.472     51380224      3211264
       12544         4096         336.160    102760448      6422528
       13760            1           0.833        27520         1720
       13760            2           0.922        55040         3440
       13760            4           1.116       110080         6880
       13760            8           1.436       220160        13760
       13760           16           2.130       440320        27520
       13760           32           3.537       880640        55040
       13760           64           6.350      1761280       110080
       13760          128          11.957      3522560       220160
       13760          256          23.181      7045120       440320
       13760          512          45.703     14090240       880640
       13760         1024          90.664     28180480      1761280
       13760         2048         180.439     56360960      3522560
       13760         4096         360.014    112721920      7045120
       15104            1           0.825        30208         1888
       15104            2           0.960        60416         3776
       15104            4           1.119       120832         7552
       15104            8           1.505       241664        15104
       15104           16           2.376       483328        30208
       15104           32           3.773       966656        60416
       15104           64           6.842      1933312       120832
       15104          128          12.893      3866624       241664
       15104          256          25.267      7733248       483328
       15104          512          49.424     15466496       966656
       15104         1024          98.030     30932992      1933312
       15104         2048         195.309     61865984      3866624
       15104         4096         389.583    123731968      7733248
       16576            1           0.826        33152         2072
       16576            2           0.929        66304         4144
       16576            4           1.142       132608         8288
       16576            8           1.548       265216        16576
       16576           16           2.350       530432        33152
       16576           32           4.007      1060864        66304
       16576           64           7.287      2121728       132608
       16576          128          13.844      4243456       265216
       16576          256          26.941      8486912       530432
       16576          512          53.242     16973824      1060864
       16576         1024         105.645     33947648      2121728
       16576         2048         216.455     67895296      4243456
       18176            1           0.841        36352         2272
       18176            2           0.961        72704         4544
       18176            4           1.240       145408         9088
       18176            8           1.685       290816        18176
       18176           16           2.643       581632        36352
       18176           32           4.261      1163264        72704
       18176           64           7.804      2326528       145408
       18176          128          14.894      4653056       290816
       18176          256          29.047      9306112       581632
       18176          512          57.431     18612224      1163264
       18176         1024         114.051     37224448      2326528
       18176         2048         227.285     74448896      4653056
       19968            1           0.867        39936         2496
       19968            2           0.987        79872         4992
       19968            4           1.232       159744         9984
       19968            8           1.710       319488        19968
       19968           16           2.655       638976        39936
       19968           32           4.570      1277952        79872
       19968           64           8.390      2555904       159744
       19968          128          16.057      5111808       319488
       19968          256          31.496     10223616       638976
       19968          512          62.122     20447232      1277952
       19968         1024         123.421     40894464      2555904
       19968         2048         245.996     81788928      5111808
       21952            1           0.518        43904         2744
       21952            2           1.069        87808         5488
       21952            4           1.273       175616        10976
       21952            8           1.808       351232        21952
       21952           16           2.810       702464        43904
       21952           32           4.882      1404928        87808
       21952           64           9.024      2809856       175616
       21952          128          17.390      5619712       351232
       21952          256          33.920     11239424       702464
       21952          512          67.216     22478848      1404928
       21952         1024         133.625     44957696      2809856
       21952         2048         266.431     89915392      5619712
       24128            1           1.024        48256         3016
       24128            2           1.030        96512         6032
       24128            4           1.311       193024        12064
       24128            8           1.867       386048        24128
       24128           16           2.973       772096        48256
       24128           32           5.238      1544192        96512
       24128           64           9.747      3088384       193024
       24128          128          18.749      6176768       386048
       24128          256          36.856     12353536       772096
       24128          512          72.870     24707072      1544192
       24128         1024         144.899     49414144      3088384
       24128         2048         288.961     98828288      6176768
       26496            1           0.923        52992         3312
       26496            2           1.064       105984         6624
       26496            4           1.375       211968        13248
       26496            8           1.967       423936        26496
       26496           16           3.197       847872        52992
       26496           32           5.690      1695744       105984
       26496           64          10.526      3391488       211968
       26496          128          20.316      6782976       423936
       26496          256          40.002     13565952       847872
       26496          512          79.160     27131904      1695744
       26496         1024         157.476     54263808      3391488
       26496         2048         314.124    108527616      6782976
       29120            1           0.919        58240         3640
       29120            2           1.087       116480         7280
       29120            4           1.409       232960        14560
       29120            8           2.063       465920        29120
       29120           16           3.388       931840        58240
       29120           32           6.056      1863680       116480
       29120           64          11.345      3727360       232960
       29120          128          21.996      7454720       465920
       29120          256          43.235     14909440       931840
       29120          512          85.836     29818880      1863680
       29120         1024         170.817     59637760      3727360
       29120         2048         340.804    119275520      7454720
       32000            1           1.027        64000         4000
       32000            2           1.100       128000         8000
       32000            4           1.467       256000        16000
       32000            8           2.176       512000        32000
       32000           16           3.632      1024000        64000
       32000           32           6.535      2048000       128000
       32000           64          12.325      4096000       256000
       32000          128          23.907      8192000       512000
       32000          256          47.194     16384000      1024000
       32000          512          93.548     32768000      2048000
       32000         1024         189.424     65536000      4096000
       35200            1           1.156        70400         4400
       35200            2           1.119       140800         8800
       35200            4           1.527       281600        17600
       35200            8           2.382       563200        35200
       35200           16           3.898      1126400        70400
       35200           32           7.054      2252800       140800
       35200           64          13.357      4505600       281600
       35200          128          25.991      9011200       563200
       35200          256          51.238     18022400      1126400
       35200          512         101.846     36044800      2252800
       35200         1024         202.835     72089600      4505600
       38720            1           1.022        77440         4840
       38720            2           1.178       154880         9680
       38720            4           1.620       309760        19360
       38720            8           2.454       619520        38720
       38720           16           4.182      1239040        77440
       38720           32           7.619      2478080       154880
       38720           64          14.518      4956160       309760
       38720          128          28.283      9912320       619520
       38720          256          55.798     19824640      1239040
       38720          512         110.987     39649280      2478080
       38720         1024         221.139     79298560      4956160
       42560            1           1.005        85120         5320
       42560            2           1.214       170240        10640
       42560            4           1.678       340480        21280
       42560            8           2.616       680960        42560
       42560           16           4.491      1361920        85120
       42560           32           8.256      2723840       170240
       42560           64          15.787      5447680       340480
       42560          128          30.820     10895360       680960
       42560          256          60.896     21790720      1361920
       42560          512         121.115     43581440      2723840
       42560         1024         241.438     87162880      5447680
       46784            1           0.998        93568         5848
       46784            2           1.250       187136        11696
       46784            4           1.872       374272        23392
       46784            8           2.784       748544        46784
       46784           16           4.846      1497088        93568
       46784           32           8.927      2994176       187136
       46784           64          17.180      5988352       374272
       46784          128          33.535     11976704       748544
       46784          256          66.289     23953408      1497088
       46784          512         132.047     47906816      2994176
       46784         1024         263.032     95813632      5988352
       51456            1           1.030       102912         6432
       51456            2           1.387       205824        12864
       51456            4           1.888       411648        25728
       51456            8           3.046       823296        51456
       51456           16           5.229      1646592       102912
       51456           32           9.710      3293184       205824
       51456           64          18.696      6586368       411648
       51456          128          36.659     13172736       823296
       51456          256          72.505     26345472      1646592
       51456          512         144.376     52690944      3293184
       51456         1024         287.892    105381888      6586368
       56576            1           1.051       113152         7072
       56576            2           1.370       226304        14144
       56576            4           1.971       452608        28288
       56576            8           3.199       905216        56576
       56576           16           5.638      1810432       113152
       56576           32          10.538      3620864       226304
       56576           64          20.372      7241728       452608
       56576          128          39.974     14483456       905216
       56576          256          79.218     28966912      1810432
       56576          512         157.783     57933824      3620864
       56576         1024         314.641    115867648      7241728
       62208            1           1.088       124416         7776
       62208            2           1.469       248832        15552
       62208            4           2.179       497664        31104
       62208            8           3.437       995328        62208
       62208           16           6.099      1990656       124416
       62208           32          11.486      3981312       248832
       62208           64          22.209      7962624       497664
       62208          128          43.709     15925248       995328
       62208          256          86.602     31850496      1990656
       62208          512         172.618     63700992      3981312
       68416            1           1.392       136832         8552
       68416            2           1.676       273664        17104
       68416            4           2.212       547328        34208
       68416            8           3.688      1094656        68416
       68416           16           6.607      2189312       136832
       68416           32          12.478      4378624       273664
       68416           64          24.212      8757248       547328
       68416          128          47.679     17514496      1094656
       68416          256          94.577     35028992      2189312
       68416          512         193.023     70057984      4378624
       75200            1           1.237       150400         9400
       75200            2           1.546       300800        18800
       75200            4           2.355       601600        37600
       75200            8           3.971      1203200        75200
       75200           16           7.262      2406400       150400
       75200           32          13.583      4812800       300800
       75200           64          26.445      9625600       601600
       75200          128          52.102     19251200      1203200
       75200          256         103.498     38502400      2406400
       75200          512         206.251     77004800      4812800
       82688            1           1.281       165376        10336
       82688            2           1.640       330752        20672
       82688            4           2.511       661504        41344
       82688            8           4.264      1323008        82688
       82688           16           7.779      2646016       165376
       82688           32          14.841      5292032       330752
       82688           64          28.890     10584064       661504
       82688          128          57.063     21168128      1323008
       82688          256         113.439     42336256      2646016
       82688          512         226.089     84672512      5292032
       90944            1           1.240       181888        11368
       90944            2           1.703       363776        22736
       90944            4           2.776       727552        45472
       90944            8           4.617      1455104        90944
       90944           16           8.467      2910208       181888
       90944           32          16.272      5820416       363776
       90944           64          31.568     11640832       727552
       90944          128          62.417     23281664      1455104
       90944          256         124.154     46563328      2910208
       90944          512         247.416     93126656      5820416
      100032            1           1.340       200064        12504
      100032            2           1.915       400128        25008
      100032            4           2.881       800256        50016
      100032            8           5.196      1600512       100032
      100032           16           9.220      3201024       200064
      100032           32          17.694      6402048       400128
      100032           64          34.541     12804096       800256
      100032          128          68.306     25608192      1600512
      100032          256         135.850     51216384      3201024
      100032          512         271.008    102432768      6402048
      110016            1           1.492       220032        13752
      110016            2           1.921       440064        27504
      110016            4           3.085       880128        55008
      110016            8           5.387      1760256       110016
      110016           16          10.036      3520512       220032
      110016           32          19.294      7041024       440064
      110016           64          37.803     14082048       880128
      110016          128          74.874     28164096      1760256
      110016          256         148.907     56328192      3520512
      110016          512         297.149    112656384      7041024
      120960            1           1.525       241920        15120
      120960            2           2.080       483840        30240
      120960            4           3.328       967680        60480
      120960            8           5.905      1935360       120960
      120960           16          10.923      3870720       241920
      120960           32          21.090      7741440       483840
      120960           64          41.614     15482880       967680
      120960          128          82.043     30965760      1935360
      120960          256         163.392     61931520      3870720
      120960          512         325.874    123863040      7741440
      133056            1           1.707       266112        16632
      133056            2           2.182       532224        33264
      133056            4           3.578      1064448        66528
      133056            8           6.359      2128896       133056
      133056           16          11.915      4257792       266112
      133056           32          23.053      8515584       532224
      133056           64          45.452     17031168      1064448
      133056          128          89.890     34062336      2128896
      133056          256         179.122     68124672      4257792
      146304            1           1.981       292608        18288
      146304            2           2.330       585216        36576
      146304            4           3.855      1170432        73152
      146304            8           6.896      2340864       146304
      146304           16          13.011      4681728       292608
      146304           32          25.248      9363456       585216
      146304           64          49.679     18726912      1170432
      146304          128          98.625     37453824      2340864
      146304          256         209.437     74907648      4681728
      160896            1           1.846       321792        20112
      160896            2           2.524       643584        40224
      160896            4           4.138      1287168        80448
      160896            8           7.494      2574336       160896
      160896           16          14.192      5148672       321792
      160896           32          27.622     10297344       643584
      160896           64          54.487     20594688      1287168
      160896          128         108.335     41189376      2574336
      160896          256         215.633     82378752      5148672
      176960            1           2.174       353920        22120
      176960            2           2.765       707840        44240
      176960            4           4.507      1415680        88480
      176960            8           8.173      2831360       176960
      176960           16          15.543      5662720       353920
      176960           32          30.260     11325440       707840
      176960           64          59.689     22650880      1415680
      176960          128         118.607     45301760      2831360
      176960          256         236.453     90603520      5662720
      194624            1           1.950       389248        24328
      194624            2           2.859       778496        48656
      194624            4           4.870      1556992        97312
      194624            8           8.966      3113984       194624
      194624           16          16.994      6227968       389248
      194624           32          33.150     12455936       778496
      194624           64          65.487     24911872      1556992
      194624          128         130.142     49823744      3113984
      194624          256         259.590     99647488      6227968
      214080            1           2.210       428160        26760
      214080            2           3.066       856320        53520
      214080            4           5.287      1712640       107040
      214080            8           9.707      3425280       214080
      214080           16          18.595      6850560       428160
      214080           32          36.362     13701120       856320
      214080           64          71.880     27402240      1712640
      214080          128         142.915     54804480      3425280
      214080          256         285.013    109608960      6850560
      235456            1           2.211       470912        29432
      235456            2           3.318       941824        58864
      235456            4           5.741      1883648       117728
      235456            8          10.615      3767296       235456
      235456           16          20.375      7534592       470912
      235456           32          39.858     15069184       941824
      235456           64          78.877     30138368      1883648
      235456          128         156.856     60276736      3767296
      235456          256         312.844    120553472      7534592
      258944            1           2.334       517888        32368
      258944            2           3.590      1035776        64736
      258944            4           6.276      2071552       129472
      258944            8          11.615      4143104       258944
      258944           16          22.332      8286208       517888
      258944           32          43.735     16572416      1035776
      258944           64          86.605     33144832      2071552
      258944          128         172.297     66289664      4143104
      284800            1           2.548       569600        35600
      284800            2           4.049      1139200        71200
      284800            4           7.188      2278400       142400
      284800            8          13.526      4556800       284800
      284800           16          25.780      9113600       569600
      284800           32          52.029     18227200      1139200
      284800           64         104.242     36454400      2278400
      284800          128         208.490     72908800      4556800
      313280            1           3.774       626560        39160
      313280            2           4.576      1253120        78320
      313280            4           8.155      2506240       156640
      313280            8          15.301      5012480       313280
      313280           16          29.766     10024960       626560
      313280           32          58.759     20049920      1253120
      313280           64         116.786     40099840      2506240
      313280          128         237.682     80199680      5012480
      344576            1           4.056       689152        43072
      344576            2           4.816      1378304        86144
      344576            4           8.774      2756608       172288
      344576            8          16.704      5513216       344576
      344576           16          32.638     11026432       689152
      344576           32          64.439     22052864      1378304
      344576           64         128.073     44105728      2756608
      344576          128         255.740     88211456      5513216
      379008            1           4.371       758016        47376
      379008            2           5.193      1516032        94752
      379008            4           9.570      3032064       189504
      379008            8          18.292      6064128       379008
      379008           16          35.860     12128256       758016
      379008           32          70.840     24256512      1516032
      379008           64         140.296     48513024      3032064
      379008          128         280.835     97026048      6064128
      416896            1           4.775       833792        52112
      416896            2           5.607      1667584       104224
      416896            4          10.444      3335168       208448
      416896            8          20.052      6670336       416896
      416896           16          39.330     13340672       833792
      416896           32          77.677     26681344      1667584
      416896           64         154.751     53362688      3335168
      416896          128         308.339    106725376      6670336
      458560            1           5.346       917120        57320
      458560            2           6.086      1834240       114640
      458560            4          11.406      3668480       229280
      458560            8          21.951      7336960       458560
      458560           16          43.049     14673920       917120
      458560           32          85.458     29347840      1834240
      458560           64         170.090     58695680      3668480
      458560          128         339.379    117391360      7336960
      504384            1           5.491      1008768        63048
      504384            2           6.599      2017536       126096
      504384            4          12.450      4035072       252192
      504384            8          24.041      8070144       504384
      504384           16          47.295     16140288      1008768
      504384           32          93.906     32280576      2017536
      504384           64         186.952     64561152      4035072
      554816            1           6.452      1109632        69352
      554816            2           7.199      2219264       138704
      554816            4          13.558      4438528       277408
      554816            8          26.389      8877056       554816
      554816           16          51.971     17754112      1109632
      554816           32         103.031     35508224      2219264
      554816           64         205.121     71016448      4438528
      610240            1           7.324      1220480        76280
      610240            2           7.849      2440960       152560
      610240            4          14.923      4881920       305120
      610240            8          28.947      9763840       610240
      610240           16          57.166     19527680      1220480
      610240           32         113.387     39055360      2440960
      610240           64         225.939     78110720      4881920
      671232            1           7.663      1342464        83904
      671232            2           8.529      2684928       167808
      671232            4          16.342      5369856       335616
      671232            8          31.936     10739712       671232
      671232           16          62.678     21479424      1342464
      671232           32         129.634     42958848      2684928
      671232           64         247.805     85917696      5369856
      738304            1           8.767      1476608        92288
      738304            2           9.346      2953216       184576
      738304            4          17.846      5906432       369152
      738304            8          34.822     11812864       738304
      738304           16          68.852     23625728      1476608
      738304           32         136.857     47251456      2953216
      738304           64         273.110     94502912      5906432
      812096            1           9.690      1624192       101512
      812096            2          10.194      3248384       203024
      812096            4          19.540      6496768       406048
      812096            8          38.183     12993536       812096
      812096           16          75.647     25987072      1624192
      812096           32         151.313     51974144      3248384
      812096           64         300.659    103948288      6496768
      893248            1           9.909      1786496       111656
      893248            2          11.218      3572992       223312
      893248            4          21.395      7145984       446624
      893248            8          42.117     14291968       893248
      893248           16          83.053     28583936      1786496
      893248           32         165.180     57167872      3572992
      893248           64         329.720    114335744      7145984
      982528            1          11.542      1965056       122816
      982528            2          12.262      3930112       245632
      982528            4          23.563      7860224       491264
      982528            8          46.143     15720448       982528
      982528           16          91.413     31440896      1965056
      982528           32         182.124     62881792      3930112
     1080768            1          12.618      2161536       135096
     1080768            2          13.576      4323072       270192
     1080768            4          25.787      8646144       540384
     1080768            8          50.886     17292288      1080768
     1080768           16         100.291     34584576      2161536
     1080768           32         199.660     69169152      4323072
     1188800            1          14.185      2377600       148600
     1188800            2          14.631      4755200       297200
     1188800            4          28.284      9510400       594400
     1188800            8          55.673     19020800      1188800
     1188800           16         110.310     38041600      2377600
     1188800           32         220.933     76083200      4755200
     1307648            1          15.172      2615296       163456
     1307648            2          16.530      5230592       326912
     1307648            4          31.879     10461184       653824
     1307648            8          63.984     20922368      1307648
     1307648           16         127.807     41844736      2615296
     1307648           32         256.230     83689472      5230592
     1438400            1          19.423      2876800       179800
     1438400            2          18.786      5753600       359600
     1438400            4          34.735     11507200       719200
     1438400            8          69.345     23014400      1438400
     1438400           16         139.598     46028800      2876800
     1438400           32         278.711     92057600      5753600
     1582208            1          18.446      3164416       197776
     1582208            2          19.574      6328832       395552
     1582208            4          38.948     12657664       791104
     1582208            8          77.866     25315328      1582208
     1582208           16         156.092     50630656      3164416
     1582208           32         312.240    101261312      6328832
     1740416            1          19.987      3480832       217552
     1740416            2          22.214      6961664       435104
     1740416            4          44.676     13923328       870208
     1740416            8          89.227     27846656      1740416
     1740416           16         179.565     55693312      3480832
     1740416           32         358.164    111386624      6961664
     1914432            1          22.250      3828864       239304
     1914432            2          25.223      7657728       478608
     1914432            4          50.845     15315456       957216
     1914432            8         101.493     30630912      1914432
     1914432           16         203.172     61261824      3828864
     1914432           32         407.192    122523648      7657728
     2105856            1          25.451      4211712       263232
     2105856            2          29.154      8423424       526464
     2105856            4          59.027     16846848      1052928
     2105856            8         117.643     33693696      2105856
     2105856           16         235.555     67387392      4211712
     2316416            1          28.024      4632832       289552
     2316416            2          33.781      9265664       579104
     2316416            4          69.818     18531328      1158208
     2316416            8         140.421     37062656      2316416
     2316416           16         281.396     74125312      4632832
     2548032            1          32.025      5096064       318504
     2548032            2          39.213     10192128       637008
     2548032            4          78.562     20384256      1274016
     2548032            8         162.095     40768512      2548032
     2548032           16         317.177     81537024      5096064
     2802816            1          36.176      5605632       350352
     2802816            2          44.748     11211264       700704
     2802816            4          90.507     22422528      1401408
     2802816            8         181.011     44845056      2802816
     2802816           16         361.941     89690112      5605632
     3083072            1          40.791      6166144       385384
     3083072            2          49.403     12332288       770768
     3083072            4          99.141     24664576      1541536
     3083072            8         198.629     49329152      3083072
     3083072           16         397.939     98658304      6166144
     3391360            1          46.169      6782720       423920
     3391360            2          55.318     13565440       847840
     3391360            4         109.669     27130880      1695680
     3391360            8         219.407     54261760      3391360
     3391360           16         439.355    108523520      6782720
     3730496            1          50.847      7460992       466312
     3730496            2          60.349     14921984       932624
     3730496            4         121.017     29843968      1865248
     3730496            8         242.196     59687936      3730496
     3730496           16         484.862    119375872      7460992
     4103488            1          56.876      8206976       512936
     4103488            2          67.770     16413952      1025872
     4103488            4         141.962     32827904      2051744
     4103488            8         267.970     65655808      4103488
     4513792            1          62.597      9027584       564224
     4513792            2          74.440     18055168      1128448
     4513792            4         147.779     36110336      2256896
     4513792            8         294.740     72220672      4513792
     4965120            1          68.638      9930240       620640
     4965120            2          81.684     19860480      1241280
     4965120            4         162.450     39720960      2482560
     4965120            8         323.984     79441920      4965120
     5461632            1          76.326     10923264       682704
     5461632            2          89.891     21846528      1365408
     5461632            4         178.441     43693056      2730816
     5461632            8         356.272     87386112      5461632
     6007744            1          84.499     12015488       750968
     6007744            2          98.579     24030976      1501936
     6007744            4         196.452     48061952      3003872
     6007744            8         391.693     96123904      6007744
     6608512            1          90.878     13217024       826064
     6608512            2         108.288     26434048      1652128
     6608512            4         216.105     52868096      3304256
     6608512            8         431.108    105736192      6608512
     7269312            1         103.626     14538624       908664
     7269312            2         118.135     29077248      1817328
     7269312            4         237.267     58154496      3634656
     7269312            8         473.358    116308992      7269312
     7996224            1         110.354     15992448       999528
     7996224            2         130.883     31984896      1999056
     7996224            4         260.795     63969792      3998112
     8795840            1         124.112     17591680      1099480
     8795840            2         143.794     35183360      2198960
     8795840            4         286.974     70366720      4397920
     9675392            1         135.037     19350784      1209424
     9675392            2         158.040     38701568      2418848
     9675392            4         315.050     77403136      4837696
    10642880            1         149.486     21285760      1330360
    10642880            2         173.834     42571520      2660720
    10642880            4         345.984     85143040      5321440
    11707136            1         166.055     23414272      1463392
    11707136            2         191.176     46828544      2926784
    11707136            4         381.642     93657088      5853568
    12877824            1         186.716     25755648      1609728
    12877824            2         210.117     51511296      3219456
    12877824            4         419.738    103022592      6438912
    14165568            1         199.410     28331136      1770696
    14165568            2         232.853     56662272      3541392
    14165568            4         464.347    113324544      7082784
    15582080            1         221.119     31164160      1947760
    15582080            2         267.322     62328320      3895520
    15582080            4         530.629    124656640      7791040
    17140288            1         247.947     34280576      2142536
    17140288            2         342.007     68561152      4285072
    18854272            1         297.320     37708544      2356784
    18854272            2         579.806     75417088      4713568
    20739648            1         440.471     41479296      2592456
    20739648            2        1023.446     82958592      5184912
    22813568            1         678.782     45627136      2851696
    22813568            2        1681.478     91254272      5703392
    25094912            1        1034.373     50189824      3136864
    25094912            2        2529.837    100379648      6273728
    27604352            1        1508.123     55208704      3450544
    27604352            2        3450.661    110417408      6901088
    30364736            1        1938.568     60729472      3795592
    30364736            2        4262.689    121458944      7591184
    33401152            1        2362.300     66802304      4175144
    36741248            1        2771.631     73482496      4592656
    40415360            1        3150.703     80830720      5051920
    44456896            1        3504.491     88913792      5557112
    48902528            1        3866.698     97805056      6112816
    53792768            1        4270.456    107585536      6724096
    59172032            1        4690.866    118344064      7396504

META_DATA
MPI_PROCS      1
OPENMP_THREADS 8
FLOPS          1
ERT_VERSION  1.0.0
TIMESTAMP_DATA  1594866800.53
HOSTNAME  ('apollo-PowerEdge-R430', [], ['127.0.1.1'])
UNAME  ('Linux', 'apollo-PowerEdge-R430', '4.19.129-0419129-generic', '#202006220433 SMP Mon Jun 22 09:12:54 UTC 2020', 'x86_64', 'x86_64')
CONFIG  {'ERT_WORKING_SET_MIN': ['1'], 'ERT_CFLAGS': ['-O3'], 'ERT_CC': ['gcc'], 'ERT_MPI_CFLAGS': [], 'ERT_MPI_LDFLAGS': [], 'ERT_MEMORY_MAX': ['62497788'], 'ERT_PROCS_THREADS': ['8'], 'ERT_LDFLAGS': [], 'ERT_LDLIBS': [], 'ERT_SPEC_GBYTES_DRAM': ['1.0'], 'ERT_RUN': ['export', 'KMP_AFFINITY=scatter;', 'export', 'OMP_NUM_THREADS=ERT_OPENMP_THREADS;', 'ERT_CODE'], 'ERT_FLOPS': ['1,2,4,8,16'], 'ERT_OPENMP_CFLAGS': ['-fopenmp'], 'ERT_SPEC_GFLOPS': ['1.0'], 'ERT_MPI': ['False'], 'ERT_TRIALS_MIN': ['1'], 'ERT_DRIVER': ['driver1'], 'ERT_RESULTS': ['Results.x86'], 'ERT_OPENMP': ['True'], 'ERT_MPI_PROCS': ['1'], 'ERT_KERNEL': ['kernel1'], 'ERT_OPENMP_THREADS': ['1-32'], 'ERT_LD': ['gcc'], 'ERT_NUM_EXPERIMENTS': ['6'], 'ERT_OPENMP_LDFLAGS': ['-fopenmp'], 'ERT_ALIGN': ['32'], 'ERT_GNUPLOT': ['gnuplot']}
