64 524288 6853.476 7164.298 7804.162 8.59911211479 9.36712347811 9.79194557623 4.2995560574 4.68356173906 4.89597278812
128 262144 3426.633 3429.413 3430.217 19.564028748 19.5686153869 19.5844912484 9.78201437402 9.78430769347 9.7922456242
192 262144 3428.202 3429.49 3433.376 29.3190422488 29.3522640393 29.3632918947 14.6595211244 14.6761320196 14.6816459474
256 131072 1712.308 1716.839 1732.859 38.7272501687 39.0886180941 39.1920518972 19.3636250843 19.544309047 19.5960259486
320 131072 1712.432 1716.892 1718.077 48.8255648612 48.8592642985 48.9865174208 24.4127824306 24.4296321493 24.4932587104
384 131072 1712.329 1714.556 1720.314 58.5144897966 58.7109992325 58.7873568689 29.2572448983 29.3554996162 29.3936784345
448 131072 1728.258 1729.32 1732.307 67.7942835768 67.9113825087 67.9531134819 33.8971417884 33.9556912544 33.9765567409
512 65536 864.529 865.89 869.851 77.1498383056 77.502759011 77.6247690939 38.5749191528 38.7513795055 38.812384547
576 65536 866.795 867.564 871.343 86.6449515288 87.0223660733 87.0995702559 43.3224757644 43.5111830366 43.549785128
640 65536 857.675 858.636 863.774 97.1157733389 97.6969053243 97.8063718775 48.5578866694 48.8484526621 48.9031859387
704 65536 922.797 923.879 973.814 94.7559677721 99.8774601436 99.9945686863 47.377983886 49.9387300718 49.9972843431
768 65536 920.722 925.386 970.41 103.732748014 108.779791352 109.330825157 51.8663740069 54.389895676 54.6654125784
832 65536 961.463 962.071 962.57 113.29244003 113.35120173 113.422881588 56.6462200152 56.6756008652 56.7114407939
896 65536 961.943 964.827 973.004 120.698899491 121.72183407 122.086768135 60.3494497453 60.8609170349 61.0433840675
960 32768 527.475 528.004 532.945 118.050755706 119.155460943 119.274960899 59.0253778532 59.5777304717 59.6374804493
1024 32768 527.364 527.415 532.026 126.138316548 127.241098566 127.253403721 63.0691582742 63.6205492828 63.6267018606
1088 32768 586.868 587.418 593.281 120.184479193 121.38403658 121.497795075 60.0922395964 60.6920182902 60.7488975374
1152 32768 593.899 594.04 598.219 126.203734753 127.091562858 127.121736187 63.1018673763 63.5457814289 63.5608680937
1216 32768 652.986 653.368 653.949 121.862371531 121.970736247 122.042089723 60.9311857653 60.9853681233 61.0210448616
1280 32768 653.068 653.234 663.492 126.431185304 128.416585787 128.449227339 63.2155926522 64.2082928935 64.2246136696
1408 32768 721.303 721.532 724.733 127.322321462 127.887173403 127.927775151 63.6611607309 63.9435867016 63.9638875757
1536 32768 779.198 779.245 783.678 128.449817399 129.180547838 129.188339806 64.2249086997 64.590273919 64.5941699029
1664 32768 848.609 852.075 873.16 124.893380366 127.983926298 128.506655008 62.4466901828 63.9919631488 64.2533275042
1792 32768 906.356 907.816 908.175 129.314847909 129.365986059 129.574374749 64.6574239546 64.6829930294 64.7871873745
1920 16384 488.641 488.69 488.739 128.728339666 128.741247007 128.754156937 64.364169833 64.3706235037 64.3770784687
2112 16384 548.018 548.093 551.157 125.564976948 126.266921855 126.284202344 62.7824884742 63.1334609273 63.1421011719
2304 16384 580.615 580.844 580.971 129.950500111 129.978913443 130.030178345 64.9752500555 64.9894567216 65.0150891727
2496 16384 645.337 747.45 748.615 109.25365909 109.423945414 126.738321218 54.6268295452 54.7119727072 63.3691606091
2688 16384 679.952 680.072 680.162 129.499125208 129.516262984 129.539120408 64.7495626042 64.758131492 64.7695602042
2944 16384 743.918 744.063 744.141 129.638055154 129.651645089 129.676916004 64.8190275768 64.8258225446 64.8384580021
3200 16384 807.713 807.793 812.557 129.046454587 129.807512568 129.820369364 64.5232272936 64.9037562841 64.9101846819
3520 16384 898.551 899.465 902.194 127.84762479 128.23551778 128.365958081 63.9238123951 64.11775889 64.1829790407
3840 8192 481.799 481.932 486.455 129.332744036 130.546550136 130.582587345 64.666372018 65.2732750679 65.2912936723
4224 8192 583.323 583.495 590.603 117.178571731 118.606013762 118.640986212 58.5892858655 59.303006881 59.3204931059
4608 8192 577.363 577.585 591.903 127.550412821 130.712314205 130.762573979 63.7752064105 65.3561571024 65.3812869893
5056 8192 693.987 702.218 705.838 117.360504818 117.965509286 119.364633631 58.6802524092 58.9827546431 59.6823168157
5504 8192 741.545 744.574 745.907 120.896487096 121.112926318 121.607638107 60.4482435478 60.5564631588 60.8038190535
6016 8192 813.083 813.119 816.646 120.696291906 121.219826372 121.225193492 60.3481459531 60.6099131861 60.612596746
6592 8192 890.087 891.229 892.313 121.037492449 121.184710103 121.340192588 60.5187462247 60.5923550513 60.670096294
7232 8192 964.007 976.872 980.257 120.875533661 121.294384525 122.913099179 60.4377668305 60.6471922627 61.4565495894
7936 4096 527.933 527.957 532.086 122.182714824 123.13827073 123.143868635 61.0913574121 61.5691353652 61.5719343174
8704 4096 577.731 577.749 582.361 122.438089089 123.415476271 123.419321449 61.2190445445 61.7077381354 61.7096607245
9536 4096 634.513 635.549 640.934 121.882927103 122.915639864 123.116330162 60.9414635516 61.4578199321 61.5581650809
10432 4096 685.05 688.591 691.229 123.633331356 124.106972063 124.748476754 61.8166656781 62.0534860316 62.3742383768
11456 4096 751.542 752.215 773.927 121.261503992 124.761606721 124.873329767 60.630751996 62.3808033607 62.4366648837
12544 4096 818.022 818.686 833.051 123.354330047 125.518755665 125.62064101 61.6771650235 62.7593778323 62.8103205048
13760 4096 891.833 899.446 903.862 124.711427187 125.323721491 126.393528833 62.3557135934 62.6618607454 63.1967644167
15104 4096 978.631 979.7 982.495 125.936486191 126.295772175 126.433730385 62.9682430954 63.1478860876 63.2168651923
16576 2048 534.034 537.904 538.089 126.178561539 126.221957821 127.136654221 63.0892807695 63.1109789107 63.5683271103
18176 2048 587.598 587.616 591.851 125.789930236 126.696509285 126.700390403 62.8949651179 63.3482546425 63.3501952015
19968 2048 642.21 642.283 645.102 126.784489895 127.340950952 127.355425795 63.3922449473 63.6704754758 63.6777128977
21952 2048 701.28 702.735 707.921 127.013313632 127.950638576 128.216107689 63.5066568162 63.9753192882 64.1080538444
24128 2048 770.451 774.622 779.066 126.854833865 127.582598997 128.273294473 63.4274169326 63.7912994983 64.1366472365
26496 2048 844.407 844.459 847.404 128.070691193 128.51733003 128.525244343 64.0353455967 64.2586650151 64.2626221715
29120 2048 920.373 923.71 924.4 129.030203375 129.126587349 129.594762124 64.5151016876 64.5632936744 64.7973810618
32000 1024 508.661 508.744 525.278 124.764410465 128.819209661 128.840229544 62.3822052323 64.4096048307 64.4201147719
35200 1024 556.853 556.893 557.048 129.413623243 129.44964293 129.458941588 64.7068116213 64.7248214648 64.7294707939
38720 1024 610.627 614.295 614.381 129.07065811 129.088727729 129.864156023 64.5353290548 64.5443638643 64.9320780116
42560 1024 666.352 674.778 675.323 129.068430958 129.17267605 130.806060461 64.5342154791 64.5863380252 65.4030302303
46784 1024 732.716 735.988 737.428 129.929473793 130.183687778 130.76503311 64.9647368963 65.0918438888 65.3825165548
51456 1024 809.499 809.556 812.352 129.724415032 130.172450084 130.181616037 64.862207516 65.0862250419 65.0908080183
56576 1024 887.693 888.751 891.004 130.041669847 130.371327852 130.526711374 65.0208349233 65.1856639261 65.2633556872
62208 512 489.239 489.288 491.937 129.49014203 130.191200275 130.204239646 64.7450710152 65.0956001373 65.1021198228
68416 512 535.199 537.242 537.285 130.392592386 130.403028803 130.900812595 65.1962961929 65.2015144013 65.4504062975
75200 512 584.916 589.134 591.05 130.284747483 130.708463609 131.651040491 65.1423737416 65.3542318046 65.8255202456
82688 512 646.17 646.34 646.46 130.97873341 131.003051026 131.037516443 65.4893667048 65.5015255129 65.5187582215
90944 512 705.178 709.79 712.082 130.780803334 131.203110779 132.061204405 65.3904016672 65.6015553896 66.0306022026
100032 512 779.608 780.52 783.715 130.701553498 131.236570491 131.390093483 65.3507767492 65.6182852457 65.6950467414
110016 512 854.625 857.575 861.878 130.710360399 131.366217532 131.819668276 65.3551801995 65.683108766 65.9098341378
120960 512 942.818 945.222 945.332 131.025967597 131.041215714 131.375344976 65.5129837983 65.5206078572 65.6876724882
133056 256 517.099 517.997 518.657 131.348216644 131.515572484 131.743963922 65.6741083221 65.757786242 65.8719819609
146304 256 569.588 569.719 572.334 130.881003051 131.481744509 131.511984101 65.4405015253 65.7408722546 65.7559920504
160896 256 626.217 628.294 628.84 131.001132243 131.114974837 131.549849333 65.5005661217 65.5574874183 65.7749246667
176960 256 686.362 687.999 690.446 131.224628718 131.691354203 132.005443192 65.6123143591 65.8456771013 66.0027215959
194624 256 755.079 756.608 760.678 130.99825156 131.702926747 131.969619073 65.4991257799 65.8514633734 65.9848095365
214080 256 829.051 831.675 832.813 131.612931114 131.79302011 132.210153537 65.8064655571 65.896510055 66.1050767685
235456 256 913.07 914.348 917.526 131.389706668 131.846377966 132.030919864 65.6948533339 65.9231889828 66.0154599319
258944 128 503.439 503.593 506.54 130.867580053 131.633410313 131.673676453 65.4337900265 65.8167051567 65.8368382267
284800 128 604.52 604.638 607.494 120.015670937 120.582563451 120.606100708 60.0078354683 60.2912817256 60.303050354
313280 128 686.396 686.69 687.004 116.738301378 116.791681836 116.841706537 58.3691506891 58.395840918 58.4208532684
344576 128 754.869 755.1 770.859 114.432673161 116.820892597 116.856641351 57.2163365804 58.4104462985 58.4283206755
379008 128 830.02 830.445 832.975 116.481344578 116.83621191 116.89603624 58.2406722891 58.4181059552 58.44801812
416896 128 912.959 913.183 913.378 116.84688705 116.871838394 116.900513605 58.423443525 58.4359191969 58.4502568023
458560 128 1004.114 1004.416 1007.25 116.54639861 116.875238945 116.910390653 58.273199305 58.4376194724 58.4551953264
504384 64 552.227 552.676 554.907 116.345895799 116.815551969 116.910531358 58.1729478994 58.4077759845 58.4552656788
554816 64 607.38 607.753 615.414 115.396217831 116.850839074 116.922598703 57.6981089153 58.4254195372 58.4612993513
610240 64 667.824 668.336 670.701 116.461314356 116.873428934 116.963032176 58.2306571781 58.436714467 58.4815160881
671232 64 734.861 734.965 737.572 116.487198538 116.900391175 116.916935312 58.243599269 58.4501955875 58.4584676558
738304 64 808.138 810.527 811.127 116.508157169 116.594403394 116.939077237 58.2540785845 58.2972016972 58.4695386184
812096 64 888.671 889.036 891.761 116.565187309 116.922473331 116.970496393 58.2825936546 58.4612366653 58.4852481965
893248 64 977.566 980.246 984.793 116.101296415 116.639847548 116.959616026 58.0506482073 58.3199237742 58.479808013
982528 32 537.889 538.046 566.588 110.983275325 116.870661616 116.904774033 55.4916376626 58.4353308081 58.4523870167
1080768 32 591.522 591.904 596.625 115.934049026 116.858733849 116.93420025 57.9670245129 58.4293669244 58.4671001248
1188800 32 650.33 650.927 654.387 116.266368372 116.884381812 116.991681146 58.1331841861 58.4421909062 58.4958405732
1307648 32 715.837 718.394 719.759 116.274297369 116.495226853 116.911352724 58.1371486845 58.2476134266 58.4556763621
1438400 32 787.767 791.343 795.196 115.767181927 116.330845158 116.858918944 57.8835909637 58.1654225791 58.4294594722
1582208 32 866.964 874.061 880.879 114.954848509 115.851538966 116.799904033 57.4774242546 57.9257694829 58.3999520165
1740416 32 956.366 961.042 965.854 115.324494178 115.901931445 116.468615572 57.6622470891 57.9509657226 58.2343077859
1914432 32 1057.319 1066.134 1069.025 114.612518884 114.923309828 115.881439755 57.306259442 57.4616549139 57.9407198774
2105856 16 583.553 588.222 590.754 114.070140871 114.561155482 115.477757804 57.0350704354 57.2805777411 57.7388789022
2316416 16 648.362 651.138 654.428 113.267329637 113.839634609 114.327045694 56.6336648187 56.9198173045 57.1635228468
2548032 16 717.195 724.331 729.54 111.764980673 112.56873446 113.688779202 55.8824903364 56.2843672299 56.8443896012
2802816 16 791.725 793.78 800.729 112.010570368 112.991146161 113.284425779 56.0052851839 56.4955730807 56.6422128896
3083072 16 871.758 874.185 911.536 108.23303084 112.857466097 113.171664613 54.1165154201 56.4287330485 56.5858323067
3391360 16 961.075 963.688 967.181 112.20600901 112.612712828 112.918887704 56.1030045048 56.3063564141 56.4594438519
3730496 16 1056.195 1058.742 1059.769 112.643294907 112.752561058 113.024462339 56.3216474534 56.3762805292 56.5122311694
4103488 8 582.594 583.352 584.254 112.375453142 112.549212139 112.695647398 56.187726571 56.2746060697 56.3478236988
4513792 8 641.344 642.164 676.8 106.709030733 112.46452931 112.608322523 53.3545153664 56.2322646551 56.3041612614
4965120 8 705.131 705.423 706.145 112.500860305 112.616004865 112.662639992 56.2504301524 56.3080024326 56.3313199959
5461632 8 773.971 776.099 781.51 111.817010659 112.596604299 112.906183823 55.9085053294 56.2983021496 56.4530919117
6007744 8 852.978 853.796 854.146 112.538025115 112.584158277 112.692125705 56.2690125576 56.2920791383 56.3460628527
6608512 8 937.745 942.562 944.78 111.916204831 112.179561663 112.755804616 55.9581024154 56.0897808314 56.3779023082
7269312 8 1029.899 1032.613 1036.188 112.246997649 112.635606951 112.932425413 56.1234988245 56.3178034753 56.4662127063
7996224 4 568.493 569.248 569.383 112.349318473 112.375962674 112.525206115 56.1746592364 56.1879813368 56.2626030576
8795840 4 623.906 625.926 631.695 111.393504777 112.420190246 112.78416941 55.6967523884 56.2100951231 56.3920847051
9675392 4 686.68 687.795 692.654 111.748630629 112.538090565 112.720824838 55.8743153147 56.2690452824 56.3604124192
10642880 4 754.669 755.777 761.795 111.766341339 112.656299411 112.82170064 55.8831706693 56.3281497055 56.4108503198
11707136 4 830.987 832.787 878.824 106.570926602 112.462235842 112.705840164 53.285463301 56.2311179209 56.3529200818
12877824 4 912.418 915.553 919.245 112.073051254 112.524989815 112.911617263 56.036525627 56.2624949074 56.4558086316
14165568 4 1007.113 1013.822 1020.566 111.040877317 111.779527373 112.524159652 55.5204386585 55.8897636863 56.2620798262
15582080 4 1119.564 1126.706 1139.344 109.410889073 110.638125651 111.343916024 54.7054445365 55.3190628256 55.6719580122
17140288 2 631.244 649.9 661.141 103.701255859 105.494925373 108.612758299 51.8506279296 52.7474626866 54.3063791497
18854272 2 775.78 805.702 836.551 90.1524091179 93.6041960924 97.2145298925 45.076204559 46.8020980462 48.6072649462
20739648 2 1095.231 1139.159 1146.115 72.3824328274 72.8244187159 75.7452920891 36.1912164137 36.412209358 37.8726460445
22813568 2 1652.197 1702.073 1768.446 51.6013901471 53.6136064669 55.2320770465 25.8006950735 26.8068032335 27.6160385233
25094912 2 2500.012 2532.606 2549.492 39.3724114451 39.6349246586 40.151666472 19.6862057226 19.8174623293 20.075833236
27604352 2 3373.12 3407.539 3439.046 32.10698781 32.4038574467 32.7345033678 16.053493905 16.2019287233 16.3672516839
30364736 2 4194.98 4241.972 4289.698 28.3141013656 28.6326604702 28.9534024 14.1570506828 14.3163302351 14.4767012
33401152 1 2345.165 2367.555 2384.408 28.0163059342 28.2157347981 28.4851189575 14.0081529671 14.1078673991 14.2425594788
36741248 1 2753.857 2783.046 2808.522 26.1641162149 26.4036225057 26.6834828388 13.0820581074 13.2018112529 13.3417414194
40415360 1 3118.36 3185.259 3214.6 25.144876501 25.376498426 25.9209071435 12.5724382505 12.688249213 12.9604535717
44456896 1 3519.31 3539.114 3543.742 25.0903683169 25.123178287 25.2645524265 12.5451841584 12.5615891435 12.6322762132
48902528 1 3881.501 3927.406 3954.6 24.7319718808 24.9032200898 25.1977407709 12.3659859404 12.4516100449 12.5988703855
53792768 1 4284.971 4305.915 4322.871 24.8875194286 24.9855224732 25.1076462361 12.4437597143 12.4927612366 12.5538231181
59172032 1 4722.862 4735.613 4762.642 24.8484064097 24.9902312541 25.0577010296 12.4242032049 12.4951156271 12.5288505148

META_DATA
TIMESTAMP_DATA  1594866804.52
OPENMP_THREADS 8
FLOPS          8
CONFIG  {'ERT_WORKING_SET_MIN': ['1'], 'ERT_CFLAGS': ['-O3'], 'ERT_CC': ['gcc'], 'ERT_MPI_CFLAGS': [], 'ERT_MPI_LDFLAGS': [], 'ERT_MEMORY_MAX': ['62497788'], 'ERT_PROCS_THREADS': ['8'], 'ERT_LDFLAGS': [], 'ERT_LDLIBS': [], 'ERT_SPEC_GBYTES_DRAM': ['1.0'], 'ERT_RUN': ['export', 'KMP_AFFINITY=scatter;', 'export', 'OMP_NUM_THREADS=ERT_OPENMP_THREADS;', 'ERT_CODE'], 'ERT_FLOPS': ['1,2,4,8,16'], 'ERT_OPENMP_CFLAGS': ['-fopenmp'], 'ERT_SPEC_GFLOPS': ['1.0'], 'ERT_MPI': ['False'], 'ERT_TRIALS_MIN': ['1'], 'ERT_DRIVER': ['driver1'], 'ERT_RESULTS': ['Results.x86'], 'ERT_OPENMP': ['True'], 'ERT_MPI_PROCS': ['1'], 'ERT_KERNEL': ['kernel1'], 'ERT_OPENMP_THREADS': ['1-32'], 'ERT_LD': ['gcc'], 'ERT_NUM_EXPERIMENTS': ['6'], 'ERT_OPENMP_LDFLAGS': ['-fopenmp'], 'ERT_ALIGN': ['32'], 'ERT_GNUPLOT': ['gnuplot']}
HOSTNAME  ('apollo-PowerEdge-R430', [], ['127.0.1.1'])
MPI_PROCS      1
TIMESTAMP_DATA  1594866805.61
TIMESTAMP_DATA  1594866805.07
UNAME  ('Linux', 'apollo-PowerEdge-R430', '4.19.129-0419129-generic', '#202006220433 SMP Mon Jun 22 09:12:54 UTC 2020', 'x86_64', 'x86_64')
TIMESTAMP_DATA  1594866805.34
TIMESTAMP_DATA  1594866804.8
TIMESTAMP_DATA  1594866805.88
ERT_VERSION  1.0.0
