          64            1           2.733          128           64
          64            2           1.428          256          128
          64            4           1.462          512          256
          64            8           1.485         1024          512
          64           16           1.655         2048         1024
          64           32           2.225         4096         2048
          64           64           2.863         8192         4096
          64          128           4.602        16384         8192
          64          256           7.772        32768        16384
          64          512          14.193        65536        32768
          64         1024          26.914       131072        65536
          64         2048          52.541       262144       131072
          64         4096         103.790       524288       262144
          64         8192         206.430      1048576       524288
          64        16384         411.356      2097152      1048576
          64        32768         827.294      4194304      2097152
          64        65536        1639.996      8388608      4194304
          64       131072        3289.854     16777216      8388608
          64       262144        4665.084     33554432     16777216
          64       524288        6856.753     67108864     33554432
         128            1           0.799          256          128
         128            2           0.770          512          256
         128            4           0.815         1024          512
         128            8           0.803         2048         1024
         128           16           0.904         4096         2048
         128           32           1.117         8192         4096
         128           64           1.537        16384         8192
         128          128           2.366        32768        16384
         128          256           4.038        65536        32768
         128          512           7.374       131072        65536
         128         1024          14.099       262144       131072
         128         2048          27.451       524288       262144
         128         4096          54.192      1048576       524288
         128         8192         107.667      2097152      1048576
         128        16384         214.650      4194304      2097152
         128        32768         428.599      8388608      4194304
         128        65536         856.512     16777216      8388608
         128       131072        1723.177     33554432     16777216
         128       262144        3426.633     67108864     33554432
         192            1           0.899          384          192
         192            2           0.802          768          384
         192            4           0.893         1536          768
         192            8           0.798         3072         1536
         192           16           1.036         6144         3072
         192           32           1.104        12288         6144
         192           64           1.682        24576        12288
         192          128           2.357        49152        24576
         192          256           4.161        98304        49152
         192          512           7.490       196608        98304
         192         1024          14.219       393216       196608
         192         2048          27.434       786432       393216
         192         4096          54.308      1572864       786432
         192         8192         107.672      3145728      1572864
         192        16384         214.640      6291456      3145728
         192        32768         428.594     12582912      6291456
         192        65536         856.506     25165824     12582912
         192       131072        1712.310     50331648     25165824
         192       262144        3429.490    100663296     50331648
         256            1           0.751          512          256
         256            2           0.766         1024          512
         256            4           0.774         2048         1024
         256            8           0.823         4096         2048
         256           16           0.914         8192         4096
         256           32           1.109        16384         8192
         256           64           1.532        32768        16384
         256          128           2.367        65536        32768
         256          256           4.036       131072        65536
         256          512           7.367       262144       131072
         256         1024          14.053       524288       262144
         256         2048          27.433      1048576       524288
         256         4096          54.180      2097152      1048576
         256         8192         107.666      4194304      2097152
         256        16384         214.644      8388608      4194304
         256        32768         428.603     16777216      8388608
         256        65536         859.913     33554432     16777216
         256       131072        1712.326     67108864     33554432
         320            1           0.746          640          320
         320            2           0.919         1280          640
         320            4           0.794         2560         1280
         320            8           0.836         5120         2560
         320           16           0.921        10240         5120
         320           32           1.129        20480        10240
         320           64           1.569        40960        20480
         320          128           2.449        81920        40960
         320          256           4.172       163840        81920
         320          512           7.444       327680       163840
         320         1024          14.132       655360       327680
         320         2048          27.478      1310720       655360
         320         4096          54.311      2621440      1310720
         320         8192         107.797      5242880      2621440
         320        16384         214.778     10485760      5242880
         320        32768         428.717     20971520     10485760
         320        65536         861.532     41943040     20971520
         320       131072        1712.443     83886080     41943040
         384            1           0.755          768          384
         384            2           0.762         1536          768
         384            4           0.758         3072         1536
         384            8           0.806         6144         3072
         384           16           0.904        12288         6144
         384           32           1.123        24576        12288
         384           64           1.533        49152        24576
         384          128           2.378        98304        49152
         384          256           4.046       196608        98304
         384          512           7.403       393216       196608
         384         1024          14.069       786432       393216
         384         2048          27.449      1572864       786432
         384         4096          54.200      3145728      1572864
         384         8192         107.689      6291456      3145728
         384        16384         214.657     12582912      6291456
         384        32768         428.618     25165824     12582912
         384        65536         856.530     50331648     25165824
         384       131072        1714.556    100663296     50331648
         448            1           0.747          896          448
         448            2           0.769         1792          896
         448            4           0.795         3584         1792
         448            8           0.827         7168         3584
         448           16           0.925        14336         7168
         448           32           1.133        28672        14336
         448           64           1.552        57344        28672
         448          128           2.384       114688        57344
         448          256           4.069       229376       114688
         448          512           7.450       458752       229376
         448         1024          14.238       917504       458752
         448         2048          27.816      1835008       917504
         448         4096          54.745      3670016      1835008
         448         8192         108.897      7340032      3670016
         448        16384         216.718     14680064      7340032
         448        32768         432.937     29360128     14680064
         448        65536         865.189     58720256     29360128
         448       131072        1732.307    117440512     58720256
         512            1           0.764         1024          512
         512            2           0.793         2048         1024
         512            4           0.887         4096         2048
         512            8           0.974         8192         4096
         512           16           0.920        16384         8192
         512           32           1.129        32768        16384
         512           64           1.704        65536        32768
         512          128           2.523       131072        65536
         512          256           4.193       262144       131072
         512          512           7.417       524288       262144
         512         1024          14.246      1048576       524288
         512         2048          27.588      2097152      1048576
         512         4096          54.827      4194304      2097152
         512         8192         108.085      8388608      4194304
         512        16384         216.053     16777216      8388608
         512        32768         432.481     33554432     16777216
         512        65536         865.890     67108864     33554432
         576            1           0.757         1152          576
         576            2           0.911         2304         1152
         576            4           0.919         4608         2304
         576            8           0.826         9216         4608
         576           16           0.936        18432         9216
         576           32           1.142        36864        18432
         576           64           1.558        73728        36864
         576          128           2.411       147456        73728
         576          256           4.108       294912       147456
         576          512           7.638       589824       294912
         576         1024          14.254      1179648       589824
         576         2048          27.588      2359296      1179648
         576         4096          55.024      4718592      2359296
         576         8192         109.155      9437184      4718592
         576        16384         217.276     18874368      9437184
         576        32768         434.022     37748736     18874368
         576        65536         871.343     75497472     37748736
         640            1           0.770         1280          640
         640            2           0.771         2560         1280
         640            4           0.804         5120         2560
         640            8           0.836        10240         5120
         640           16           0.929        20480        10240
         640           32           1.142        40960        20480
         640           64           1.570        81920        40960
         640          128           2.395       163840        81920
         640          256           4.106       327680       163840
         640          512           7.445       655360       327680
         640         1024          14.188      1310720       655360
         640         2048          27.606      2621440      1310720
         640         4096          54.333      5242880      2621440
         640         8192         107.999     10485760      5242880
         640        16384         214.893     20971520     10485760
         640        32768         429.123     41943040     20971520
         640        65536         857.704     83886080     41943040
         704            1           0.739         1408          704
         704            2           0.784         2816         1408
         704            4           0.797         5632         2816
         704            8           0.845        11264         5632
         704           16           0.952        22528        11264
         704           32           1.182        45056        22528
         704           64           1.618        90112        45056
         704          128           2.519       180224        90112
         704          256           4.323       360448       180224
         704          512           7.936       720896       360448
         704         1024          15.161      1441792       720896
         704         2048          29.645      2883584      1441792
         704         4096          58.487      5767168      2883584
         704         8192         116.126     11534336      5767168
         704        16384         231.579     23068672     11534336
         704        32768         462.134     46137344     23068672
         704        65536         973.814     92274688     46137344
         768            1           0.748         1536          768
         768            2           0.787         3072         1536
         768            4           0.845         6144         3072
         768            8           0.843        12288         6144
         768           16           0.979        24576        12288
         768           32           1.185        49152        24576
         768           64           1.767        98304        49152
         768          128           2.543       196608        98304
         768          256           4.317       393216       196608
         768          512           8.035       786432       393216
         768         1024          15.245      1572864       786432
         768         2048          29.560      3145728      1572864
         768         4096          58.323      6291456      3145728
         768         8192         115.966     12582912      6291456
         768        16384         230.732     25165824     12582912
         768        32768         460.752     50331648     25165824
         768        65536         920.832    100663296     50331648
         832            1           0.734         1664          832
         832            2           0.777         3328         1664
         832            4           0.812         6656         3328
         832            8           0.843        13312         6656
         832           16           0.962        26624        13312
         832           32           1.210        53248        26624
         832           64           1.665       106496        53248
         832          128           2.604       212992       106496
         832          256           4.479       425984       212992
         832          512           8.244       851968       425984
         832         1024          15.734      1703936       851968
         832         2048          30.792      3407872      1703936
         832         4096          60.892      6815744      3407872
         832         8192         120.981     13631488      6815744
         832        16384         241.157     27262976     13631488
         832        32768         480.830     54525952     27262976
         832        65536         962.071    109051904     54525952
         896            1           0.771         1792          896
         896            2           0.921         3584         1792
         896            4           0.805         7168         3584
         896            8           0.968        14336         7168
         896           16           0.982        28672        14336
         896           32           1.227        57344        28672
         896           64           1.802       114688        57344
         896          128           2.601       229376       114688
         896          256           4.480       458752       229376
         896          512           8.262       917504       458752
         896         1024          15.748      1835008       917504
         896         2048          30.908      3670016      1835008
         896         4096          60.933      7340032      3670016
         896         8192         121.045     14680064      7340032
         896        16384         241.145     29360128     14680064
         896        32768         481.425     58720256     29360128
         896        65536         962.149    117440512     58720256
         960            1           0.792         1920          960
         960            2           0.762         3840         1920
         960            4           0.799         7680         3840
         960            8           0.857        15360         7680
         960           16           0.994        30720        15360
         960           32           1.246        61440        30720
         960           64           1.765       122880        61440
         960          128           2.775       245760       122880
         960          256           4.827       491520       245760
         960          512           8.952       983040       491520
         960         1024          17.222      1966080       983040
         960         2048          33.747      3932160      1966080
         960         4096          66.739      7864320      3932160
         960         8192         132.566     15728640      7864320
         960        16384         264.565     31457280     15728640
         960        32768         528.025     62914560     31457280
        1024            1           0.757         2048         1024
        1024            2           0.781         4096         2048
        1024            4           0.792         8192         4096
        1024            8           0.868        16384         8192
        1024           16           0.976        32768        16384
        1024           32           1.243        65536        32768
        1024           64           1.753       131072        65536
        1024          128           2.799       262144       131072
        1024          256           4.853       524288       262144
        1024          512           8.973      1048576       524288
        1024         1024          17.311      2097152      1048576
        1024         2048          33.699      4194304      2097152
        1024         4096          66.666      8388608      4194304
        1024         8192         132.445     16777216      8388608
        1024        16384         264.131     33554432     16777216
        1024        32768         532.026     67108864     33554432
        1088            1           0.759         2176         1088
        1088            2           0.885         4352         2176
        1088            4           0.988         8704         4352
        1088            8           0.870        17408         8704
        1088           16           1.127        34816        17408
        1088           32           1.462        69632        34816
        1088           64           2.022       139264        69632
        1088          128           3.165       278528       139264
        1088          256           5.300       557056       278528
        1088          512           9.889      1114112       557056
        1088         1024          19.037      2228224      1114112
        1088         2048          37.509      4456448      2228224
        1088         4096          74.274      8912896      4456448
        1088         8192         147.605     17825792      8912896
        1088        16384         294.145     35651584     17825792
        1088        32768         587.418     71303168     35651584
        1152            1           0.763         2304         1152
        1152            2           0.890         4608         2304
        1152            4           0.919         9216         4608
        1152            8           1.009        18432         9216
        1152           16           1.204        36864        18432
        1152           32           1.305        73728        36864
        1152           64           1.884       147456        73728
        1152          128           3.191       294912       147456
        1152          256           5.462       589824       294912
        1152          512          10.016      1179648       589824
        1152         1024          19.403      2359296      1179648
        1152         2048          37.916      4718592      2359296
        1152         4096          75.076      9437184      4718592
        1152         8192         149.147     18874368      9437184
        1152        16384         297.473     37748736     18874368
        1152        32768         593.899     75497472     37748736
        1216            1           0.905         2432         1216
        1216            2           0.933         4864         2432
        1216            4           0.866         9728         4864
        1216            8           0.924        19456         9728
        1216           16           1.190        38912        19456
        1216           32           1.364        77824        38912
        1216           64           2.101       155648        77824
        1216          128           3.274       311296       155648
        1216          256           5.821       622592       311296
        1216          512          10.948      1245184       622592
        1216         1024          21.228      2490368      1245184
        1216         2048          41.594      4980736      2490368
        1216         4096          82.387      9961472      4980736
        1216         8192         163.910     19922944      9961472
        1216        16384         327.107     39845888     19922944
        1216        32768         653.072     79691776     39845888
        1280            1           0.759         2560         1280
        1280            2           0.779         5120         2560
        1280            4           0.835        10240         5120
        1280            8           0.898        20480        10240
        1280           16           1.057        40960        20480
        1280           32           1.365        81920        40960
        1280           64           2.001       163840        81920
        1280          128           3.265       327680       163840
        1280          256           5.831       655360       327680
        1280          512          10.934      1310720       655360
        1280         1024          23.887      2621440      1310720
        1280         2048          41.610      5242880      2621440
        1280         4096          82.376     10485760      5242880
        1280         8192         163.917     20971520     10485760
        1280        16384         326.976     41943040     20971520
        1280        32768         653.068     83886080     41943040
        1408            1           0.775         2816         1408
        1408            2           0.781         5632         2816
        1408            4           0.820        11264         5632
        1408            8           0.908        22528        11264
        1408           16           1.066        45056        22528
        1408           32           1.431        90112        45056
        1408           64           2.130       180224        90112
        1408          128           3.541       360448       180224
        1408          256           6.382       720896       360448
        1408          512          11.994      1441792       720896
        1408         1024          23.409      2883584      1441792
        1408         2048          45.883      5767168      2883584
        1408         4096          90.927     11534336      5767168
        1408         8192         180.934     23068672     11534336
        1408        16384         361.049     46137344     23068672
        1408        32768         721.367     92274688     46137344
        1536            1           0.755         3072         1536
        1536            2           0.788         6144         3072
        1536            4           0.844        12288         6144
        1536            8           0.939        24576        12288
        1536           16           1.118        49152        24576
        1536           32           1.659        98304        49152
        1536           64           2.379       196608        98304
        1536          128           3.766       393216       196608
        1536          256           6.794       786432       393216
        1536          512          12.882      1572864       786432
        1536         1024          25.171      3145728      1572864
        1536         2048          49.482      6291456      3145728
        1536         4096          98.223     12582912      6291456
        1536         8192         195.422     25165824     12582912
        1536        16384         389.988     50331648     25165824
        1536        32768         783.678    100663296     50331648
        1664            1           0.758         3328         1664
        1664            2           0.796         6656         3328
        1664            4           1.014        13312         6656
        1664            8           1.086        26624        13312
        1664           16           1.204        53248        26624
        1664           32           1.712       106496        53248
        1664           64           2.471       212992       106496
        1664          128           4.040       425984       212992
        1664          256           7.365       851968       425984
        1664          512          14.112      1703936       851968
        1664         1024          27.510      3407872      1703936
        1664         2048          53.864      6815744      3407872
        1664         4096         106.790     13631488      6815744
        1664         8192         212.764     27262976     13631488
        1664        16384         424.691     54525952     27262976
        1664        32768         873.160    109051904     54525952
        1792            1           0.781         3584         1792
        1792            2           0.825         7168         3584
        1792            4           0.843        14336         7168
        1792            8           0.949        28672        14336
        1792           16           1.171        57344        28672
        1792           32           2.876       114688        57344
        1792           64           2.492       229376       114688
        1792          128           4.410       458752       229376
        1792          256           7.814       917504       458752
        1792          512          14.996      1835008       917504
        1792         1024          29.138      3670016      1835008
        1792         2048          57.421      7340032      3670016
        1792         4096         113.947     14680064      7340032
        1792         8192         227.161     29360128     14680064
        1792        16384         454.089     58720256     29360128
        1792        32768         906.366    117440512     58720256
        1920            1           0.766         3840         1920
        1920            2           0.829         7680         3840
        1920            4           0.864        15360         7680
        1920            8           0.969        30720        15360
        1920           16           1.210        61440        30720
        1920           32           1.681       122880        61440
        1920           64           5.548       245760       122880
        1920          128           4.688       491520       245760
        1920          256           8.369       983040       491520
        1920          512          16.121      1966080       983040
        1920         1024          31.331      3932160      1966080
        1920         2048          61.979      7864320      3932160
        1920         4096         123.022     15728640      7864320
        1920         8192         244.806     31457280     15728640
        1920        16384         488.641     62914560     31457280
        2112            1           0.778         4224         2112
        2112            2           0.821         8448         4224
        2112            4           0.968        16896         8448
        2112            8           1.163        33792        16896
        2112           16           1.278        67584        33792
        2112           32           1.803       135168        67584
        2112           64           2.876       270336       135168
        2112          128           5.005       540672       270336
        2112          256           9.272      1081344       540672
        2112          512          17.935      2162688      1081344
        2112         1024          35.144      4325376      2162688
        2112         2048          69.167      8650752      4325376
        2112         4096         137.627     17301504      8650752
        2112         8192         274.516     34603008     17301504
        2112        16384         548.018     69206016     34603008
        2304            1           0.904         4608         2304
        2304            2           0.838         9216         4608
        2304            4           0.907        18432         9216
        2304            8           1.183        36864        18432
        2304           16           1.288        73728        36864
        2304           32           1.991       147456        73728
        2304           64           2.972       294912       147456
        2304          128           5.275       589824       294912
        2304          256           9.791      1179648       589824
        2304          512          18.871      2359296      1179648
        2304         1024          37.099      4718592      2359296
        2304         2048          73.362      9437184      4718592
        2304         4096         145.782     18874368      9437184
        2304         8192         290.766     37748736     18874368
        2304        16384         580.971     75497472     37748736
        2496            1           0.798         4992         2496
        2496            2           0.826         9984         4992
        2496            4           1.017        19968         9984
        2496            8           1.182        39936        19968
        2496           16           1.370        79872        39936
        2496           32           2.093       159744        79872
        2496           64           3.279       319488       159744
        2496          128           5.560       638976       319488
        2496          256          11.459      1277952       638976
        2496          512          23.470      2555904      1277952
        2496         1024          46.917      5111808      2555904
        2496         2048          93.853     10223616      5111808
        2496         4096         188.232     20447232     10223616
        2496         8192         375.939     40894464     20447232
        2496        16384         741.462     81788928     40894464
        2688            1           0.787         5376         2688
        2688            2           0.855        10752         5376
        2688            4           0.927        21504        10752
        2688            8           1.082        43008        21504
        2688           16           1.397        86016        43008
        2688           32           2.048       172032        86016
        2688           64           3.368       344064       172032
        2688          128           6.043       688128       344064
        2688          256          11.351      1376256       688128
        2688          512          22.081      2752512      1376256
        2688         1024          43.300      5505024      2752512
        2688         2048          85.798     11010048      5505024
        2688         4096         170.669     22020096     11010048
        2688         8192         340.461     44040192     22020096
        2688        16384         680.028     88080384     44040192
        2944            1           0.781         5888         2944
        2944            2           0.826        11776         5888
        2944            4           1.044        23552        11776
        2944            8           1.217        47104        23552
        2944           16           1.444        94208        47104
        2944           32           2.318       188416        94208
        2944           64           3.634       376832       188416
        2944          128           6.608       753664       376832
        2944          256          12.354      1507328       753664
        2944          512          24.075      3014656      1507328
        2944         1024          47.280      6029312      3014656
        2944         2048          93.774     12058624      6029312
        2944         4096         186.599     24117248     12058624
        2944         8192         372.474     48234496     24117248
        2944        16384         744.141     96468992     48234496
        3200            1           0.801         6400         3200
        3200            2           1.003        12800         6400
        3200            4           0.975        25600        12800
        3200            8           1.127        51200        25600
        3200           16           1.663       102400        51200
        3200           32           2.316       204800       102400
        3200           64           3.873       409600       204800
        3200          128           7.183       819200       409600
        3200          256          13.457      1638400       819200
        3200          512          26.071      3276800      1638400
        3200         1024          51.289      6553600      3276800
        3200         2048         104.657     13107200      6553600
        3200         4096         202.561     26214400     13107200
        3200         8192         404.193     52428800     26214400
        3200        16384         807.759    104857600     52428800
        3520            1           0.841         7040         3520
        3520            2           1.036        14080         7040
        3520            4           0.997        28160        14080
        3520            8           1.174        56320        28160
        3520           16           1.601       112640        56320
        3520           32           2.480       225280       112640
        3520           64           4.224       450560       225280
        3520          128           7.881       901120       450560
        3520          256          14.886      1802240       901120
        3520          512          28.921      3604480      1802240
        3520         1024          57.166      7208960      3604480
        3520         2048         113.156     14417920      7208960
        3520         4096         225.332     28835840     14417920
        3520         8192         450.491     57671680     28835840
        3520        16384         899.986    115343360     57671680
        3840            1           0.787         7680         3840
        3840            2           0.964        15360         7680
        3840            4           1.120        30720        15360
        3840            8           1.204        61440        30720
        3840           16           1.666       122880        61440
        3840           32           2.609       245760       122880
        3840           64           4.621       491520       245760
        3840          128           8.244       983040       491520
        3840          256          15.791      1966080       983040
        3840          512          30.914      3932160      1966080
        3840         1024          61.077      7864320      3932160
        3840         2048         121.269     15728640      7864320
        3840         4096         241.427     31457280     15728640
        3840         8192         486.455     62914560     31457280
        4224            1           0.966         8448         4224
        4224            2           1.007        16896         8448
        4224            4           1.137        33792        16896
        4224            8           1.324        67584        33792
        4224           16           1.863       135168        67584
        4224           32           2.999       270336       135168
        4224           64           5.432       540672       270336
        4224          128           9.823      1081344       540672
        4224          256          19.035      2162688      1081344
        4224          512          37.243      4325376      2162688
        4224         1024          73.635      8650752      4325376
        4224         2048         146.462     17301504      8650752
        4224         4096         292.207     34603008     17301504
        4224         8192         583.495     69206016     34603008
        4608            1           0.944         9216         4608
        4608            2           0.885        18432         9216
        4608            4           1.051        36864        18432
        4608            8           1.294        73728        36864
        4608           16           1.852       147456        73728
        4608           32           3.133       294912       147456
        4608           64           5.391       589824       294912
        4608          128           9.746      1179648       589824
        4608          256          18.763      2359296      1179648
        4608          512          36.874      4718592      2359296
        4608         1024          72.976      9437184      4718592
        4608         2048         145.116     18874368      9437184
        4608         4096         289.228     37748736     18874368
        4608         8192         577.541     75497472     37748736
        5056            1           0.936        10112         5056
        5056            2           0.955        20224        10112
        5056            4           1.262        40448        20224
        5056            8           1.534        80896        40448
        5056           16           2.078       161792        80896
        5056           32           3.452       323584       161792
        5056           64           6.161       647168       323584
        5056          128          10.781      1294336       647168
        5056          256          21.831      2588672      1294336
        5056          512          43.707      5177344      2588672
        5056         1024          87.178     10354688      5177344
        5056         2048         175.439     20709376     10354688
        5056         4096         351.105     41418752     20709376
        5056         8192         705.124     82837504     41418752
        5504            1           0.832        11008         5504
        5504            2           1.061        22016        11008
        5504            4           1.140        44032        22016
        5504            8           1.580        88064        44032
        5504           16           2.312       176128        88064
        5504           32           3.631       352256       176128
        5504           64           6.652       704512       352256
        5504          128          12.341      1409024       704512
        5504          256          24.029      2818048      1409024
        5504          512          47.322      5636096      2818048
        5504         1024          93.450     11272192      5636096
        5504         2048         186.183     22544384     11272192
        5504         4096         371.340     45088768     22544384
        5504         8192         741.559     90177536     45088768
        6016            1           0.825        12032         6016
        6016            2           0.912        24064        12032
        6016            4           1.126        48128        24064
        6016            8           1.526        96256        48128
        6016           16           2.350       192512        96256
        6016           32           3.890       385024       192512
        6016           64           7.081       770048       385024
        6016          128          13.399      1540096       770048
        6016          256          26.227      3080192      1540096
        6016          512          51.615      6160384      3080192
        6016         1024         102.366     12320768      6160384
        6016         2048         203.546     24641536     12320768
        6016         4096         406.096     49283072     24641536
        6016         8192         813.106     98566144     49283072
        6592            1           0.850        13184         6592
        6592            2           1.118        26368        13184
        6592            4           1.196        52736        26368
        6592            8           1.749       105472        52736
        6592           16           2.467       210944       105472
        6592           32           4.171       421888       210944
        6592           64           7.826       843776       421888
        6592          128          14.685      1687552       843776
        6592          256          28.628      3375104      1687552
        6592          512          56.189      6750208      3375104
        6592         1024         111.236     13500416      6750208
        6592         2048         222.686     27000832     13500416
        6592         4096         450.395     54001664     27000832
        6592         8192         892.313    108003328     54001664
        7232            1           0.861        14464         7232
        7232            2           0.961        28928        14464
        7232            4           1.191        57856        28928
        7232            8           1.670       115712        57856
        7232           16           2.618       231424       115712
        7232           32           4.534       462848       231424
        7232           64           8.249       925696       462848
        7232          128          15.776      1851392       925696
        7232          256          30.888      3702784      1851392
        7232          512          62.014      7405568      3702784
        7232         1024         121.530     14811136      7405568
        7232         2048         245.105     29622272     14811136
        7232         4096         490.536     59244544     29622272
        7232         8192         976.826    118489088     59244544
        7936            1           0.858        15872         7936
        7936            2           1.164        31744        15872
        7936            4           1.379        63488        31744
        7936            8           1.875       126976        63488
        7936           16           2.899       253952       126976
        7936           32           4.879       507904       253952
        7936           64           9.112      1015808       507904
        7936          128          17.218      2031616      1015808
        7936          256          33.705      4063232      2031616
        7936          512          66.726      8126464      4063232
        7936         1024         132.623     16252928      8126464
        7936         2048         264.402     32505856     16252928
        7936         4096         532.086     65011712     32505856
        8704            1           0.996        17408         8704
        8704            2           1.042        34816        17408
        8704            4           1.440        69632        34816
        8704            8           1.979       139264        69632
        8704           16           2.963       278528       139264
        8704           32           5.358       557056       278528
        8704           64           9.749      1114112       557056
        8704          128          18.768      2228224      1114112
        8704          256          36.790      4456448      2228224
        8704          512          72.982      8912896      4456448
        8704         1024         145.073     17825792      8912896
        8704         2048         289.294     35651584     17825792
        8704         4096         577.746     71303168     35651584
        9536            1           0.901        19072         9536
        9536            2           1.057        38144        19072
        9536            4           1.380        76288        38144
        9536            8           2.120       152576        76288
        9536           16           3.377       305152       152576
        9536           32           5.663       610304       305152
        9536           64          10.548      1220608       610304
        9536          128          20.425      2441216      1220608
        9536          256          40.274      4882432      2441216
        9536          512          79.721      9764864      4882432
        9536         1024         158.515     19529728      9764864
        9536         2048         318.544     39059456     19529728
        9536         4096         634.554     78118912     39059456
       10432            1           0.898        20864        10432
       10432            2           1.070        41728        20864
       10432            4           1.393        83456        41728
       10432            8           2.058       166912        83456
       10432           16           3.407       333824       166912
       10432           32           6.110       667648       333824
       10432           64          11.369      1335296       667648
       10432          128          22.190      2670592      1335296
       10432          256          43.306      5341184      2670592
       10432          512          87.074     10682368      5341184
       10432         1024         171.835     21364736     10682368
       10432         2048         344.161     42729472     21364736
       10432         4096         691.229     85458944     42729472
       11456            1           0.908        22912        11456
       11456            2           1.089        45824        22912
       11456            4           1.603        91648        45824
       11456            8           2.287       183296        91648
       11456           16           3.669       366592       183296
       11456           32           6.542       733184       366592
       11456           64          12.490      1466368       733184
       11456          128          24.177      2932736      1466368
       11456          256          47.685      5865472      2932736
       11456          512          94.278     11730944      5865472
       11456         1024         188.790     23461888     11730944
       11456         2048         375.999     46923776     23461888
       11456         4096         752.215     93847552     46923776
       12544            1           0.941        25088        12544
       12544            2           1.127        50176        25088
       12544            4           1.522       100352        50176
       12544            8           2.331       200704       100352
       12544           16           3.932       401408       200704
       12544           32           7.124       802816       401408
       12544           64          13.518      1605632       802816
       12544          128          26.312      3211264      1605632
       12544          256          51.948      6422528      3211264
       12544          512         103.080     12845056      6422528
       12544         1024         205.324     25690112     12845056
       12544         2048         409.775     51380224     25690112
       12544         4096         818.686    102760448     51380224
       13760            1           0.965        27520        13760
       13760            2           1.324        55040        27520
       13760            4           1.615       110080        55040
       13760            8           2.476       220160       110080
       13760           16           4.260       440320       220160
       13760           32           7.724       880640       440320
       13760           64          14.666      1761280       880640
       13760          128          28.556      3522560      1761280
       13760          256          56.470      7045120      3522560
       13760          512         112.907     14090240      7045120
       13760         1024         224.367     28180480     14090240
       13760         2048         462.057     56360960     28180480
       13760         4096         899.446    112721920     56360960
       15104            1           0.962        30208        15104
       15104            2           1.207        60416        30208
       15104            4           1.680       120832        60416
       15104            8           2.636       241664       120832
       15104           16           4.555       483328       241664
       15104           32           8.355       966656       483328
       15104           64          16.004      1933312       966656
       15104          128          31.315      3866624      1933312
       15104          256          61.985      7733248      3866624
       15104          512         123.078     15466496      7733248
       15104         1024         245.290     30932992     15466496
       15104         2048         490.271     61865984     30932992
       15104         4096         978.730    123731968     61865984
       16576            1           0.998        33152        16576
       16576            2           1.249        66304        33152
       16576            4           1.762       132608        66304
       16576            8           2.934       265216       132608
       16576           16           4.912       530432       265216
       16576           32           9.170      1060864       530432
       16576           64          17.447      2121728      1060864
       16576          128          34.181      4243456      2121728
       16576          256          67.441      8486912      4243456
       16576          512         135.091     16973824      8486912
       16576         1024         268.690     33947648     16973824
       16576         2048         538.089     67895296     33947648
       18176            1           1.010        36352        18176
       18176            2           1.290        72704        36352
       18176            4           1.853       145408        72704
       18176            8           3.009       290816       145408
       18176           16           5.299       581632       290816
       18176           32           9.862      1163264       581632
       18176           64          19.058      2326528      1163264
       18176          128          37.399      4653056      2326528
       18176          256          74.175      9306112      4653056
       18176          512         147.525     18612224      9306112
       18176         1024         294.213     37224448     18612224
       18176         2048         587.602     74448896     37224448
       19968            1           1.028        39936        19968
       19968            2           1.334        79872        39936
       19968            4           1.975       159744        79872
       19968            8           3.233       319488       159744
       19968           16           5.728       638976       319488
       19968           32          10.727      1277952       638976
       19968           64          20.777      2555904      1277952
       19968          128          40.837      5111808      2555904
       19968          256          81.020     10223616      5111808
       19968          512         161.176     20447232     10223616
       19968         1024         321.564     40894464     20447232
       19968         2048         642.264     81788928     40894464
       21952            1           1.078        43904        21952
       21952            2           1.402        87808        43904
       21952            4           2.089       175616        87808
       21952            8           3.495       351232       175616
       21952           16           6.196       702464       351232
       21952           32          11.636      1404928       702464
       21952           64          22.630      2809856      1404928
       21952          128          44.519      5619712      2809856
       21952          256          88.397     11239424      5619712
       21952          512         175.189     22478848     11239424
       21952         1024         350.681     44957696     22478848
       21952         2048         707.921     89915392     44957696
       24128            1           1.098        48256        24128
       24128            2           1.470        96512        48256
       24128            4           2.244       193024        96512
       24128            8           3.730       386048       193024
       24128           16           6.735       772096       386048
       24128           32          12.824      1544192       772096
       24128           64          24.798      3088384      1544192
       24128          128          49.384      6176768      3088384
       24128          256          97.990     12353536      6176768
       24128          512         191.951     24707072     12353536
       24128         1024         390.016     49414144     24707072
       24128         2048         770.484     98828288     49414144
       26496            1           1.265        52992        26496
       26496            2           1.562       105984        52992
       26496            4           2.398       211968       105984
       26496            8           4.041       423936       211968
       26496           16           7.297       847872       423936
       26496           32          13.910      1695744       847872
       26496           64          27.109      3391488      1695744
       26496          128          53.485      6782976      3391488
       26496          256         106.314     13565952      6782976
       26496          512         211.720     27131904     13565952
       26496         1024         422.624     54263808     27131904
       26496         2048         844.407    108527616     54263808
       29120            1           1.182        58240        29120
       29120            2           1.637       116480        58240
       29120            4           2.513       232960       116480
       29120            8           4.320       465920       232960
       29120           16           7.944       931840       465920
       29120           32          15.172      1863680       931840
       29120           64          29.490      3727360      1863680
       29120          128          58.486      7454720      3727360
       29120          256         115.251     14909440      7454720
       29120          512         231.716     29818880     14909440
       29120         1024         465.579     59637760     29818880
       29120         2048         924.235    119275520     59637760
       32000            1           1.233        64000        32000
       32000            2           1.708       128000        64000
       32000            4           2.712       256000       128000
       32000            8           4.693       512000       256000
       32000           16           8.687      1024000       512000
       32000           32          16.575      2048000      1024000
       32000           64          32.500      4096000      2048000
       32000          128          64.229      8192000      4096000
       32000          256         127.781     16384000      8192000
       32000          512         254.896     32768000     16384000
       32000         1024         508.661     65536000     32768000
       35200            1           1.416        70400        35200
       35200            2           1.945       140800        70400
       35200            4           2.927       281600       140800
       35200            8           5.256       563200       281600
       35200           16           9.609      1126400       563200
       35200           32          18.135      2252800      1126400
       35200           64          35.487      4505600      2252800
       35200          128          70.268      9011200      4505600
       35200          256         139.783     18022400      9011200
       35200          512         279.031     36044800     18022400
       35200         1024         556.853     72089600     36044800
       38720            1           1.400        77440        38720
       38720            2           1.972       154880        77440
       38720            4           3.255       309760       154880
       38720            8           5.612       619520       309760
       38720           16          10.292      1239040       619520
       38720           32          19.900      2478080      1239040
       38720           64          39.127      4956160      2478080
       38720          128          77.212      9912320      4956160
       38720          256         152.461     19824640      9912320
       38720          512         309.002     39649280     19824640
       38720         1024         611.623     79298560     39649280
       42560            1           1.392        85120        42560
       42560            2           2.035       170240        85120
       42560            4           3.330       340480       170240
       42560            8           5.983       680960       340480
       42560           16          11.104      1361920       680960
       42560           32          21.808      2723840      1361920
       42560           64          42.582      5447680      2723840
       42560          128          83.263     10895360      5447680
       42560          256         168.306     21790720     10895360
       42560          512         333.788     43581440     21790720
       42560         1024         673.343     87162880     43581440
       46784            1           1.447        93568        46784
       46784            2           2.154       187136        93568
       46784            4           3.605       374272       187136
       46784            8           6.478       748544       374272
       46784           16          12.204      1497088       748544
       46784           32          23.689      2994176      1497088
       46784           64          46.463      5988352      2994176
       46784          128          92.882     11976704      5988352
       46784          256         185.093     23953408     11976704
       46784          512         368.324     47906816     23953408
       46784         1024         735.207     95813632     47906816
       51456            1           1.526       102912        51456
       51456            2           2.319       205824       102912
       51456            4           3.916       411648       205824
       51456            8           7.033       823296       411648
       51456           16          13.372      1646592       823296
       51456           32          26.048      3293184      1646592
       51456           64          51.402      6586368      3293184
       51456          128         101.822     13172736      6586368
       51456          256         205.242     26345472     13172736
       51456          512         405.146     52690944     26345472
       51456         1024         809.501    105381888     52690944
       56576            1           1.595       113152        56576
       56576            2           2.462       226304       113152
       56576            4           4.181       452608       226304
       56576            8           7.650       905216       452608
       56576           16          14.707      1810432       905216
       56576           32          28.623      3620864      1810432
       56576           64          56.237      7241728      3620864
       56576          128         111.573     14483456      7241728
       56576          256         222.727     28966912     14483456
       56576          512         443.735     57933824     28966912
       56576         1024         888.751    115867648     57933824
       62208            1           1.300       124416        62208
       62208            2           2.770       248832       124416
       62208            4           4.656       497664       248832
       62208            8           8.384       995328       497664
       62208           16          15.976      1990656       995328
       62208           32          31.228      3981312      1990656
       62208           64          61.744      7962624      3981312
       62208          128         122.788     15925248      7962624
       62208          256         245.111     31850496     15925248
       62208          512         491.937     63700992     31850496
       68416            1           1.894       136832        68416
       68416            2           2.825       273664       136832
       68416            4           4.928       547328       273664
       68416            8           9.119      1094656       547328
       68416           16          17.485      2189312      1094656
       68416           32          34.179      4378624      2189312
       68416           64          67.611      8757248      4378624
       68416          128         134.857     17514496      8757248
       68416          256         267.943     35028992     17514496
       68416          512         535.229     70057984     35028992
       75200            1           1.516       150400        75200
       75200            2           3.029       300800       150400
       75200            4           5.323       601600       300800
       75200            8           9.893      1203200       601600
       75200           16          19.077      2406400      1203200
       75200           32          37.465      4812800      2406400
       75200           64          74.251      9625600      4812800
       75200          128         148.057     19251200      9625600
       75200          256         294.796     38502400     19251200
       75200          512         584.916     77004800     38502400
       82688            1           2.024       165376        82688
       82688            2           3.256       330752       165376
       82688            4           5.770       661504       330752
       82688            8          10.782      1323008       661504
       82688           16          20.904      2646016      1323008
       82688           32          41.255      5292032      2646016
       82688           64          81.580     10584064      5292032
       82688          128         162.332     21168128     10584064
       82688          256         323.512     42336256     21168128
       82688          512         646.237     84672512     42336256
       90944            1           2.157       181888        90944
       90944            2           3.491       363776       181888
       90944            4           6.377       727552       363776
       90944            8          11.846      1455104       727552
       90944           16          22.910      2910208      1455104
       90944           32          44.997      5820416      2910208
       90944           64          89.342     11640832      5820416
       90944          128         180.770     23281664     11640832
       90944          256         354.728     46563328     23281664
       90944          512         712.082     93126656     46563328
      100032            1           2.096       200064       100032
      100032            2           3.777       400128       200064
      100032            4           6.939       800256       400128
      100032            8          12.888      1600512       800256
      100032           16          25.044      3201024      1600512
      100032           32          49.459      6402048      3201024
      100032           64          98.265     12804096      6402048
      100032          128         195.690     25608192     12804096
      100032          256         390.199     51216384     25608192
      100032          512         780.520    102432768     51216384
      110016            1           2.204       220032       110016
      110016            2           4.222       440064       220032
      110016            4           7.524       880128       440064
      110016            8          14.255      1760256       880128
      110016           16          27.531      3520512      1760256
      110016           32          54.245      7041024      3520512
      110016           64         107.872     14082048      7041024
      110016          128         215.027     28164096     14082048
      110016          256         429.301     56328192     28164096
      110016          512         861.878    112656384     56328192
      120960            1           2.420       241920       120960
      120960            2           4.430       483840       241920
      120960            4           8.287       967680       483840
      120960            8          15.452      1935360       967680
      120960           16          30.245      3870720      1935360
      120960           32          59.605      7741440      3870720
      120960           64         118.443     15482880      7741440
      120960          128         236.202     30965760     15482880
      120960          256         471.720     61931520     30965760
      120960          512         942.842    123863040     61931520
      133056            1           3.664       266112       133056
      133056            2           4.928       532224       266112
      133056            4           8.843      1064448       532224
      133056            8          16.956      2128896      1064448
      133056           16          32.997      4257792      2128896
      133056           32          65.312      8515584      4257792
      133056           64         130.293     17031168      8515584
      133056          128         259.919     34062336     17031168
      133056          256         517.288     68124672     34062336
      146304            1           2.952       292608       146304
      146304            2           5.201       585216       292608
      146304            4           9.632      1170432       585216
      146304            8          18.684      2340864      1170432
      146304           16          36.299      4681728      2340864
      146304           32          71.876      9363456      4681728
      146304           64         143.108     18726912      9363456
      146304          128         285.229     37453824     18726912
      146304          256         572.334     74907648     37453824
      160896            1           3.019       321792       160896
      160896            2           5.739       643584       321792
      160896            4          10.478      1287168       643584
      160896            8          20.239      2574336      1287168
      160896           16          39.836      5148672      2574336
      160896           32          78.927     10297344      5148672
      160896           64         157.064     20594688     10297344
      160896          128         313.457     41189376     20594688
      160896          256         626.340     82378752     41189376
      176960            1           4.299       353920       176960
      176960            2           6.123       707840       353920
      176960            4          11.495      1415680       707840
      176960            8          22.265      2831360      1415680
      176960           16          43.658      5662720      2831360
      176960           32          86.658     11325440      5662720
      176960           64         172.446     22650880     11325440
      176960          128         344.167     45301760     22650880
      176960          256         686.362     90603520     45301760
      194624            1           3.806       389248       194624
      194624            2           6.800       778496       389248
      194624            4          12.567      1556992       778496
      194624            8          24.722      3113984      1556992
      194624           16          48.076      6227968      3113984
      194624           32          95.653     12455936      6227968
      194624           64         189.553     24911872     12455936
      194624          128         378.113     49823744     24911872
      194624          256         758.394     99647488     49823744
      214080            1           4.844       428160       214080
      214080            2           7.333       856320       428160
      214080            4          13.799      1712640       856320
      214080            8          26.834      3425280      1712640
      214080           16          52.817      6850560      3425280
      214080           32         104.420     13701120      6850560
      214080           64         208.806     27402240     13701120
      214080          128         415.652     54804480     27402240
      214080          256         831.498    109608960     54804480
      235456            1           5.105       470912       235456
      235456            2           8.117       941824       470912
      235456            4          15.236      1883648       941824
      235456            8          29.522      3767296      1883648
      235456           16          58.007      7534592      3767296
      235456           32         115.174     15069184      7534592
      235456           64         229.483     30138368     15069184
      235456          128         456.370     60276736     30138368
      235456          256         917.526    120553472     60276736
      258944            1           4.972       517888       258944
      258944            2           8.997      1035776       517888
      258944            4          16.858      2071552      1035776
      258944            8          32.554      4143104      2071552
      258944           16          64.105      8286208      4143104
      258944           32         126.695     16572416      8286208
      258944           64         252.455     33144832     16572416
      258944          128         503.439     66289664     33144832
      284800            1           5.684       569600       284800
      284800            2          10.383      1139200       569600
      284800            4          19.798      2278400      1139200
      284800            8          38.655      4556800      2278400
      284800           16          76.333      9113600      4556800
      284800           32         151.787     18227200      9113600
      284800           64         302.782     36454400     18227200
      284800          128         604.596     72908800     36454400
      313280            1           6.568       626560       313280
      313280            2          11.493      1253120       626560
      313280            4          22.212      2506240      1253120
      313280            8          43.660      5012480      2506240
      313280           16          86.485     10024960      5012480
      313280           32         172.240     20049920     10024960
      313280           64         343.758     40099840     20049920
      313280          128         686.924     80199680     40099840
      344576            1           7.264       689152       344576
      344576            2          12.552      1378304       689152
      344576            4          24.338      2756608      1378304
      344576            8          49.820      5513216      2756608
      344576           16          95.039     11026432      5513216
      344576           32         189.301     22052864     11026432
      344576           64         377.799     44105728     22052864
      344576          128         755.100     88211456     44105728
      379008            1           7.871       758016       379008
      379008            2          13.732      1516032       758016
      379008            4          26.714      3032064      1516032
      379008            8          52.609      6064128      3032064
      379008           16         104.542     12128256      6064128
      379008           32         208.121     24256512     12128256
      379008           64         415.510     48513024     24256512
      379008          128         830.136     97026048     48513024
      416896            1           8.784       833792       416896
      416896            2          15.046      1667584       833792
      416896            4          29.296      3335168      1667584
      416896            8          57.765      6670336      3335168
      416896           16         114.849     13340672      6670336
      416896           32         228.828     26681344     13340672
      416896           64         459.873     53362688     26681344
      416896          128         913.067    106725376     53362688
      458560            1          10.317       917120       458560
      458560            2          16.523      1834240       917120
      458560            4          32.165      3668480      1834240
      458560            8          63.515      7336960      3668480
      458560           16         126.415     14673920      7336960
      458560           32         251.562     29347840     14673920
      458560           64         502.653     58695680     29347840
      458560          128        1004.114    117391360     58695680
      504384            1          11.401      1008768       504384
      504384            2          18.061      2017536      1008768
      504384            4          35.315      4035072      2017536
      504384            8          69.854      8070144      4035072
      504384           16         138.754     16140288      8070144
      504384           32         276.567     32280576     16140288
      504384           64         554.907     64561152     32280576
      554816            1          11.532      1109632       554816
      554816            2          19.779      2219264      1109632
      554816            4          38.736      4438528      2219264
      554816            8          76.633      8877056      4438528
      554816           16         152.497     17754112      8877056
      554816           32         304.366     35508224     17754112
      554816           64         607.753     71016448     35508224
      610240            1          13.226      1220480       610240
      610240            2          21.697      2440960      1220480
      610240            4          42.504      4881920      2440960
      610240            8          84.296      9763840      4881920
      610240           16         167.725     19527680      9763840
      610240           32         334.528     39055360     19527680
      610240           64         668.139     78110720     39055360
      671232            1          13.823      1342464       671232
      671232            2          23.739      2684928      1342464
      671232            4          46.679      5369856      2684928
      671232            8          92.533     10739712      5369856
      671232           16         184.421     21479424     10739712
      671232           32         368.022     42958848     21479424
      671232           64         737.572     85917696     42958848
      738304            1          15.666      1476608       738304
      738304            2          26.129      2953216      1476608
      738304            4          51.308      5906432      2953216
      738304            8         101.776     11812864      5906432
      738304           16         202.909     23625728     11812864
      738304           32         404.597     47251456     23625728
      738304           64         808.349     94502912     47251456
      812096            1          17.962      1624192       812096
      812096            2          28.641      3248384      1624192
      812096            4          56.386      6496768      3248384
      812096            8         111.918     12993536      6496768
      812096           16         222.937     25987072     12993536
      812096           32         445.255     51974144     25987072
      812096           64         889.036    103948288     51974144
      893248            1          20.614      1786496       893248
      893248            2          31.462      3572992      1786496
      893248            4          62.060      7145984      3572992
      893248            8         122.816     14291968      7145984
      893248           16         249.183     28583936     14291968
      893248           32         492.095     57167872     28583936
      893248           64         984.793    114335744     57167872
      982528            1          22.371      1965056       982528
      982528            2          34.535      3930112      1965056
      982528            4          67.791      7860224      3930112
      982528            8         135.603     15720448      7860224
      982528           16         271.696     31440896     15720448
      982528           32         544.336     62881792     31440896
     1080768            1          24.825      2161536      1080768
     1080768            2          37.412      4323072      2161536
     1080768            4          74.466      8646144      4323072
     1080768            8         149.047     17292288      8646144
     1080768           16         298.221     34584576     17292288
     1080768           32         596.625     69169152     34584576
     1188800            1          25.464      2377600      1188800
     1188800            2          41.650      4755200      2377600
     1188800            4          82.309      9510400      4755200
     1188800            8         166.573     19020800      9510400
     1188800           16         326.996     38041600     19020800
     1188800           32         654.387     76083200     38041600
     1307648            1          28.484      2615296      1307648
     1307648            2          45.833      5230592      2615296
     1307648            4          90.356     10461184      5230592
     1307648            8         179.784     20922368     10461184
     1307648           16         359.446     41844736     20922368
     1307648           32         719.146     83689472     41844736
     1438400            1          30.586      2876800      1438400
     1438400            2          50.435      5753600      2876800
     1438400            4          99.688     11507200      5753600
     1438400            8         198.000     23014400     11507200
     1438400           16         396.301     46028800     23014400
     1438400           32         795.196     92057600     46028800
     1582208            1          34.241      3164416      1582208
     1582208            2          55.519      6328832      3164416
     1582208            4         109.776     12657664      6328832
     1582208            8         218.081     25315328     12657664
     1582208           16         436.856     50630656     25315328
     1582208           32         873.126    101261312     50630656
     1740416            1          39.244      3480832      1740416
     1740416            2          61.197      6961664      3480832
     1740416            4         120.638     13923328      6961664
     1740416            8         241.328     27846656     13923328
     1740416           16         482.911     55693312     27846656
     1740416           32         965.854    111386624     55693312
     1914432            1          40.759      3828864      1914432
     1914432            2          67.423      7657728      3828864
     1914432            4         137.468     15315456      7657728
     1914432            8         266.391     30630912     15315456
     1914432           16         532.774     61261824     30630912
     1914432           32        1066.134    122523648     61261824
     2105856            1          46.653      4211712      2105856
     2105856            2          75.170      8423424      4211712
     2105856            4         147.224     16846848      8423424
     2105856            8         295.206     33693696     16846848
     2105856           16         588.698     67387392     33693696
     2316416            1          50.486      4632832      2316416
     2316416            2          82.480      9265664      4632832
     2316416            4         163.402     18531328      9265664
     2316416            8         324.398     37062656     18531328
     2316416           16         653.495     74125312     37062656
     2548032            1          55.145      5096064      2548032
     2548032            2          91.472     10192128      5096064
     2548032            4         181.568     20384256     10192128
     2548032            8         360.569     40768512     20384256
     2548032           16         718.137     81537024     40768512
     2802816            1          61.118      5605632      2802816
     2802816            2         100.829     11211264      5605632
     2802816            4         199.612     22422528     11211264
     2802816            8         397.385     44845056     22422528
     2802816           16         793.780     89690112     44845056
     3083072            1          67.481      6166144      3083072
     3083072            2         110.851     12332288      6166144
     3083072            4         219.745     24664576     12332288
     3083072            8         444.357     49329152     24664576
     3083072           16         911.536     98658304     49329152
     3391360            1          74.142      6782720      3391360
     3391360            2         121.755     13565440      6782720
     3391360            4         241.602     27130880     13565440
     3391360            8         481.319     54261760     27130880
     3391360           16         961.441    108523520     54261760
     3730496            1          81.920      7460992      3730496
     3730496            2         134.602     14921984      7460992
     3730496            4         266.310     29843968     14921984
     3730496            8         537.310     59687936     29843968
     3730496           16        1057.448    119375872     59687936
     4103488            1          90.146      8206976      4103488
     4103488            2         148.220     16413952      8206976
     4103488            4         292.606     32827904     16413952
     4103488            8         583.352     65655808     32827904
     4513792            1          98.292      9027584      4513792
     4513792            2         162.839     18055168      9027584
     4513792            4         322.508     36110336     18055168
     4513792            8         642.478     72220672     36110336
     4965120            1         108.315      9930240      4965120
     4965120            2         177.763     19860480      9930240
     4965120            4         360.467     39720960     19860480
     4965120            8         705.220     79441920     39720960
     5461632            1         119.867     10923264      5461632
     5461632            2         196.114     21846528     10923264
     5461632            4         388.446     43693056     21846528
     5461632            8         776.291     87386112     43693056
     6007744            1         133.133     12015488      6007744
     6007744            2         215.610     24030976     12015488
     6007744            4         428.613     48061952     24030976
     6007744            8         853.027     96123904     48061952
     6608512            1         149.478     13217024      6608512
     6608512            2         236.055     26434048     13217024
     6608512            4         470.674     52868096     26434048
     6608512            8         938.759    105736192     52868096
     7269312            1         159.208     14538624      7269312
     7269312            2         260.422     29077248     14538624
     7269312            4         517.806     58154496     29077248
     7269312            8        1032.581    116308992     58154496
     7996224            1         178.541     15992448      7996224
     7996224            2         291.789     31984896     15992448
     7996224            4         568.493     63969792     31984896
     8795840            1         192.655     17591680      8795840
     8795840            2         313.146     35183360     17591680
     8795840            4         625.614     70366720     35183360
     9675392            1         213.141     19350784      9675392
     9675392            2         345.486     38701568     19350784
     9675392            4         688.160     77403136     38701568
    10642880            1         234.337     21285760     10642880
    10642880            2         380.130     42571520     21285760
    10642880            4         761.795     85143040     42571520
    11707136            1         257.695     23414272     11707136
    11707136            2         416.605     46828544     23414272
    11707136            4         831.857     93657088     46828544
    12877824            1         283.578     25755648     12877824
    12877824            2         460.232     51511296     25755648
    12877824            4         915.553    103022592     51511296
    14165568            1         315.568     28331136     14165568
    14165568            2         505.070     56662272     28331136
    14165568            4        1008.365    113324544     56662272
    15582080            1         345.902     31164160     15582080
    15582080            2         563.274     62328320     31164160
    15582080            4        1120.934    124656640     62328320
    17140288            1         380.169     34280576     17140288
    17140288            2         649.900     68561152     34280576
    18854272            1         432.843     37708544     18854272
    18854272            2         775.780     75417088     37708544
    20739648            1         518.925     41479296     20739648
    20739648            2        1095.273     82958592     41479296
    22813568            1         724.104     45627136     22813568
    22813568            2        1723.128     91254272     45627136
    25094912            1        1041.470     50189824     25094912
    25094912            2        2532.606    100379648     50189824
    27604352            1        1467.048     55208704     27604352
    27604352            2        3402.050    110417408     55208704
    30364736            1        1916.831     60729472     30364736
    30364736            2        4238.396    121458944     60729472
    33401152            1        2348.441     66802304     33401152
    36741248            1        2774.969     73482496     36741248
    40415360            1        3214.600     80830720     40415360
    44456896            1        3528.193     88913792     44456896
    48902528            1        3912.397     97805056     48902528
    53792768            1        4297.437    107585536     53792768
    59172032            1        4735.009    118344064     59172032

META_DATA
MPI_PROCS      1
OPENMP_THREADS 8
FLOPS          8
ERT_VERSION  1.0.0
TIMESTAMP_DATA  1594866804.52
HOSTNAME  ('apollo-PowerEdge-R430', [], ['127.0.1.1'])
UNAME  ('Linux', 'apollo-PowerEdge-R430', '4.19.129-0419129-generic', '#202006220433 SMP Mon Jun 22 09:12:54 UTC 2020', 'x86_64', 'x86_64')
CONFIG  {'ERT_WORKING_SET_MIN': ['1'], 'ERT_CFLAGS': ['-O3'], 'ERT_CC': ['gcc'], 'ERT_MPI_CFLAGS': [], 'ERT_MPI_LDFLAGS': [], 'ERT_MEMORY_MAX': ['62497788'], 'ERT_PROCS_THREADS': ['8'], 'ERT_LDFLAGS': [], 'ERT_LDLIBS': [], 'ERT_SPEC_GBYTES_DRAM': ['1.0'], 'ERT_RUN': ['export', 'KMP_AFFINITY=scatter;', 'export', 'OMP_NUM_THREADS=ERT_OPENMP_THREADS;', 'ERT_CODE'], 'ERT_FLOPS': ['1,2,4,8,16'], 'ERT_OPENMP_CFLAGS': ['-fopenmp'], 'ERT_SPEC_GFLOPS': ['1.0'], 'ERT_MPI': ['False'], 'ERT_TRIALS_MIN': ['1'], 'ERT_DRIVER': ['driver1'], 'ERT_RESULTS': ['Results.x86'], 'ERT_OPENMP': ['True'], 'ERT_MPI_PROCS': ['1'], 'ERT_KERNEL': ['kernel1'], 'ERT_OPENMP_THREADS': ['1-32'], 'ERT_LD': ['gcc'], 'ERT_NUM_EXPERIMENTS': ['6'], 'ERT_OPENMP_LDFLAGS': ['-fopenmp'], 'ERT_ALIGN': ['32'], 'ERT_GNUPLOT': ['gnuplot']}
