          64            1           1.518          128           64
          64            2           0.794          256          128
          64            4           0.759          512          256
          64            8           0.779         1024          512
          64           16           0.905         2048         1024
          64           32           1.105         4096         2048
          64           64           1.503         8192         4096
          64          128           2.346        16384         8192
          64          256           4.013        32768        16384
          64          512           7.100        65536        32768
          64         1024          15.402       131072        65536
          64         2048          29.022       262144       131072
          64         4096          58.287       524288       262144
          64         8192         116.819      1048576       524288
          64        16384         234.060      2097152      1048576
          64        32768         468.306      4194304      2097152
          64        65536         937.023      8388608      4194304
          64       131072        1877.738     16777216      8388608
          64       262144        3748.945     33554432     16777216
          64       524288        7232.376     67108864     33554432
         128            1           0.758          256          128
         128            2           0.775          512          256
         128            4           0.925         1024          512
         128            8           0.811         2048         1024
         128           16           0.938         4096         2048
         128           32           1.117         8192         4096
         128           64           1.550        16384         8192
         128          128           2.366        32768        16384
         128          256           4.047        65536        32768
         128          512           7.386       131072        65536
         128         1024          14.169       262144       131072
         128         2048          27.455       524288       262144
         128         4096          54.204      1048576       524288
         128         8192         107.685      2097152      1048576
         128        16384         214.662      4194304      2097152
         128        32768         435.651      8388608      4194304
         128        65536         856.529     16777216      8388608
         128       131072        1712.321     33554432     16777216
         128       262144        3429.413     67108864     33554432
         192            1           0.793          384          192
         192            2           0.814          768          384
         192            4           0.809         1536          768
         192            8           0.794         3072         1536
         192           16           0.901         6144         3072
         192           32           1.118        12288         6144
         192           64           1.553        24576        12288
         192          128           2.370        49152        24576
         192          256           4.039        98304        49152
         192          512           7.383       196608        98304
         192         1024          14.076       393216       196608
         192         2048          27.446       786432       393216
         192         4096          54.186      1572864       786432
         192         8192         107.682      3145728      1572864
         192        16384         214.646      6291456      3145728
         192        32768         428.600     12582912      6291456
         192        65536         856.513     25165824     12582912
         192       131072        1717.030     50331648     25165824
         192       262144        3429.142    100663296     50331648
         256            1           0.761          512          256
         256            2           0.768         1024          512
         256            4           0.773         2048         1024
         256            8           0.816         4096         2048
         256           16           0.901         8192         4096
         256           32           1.108        16384         8192
         256           64           1.518        32768        16384
         256          128           2.366        65536        32768
         256          256           4.022       131072        65536
         256          512           7.381       262144       131072
         256         1024          14.066       524288       262144
         256         2048          27.432      1048576       524288
         256         4096          54.171      2097152      1048576
         256         8192         107.676      4194304      2097152
         256        16384         214.642      8388608      4194304
         256        32768         428.593     16777216      8388608
         256        65536         856.501     33554432     16777216
         256       131072        1716.839     67108864     33554432
         320            1           0.788          640          320
         320            2           0.768         1280          640
         320            4           0.788         2560         1280
         320            8           0.821         5120         2560
         320           16           0.907        10240         5120
         320           32           1.121        20480        10240
         320           64           1.549        40960        20480
         320          128           2.371        81920        40960
         320          256           4.055       163840        81920
         320          512           7.397       327680       163840
         320         1024          14.106       655360       327680
         320         2048          27.568      1310720       655360
         320         4096          54.327      2621440      1310720
         320         8192         107.812      5242880      2621440
         320        16384         214.783     10485760      5242880
         320        32768         428.745     20971520     10485760
         320        65536         856.640     41943040     20971520
         320       131072        1712.456     83886080     41943040
         384            1           0.758          768          384
         384            2           0.768         1536          768
         384            4           0.804         3072         1536
         384            8           0.809         6144         3072
         384           16           0.922        12288         6144
         384           32           1.123        24576        12288
         384           64           1.538        49152        24576
         384          128           2.387        98304        49152
         384          256           4.052       196608        98304
         384          512           7.398       393216       196608
         384         1024          14.077       786432       393216
         384         2048          27.470      1572864       786432
         384         4096          59.058      3145728      1572864
         384         8192         107.713      6291456      3145728
         384        16384         214.670     12582912      6291456
         384        32768         428.630     25165824     12582912
         384        65536         856.539     50331648     25165824
         384       131072        1712.329    100663296     50331648
         448            1           0.758          896          448
         448            2           0.795         1792          896
         448            4           0.784         3584         1792
         448            8           0.821         7168         3584
         448           16           1.020        14336         7168
         448           32           1.143        28672        14336
         448           64           1.649        57344        28672
         448          128           2.395       114688        57344
         448          256           4.080       229376       114688
         448          512           7.427       458752       229376
         448         1024          14.237       917504       458752
         448         2048          27.857      1835008       917504
         448         4096          54.861      3670016      1835008
         448         8192         108.820      7340032      3670016
         448        16384         215.811     14680064      7340032
         448        32768         438.496     29360128     14680064
         448        65536         864.742     58720256     29360128
         448       131072        1729.320    117440512     58720256
         512            1           0.764         1024          512
         512            2           0.793         2048         1024
         512            4           0.796         4096         2048
         512            8           0.824         8192         4096
         512           16           0.924        16384         8192
         512           32           1.129        32768        16384
         512           64           1.553        65536        32768
         512          128           2.382       131072        65536
         512          256           4.059       262144       131072
         512          512           7.416       524288       262144
         512         1024          14.112      1048576       524288
         512         2048          27.864      2097152      1048576
         512         4096          54.016      4194304      2097152
         512         8192         108.889      8388608      4194304
         512        16384         216.877     16777216      8388608
         512        32768         432.341     33554432     16777216
         512        65536         869.683     67108864     33554432
         576            1           0.755         1152          576
         576            2           0.801         2304         1152
         576            4           0.796         4608         2304
         576            8           0.831         9216         4608
         576           16           0.982        18432         9216
         576           32           1.165        36864        18432
         576           64           1.728        73728        36864
         576          128           2.407       147456        73728
         576          256           4.221       294912       147456
         576          512           7.504       589824       294912
         576         1024          14.438      1179648       589824
         576         2048          28.046      2359296      1179648
         576         4096          54.971      4718592      2359296
         576         8192         109.381      9437184      4718592
         576        16384         217.542     18874368      9437184
         576        32768         433.302     37748736     18874368
         576        65536         866.845     75497472     37748736
         640            1           0.753         1280          640
         640            2           0.779         2560         1280
         640            4           0.785         5120         2560
         640            8           0.828        10240         5120
         640           16           0.931        20480        10240
         640           32           1.143        40960        20480
         640           64           1.560        81920        40960
         640          128           2.428       163840        81920
         640          256           4.096       327680       163840
         640          512           7.484       655360       327680
         640         1024          14.141      1310720       655360
         640         2048          27.765      2621440      1310720
         640         4096          54.552      5242880      2621440
         640         8192         107.915     10485760      5242880
         640        16384         215.193     20971520     10485760
         640        32768         429.189     41943040     20971520
         640        65536         863.774     83886080     41943040
         704            1           0.752         1408          704
         704            2           0.773         2816         1408
         704            4           0.818         5632         2816
         704            8           0.839        11264         5632
         704           16           0.953        22528        11264
         704           32           1.195        45056        22528
         704           64           1.620        90112        45056
         704          128           2.524       180224        90112
         704          256           4.452       360448       180224
         704          512           8.063       720896       360448
         704         1024          15.150      1441792       720896
         704         2048          29.650      2883584      1441792
         704         4096          58.574      5767168      2883584
         704         8192         116.086     11534336      5767168
         704        16384         231.481     23068672     11534336
         704        32768         462.087     46137344     23068672
         704        65536         923.431     92274688     46137344
         768            1           0.767         1536          768
         768            2           0.779         3072         1536
         768            4           0.811         6144         3072
         768            8           0.861        12288         6144
         768           16           1.061        24576        12288
         768           32           1.323        49152        24576
         768           64           1.609        98304        49152
         768          128           2.520       196608        98304
         768          256           4.531       393216       196608
         768          512           8.118       786432       393216
         768         1024          15.110      1572864       786432
         768         2048          29.564      3145728      1572864
         768         4096          58.334      6291456      3145728
         768         8192         115.899     12582912      6291456
         768        16384         230.825     25165824     12582912
         768        32768         460.975     50331648     25165824
         768        65536         920.824    100663296     50331648
         832            1           0.759         1664          832
         832            2           0.786         3328         1664
         832            4           0.791         6656         3328
         832            8           0.990        13312         6656
         832           16           1.036        26624        13312
         832           32           1.202        53248        26624
         832           64           1.670       106496        53248
         832          128           2.614       212992       106496
         832          256           4.480       425984       212992
         832          512           8.240       851968       425984
         832         1024          15.962      1703936       851968
         832         2048          34.933      3407872      1703936
         832         4096          60.850      6815744      3407872
         832         8192         120.867     13631488      6815744
         832        16384         240.971     27262976     13631488
         832        32768         480.887     54525952     27262976
         832        65536         961.463    109051904     54525952
         896            1           0.776         1792          896
         896            2           0.771         3584         1792
         896            4           0.799         7168         3584
         896            8           0.851        14336         7168
         896           16           0.973        28672        14336
         896           32           1.194        57344        28672
         896           64           1.661       114688        57344
         896          128           2.605       229376       114688
         896          256           4.483       458752       229376
         896          512           8.251       917504       458752
         896         1024          15.750      1835008       917504
         896         2048          30.887      3670016      1835008
         896         4096          60.934      7340032      3670016
         896         8192         121.019     14680064      7340032
         896        16384         241.177     29360128     14680064
         896        32768         481.318     58720256     29360128
         896        65536         961.943    117440512     58720256
         960            1           0.757         1920          960
         960            2           0.785         3840         1920
         960            4           0.822         7680         3840
         960            8           0.865        15360         7680
         960           16           0.989        30720        15360
         960           32           1.244        61440        30720
         960           64           1.764       122880        61440
         960          128           2.786       245760       122880
         960          256           4.871       491520       245760
         960          512           8.973       983040       491520
         960         1024          17.173      1966080       983040
         960         2048          33.752      3932160      1966080
         960         4096          69.659      7864320      3932160
         960         8192         132.467     15728640      7864320
         960        16384         264.103     31457280     15728640
         960        32768         527.475     62914560     31457280
        1024            1           0.758         2048         1024
        1024            2           0.778         4096         2048
        1024            4           0.806         8192         4096
        1024            8           0.919        16384         8192
        1024           16           1.020        32768        16384
        1024           32           1.406        65536        32768
        1024           64           1.801       131072        65536
        1024          128           2.800       262144       131072
        1024          256           4.886       524288       262144
        1024          512           8.970      1048576       524288
        1024         1024          17.436      2097152      1048576
        1024         2048          33.766      4194304      2097152
        1024         4096          66.738      8388608      4194304
        1024         8192         132.572     16777216      8388608
        1024        16384         264.116     33554432     16777216
        1024        32768         527.418     67108864     33554432
        1088            1           0.756         2176         1088
        1088            2           0.784         4352         2176
        1088            4           0.811         8704         4352
        1088            8           1.028        17408         8704
        1088           16           1.010        34816        17408
        1088           32           1.307        69632        34816
        1088           64           1.999       139264        69632
        1088          128           3.221       278528       139264
        1088          256           5.329       557056       278528
        1088          512           9.985      1114112       557056
        1088         1024          19.083      2228224      1114112
        1088         2048          37.479      4456448      2228224
        1088         4096          74.131      8912896      4456448
        1088         8192         147.493     17825792      8912896
        1088        16384         294.044     35651584     17825792
        1088        32768         586.868     71303168     35651584
        1152            1           0.754         2304         1152
        1152            2           0.815         4608         2304
        1152            4           0.932         9216         4608
        1152            8           1.037        18432         9216
        1152           16           1.051        36864        18432
        1152           32           1.316        73728        36864
        1152           64           1.892       147456        73728
        1152          128           3.050       294912       147456
        1152          256           5.381       589824       294912
        1152          512          10.022      1179648       589824
        1152         1024          19.362      2359296      1179648
        1152         2048          37.870      4718592      2359296
        1152         4096          74.978      9437184      4718592
        1152         8192         149.161     18874368      9437184
        1152        16384         297.426     37748736     18874368
        1152        32768         598.219     75497472     37748736
        1216            1           0.859         2432         1216
        1216            2           0.794         4864         2432
        1216            4           0.873         9728         4864
        1216            8           0.925        19456         9728
        1216           16           1.044        38912        19456
        1216           32           1.368        77824        38912
        1216           64           2.011       155648        77824
        1216          128           3.441       311296       155648
        1216          256           5.830       622592       311296
        1216          512          10.939      1245184       622592
        1216         1024          21.215      2490368      1245184
        1216         2048          41.595      4980736      2490368
        1216         4096          82.455      9961472      4980736
        1216         8192         163.964     19922944      9961472
        1216        16384         326.886     39845888     19922944
        1216        32768         653.299     79691776     39845888
        1280            1           0.932         2560         1280
        1280            2           0.781         5120         2560
        1280            4           0.840        10240         5120
        1280            8           0.892        20480        10240
        1280           16           1.042        40960        20480
        1280           32           1.544        81920        40960
        1280           64           2.016       163840        81920
        1280          128           3.287       327680       163840
        1280          256           5.859       655360       327680
        1280          512          10.947      1310720       655360
        1280         1024          21.232      2621440      1310720
        1280         2048          41.706      5242880      2621440
        1280         4096          82.398     10485760      5242880
        1280         8192         163.948     20971520     10485760
        1280        16384         326.935     41943040     20971520
        1280        32768         653.234     83886080     41943040
        1408            1           0.744         2816         1408
        1408            2           0.830         5632         2816
        1408            4           1.022        11264         5632
        1408            8           0.902        22528        11264
        1408           16           1.184        45056        22528
        1408           32           1.587        90112        45056
        1408           64           2.285       180224        90112
        1408          128           3.564       360448       180224
        1408          256           6.359       720896       360448
        1408          512          12.011      1441792       720896
        1408         1024          23.374      2883584      1441792
        1408         2048          45.872      5767168      2883584
        1408         4096          90.897     11534336      5767168
        1408         8192         180.919     23068672     11534336
        1408        16384         361.160     46137344     23068672
        1408        32768         724.175     92274688     46137344
        1536            1           0.782         3072         1536
        1536            2           0.911         6144         3072
        1536            4           0.853        12288         6144
        1536            8           0.914        24576        12288
        1536           16           1.114        49152        24576
        1536           32           1.495        98304        49152
        1536           64           2.247       196608        98304
        1536          128           3.764       393216       196608
        1536          256           6.816       786432       393216
        1536          512          12.892      1572864       786432
        1536         1024          25.161      3145728      1572864
        1536         2048          49.470      6291456      3145728
        1536         4096          98.152     12582912      6291456
        1536         8192         195.406     25165824     12582912
        1536        16384         390.065     50331648     25165824
        1536        32768         779.245    100663296     50331648
        1664            1           0.755         3328         1664
        1664            2           0.801         6656         3328
        1664            4           0.871        13312         6656
        1664            8           0.954        26624        13312
        1664           16           1.160        53248        26624
        1664           32           1.562       106496        53248
        1664           64           2.387       212992       106496
        1664          128           4.046       425984       212992
        1664          256           7.359       851968       425984
        1664          512          14.072      1703936       851968
        1664         1024          27.319      3407872      1703936
        1664         2048          53.831      6815744      3407872
        1664         4096         106.833     13631488      6815744
        1664         8192         212.851     27262976     13631488
        1664        16384         424.795     54525952     27262976
        1664        32768         852.845    109051904     54525952
        1792            1           0.761         3584         1792
        1792            2           0.917         7168         3584
        1792            4           1.043        14336         7168
        1792            8           0.981        28672        14336
        1792           16           1.166        57344        28672
        1792           32           1.652       114688        57344
        1792           64           2.687       229376       114688
        1792          128           4.341       458752       229376
        1792          256           7.815       917504       458752
        1792          512          14.976      1835008       917504
        1792         1024          29.170      3670016      1835008
        1792         2048          57.392      7340032      3670016
        1792         4096         114.075     14680064      7340032
        1792         8192         227.179     29360128     14680064
        1792        16384         453.556     58720256     29360128
        1792        32768         908.175    117440512     58720256
        1920            1           0.770         3840         1920
        1920            2           0.824         7680         3840
        1920            4           0.907        15360         7680
        1920            8           0.962        30720        15360
        1920           16           1.205        61440        30720
        1920           32           1.821       122880        61440
        1920           64           2.745       245760       122880
        1920          128           4.536       491520       245760
        1920          256           8.369       983040       491520
        1920          512          16.083      1966080       983040
        1920         1024          31.462      3932160      1966080
        1920         2048          61.935      7864320      3932160
        1920         4096         122.894     15728640      7864320
        1920         8192         244.730     31457280     15728640
        1920        16384         488.673     62914560     31457280
        2112            1           0.794         4224         2112
        2112            2           0.840         8448         4224
        2112            4           0.917        16896         8448
        2112            8           1.003        33792        16896
        2112           16           1.270        67584        33792
        2112           32           1.802       135168        67584
        2112           64           2.873       270336       135168
        2112          128           5.014       540672       270336
        2112          256           9.272      1081344       540672
        2112          512          17.818      2162688      1081344
        2112         1024          35.010      4325376      2162688
        2112         2048          69.214      8650752      4325376
        2112         4096         137.588     17301504      8650752
        2112         8192         274.393     34603008     17301504
        2112        16384         551.157     69206016     34603008
        2304            1           0.934         4608         2304
        2304            2           0.830         9216         4608
        2304            4           0.894        18432         9216
        2304            8           1.024        36864        18432
        2304           16           1.297        73728        36864
        2304           32           1.871       147456        73728
        2304           64           2.999       294912       147456
        2304          128           5.295       589824       294912
        2304          256           9.816      1179648       589824
        2304          512          18.888      2359296      1179648
        2304         1024          37.105      4718592      2359296
        2304         2048          73.488      9437184      4718592
        2304         4096         145.803     18874368      9437184
        2304         8192         290.791     37748736     18874368
        2304        16384         580.844     75497472     37748736
        2496            1           0.815         4992         2496
        2496            2           0.959         9984         4992
        2496            4           0.931        19968         9984
        2496            8           1.081        39936        19968
        2496           16           1.516        79872        39936
        2496           32           1.984       159744        79872
        2496           64           3.247       319488       159744
        2496          128           5.772       638976       319488
        2496          256          10.804      1277952       638976
        2496          512          21.012      2555904      1277952
        2496         1024          41.115      5111808      2555904
        2496         2048          81.379     10223616      5111808
        2496         4096         161.900     20447232     10223616
        2496         8192         322.786     40894464     20447232
        2496        16384         645.390     81788928     40894464
        2688            1           0.794         5376         2688
        2688            2           0.843        10752         5376
        2688            4           1.033        21504        10752
        2688            8           1.078        43008        21504
        2688           16           1.426        86016        43008
        2688           32           2.052       172032        86016
        2688           64           3.461       344064       172032
        2688          128           6.151       688128       344064
        2688          256          11.492      1376256       688128
        2688          512          22.095      2752512      1376256
        2688         1024          43.509      5505024      2752512
        2688         2048          85.732     11010048      5505024
        2688         4096         170.692     22020096     11010048
        2688         8192         340.473     44040192     22020096
        2688        16384         680.110     88080384     44040192
        2944            1           0.779         5888         2944
        2944            2           0.851        11776         5888
        2944            4           0.961        23552        11776
        2944            8           1.098        47104        23552
        2944           16           1.456        94208        47104
        2944           32           2.182       188416        94208
        2944           64           3.638       376832       188416
        2944          128           6.540       753664       376832
        2944          256          12.353      1507328       753664
        2944          512          28.137      3014656      1507328
        2944         1024          47.296      6029312      3014656
        2944         2048          93.761     12058624      6029312
        2944         4096         186.632     24117248     12058624
        2944         8192         372.446     48234496     24117248
        2944        16384         743.957     96468992     48234496
        3200            1           0.801         6400         3200
        3200            2           0.856        12800         6400
        3200            4           0.931        25600        12800
        3200            8           1.132        51200        25600
        3200           16           1.520       102400        51200
        3200           32           2.317       204800       102400
        3200           64           3.882       409600       204800
        3200          128           7.057       819200       409600
        3200          256          13.346      1638400       819200
        3200          512          25.950      3276800      1638400
        3200         1024          51.282      6553600      3276800
        3200         2048         101.685     13107200      6553600
        3200         4096         202.593     26214400     13107200
        3200         8192         404.356     52428800     26214400
        3200        16384         807.713    104857600     52428800
        3520            1           0.963         7040         3520
        3520            2           0.868        14080         7040
        3520            4           1.023        28160        14080
        3520            8           1.184        56320        28160
        3520           16           1.600       112640        56320
        3520           32           2.482       225280       112640
        3520           64           4.258       450560       225280
        3520          128           7.894       901120       450560
        3520          256          14.771      1802240       901120
        3520          512          28.863      3604480      1802240
        3520         1024          57.116      7208960      3604480
        3520         2048         113.190     14417920      7208960
        3520         4096         225.501     28835840     14417920
        3520         8192         461.976     57671680     28835840
        3520        16384         898.551    115343360     57671680
        3840            1           0.887         7680         3840
        3840            2           0.883        15360         7680
        3840            4           0.974        30720        15360
        3840            8           1.230        61440        30720
        3840           16           1.654       122880        61440
        3840           32           2.625       245760       122880
        3840           64           4.600       491520       245760
        3840          128           8.271       983040       491520
        3840          256          15.851      1966080       983040
        3840          512          30.904      3932160      1966080
        3840         1024          60.960      7864320      3932160
        3840         2048         121.142     15728640      7864320
        3840         4096         241.656     31457280     15728640
        3840         8192         481.799     62914560     31457280
        4224            1           0.837         8448         4224
        4224            2           0.905        16896         8448
        4224            4           1.083        33792        16896
        4224            8           1.324        67584        33792
        4224           16           1.925       135168        67584
        4224           32           3.012       270336       135168
        4224           64           5.259       540672       270336
        4224          128           9.815      1081344       540672
        4224          256          19.009      2162688      1081344
        4224          512          37.245      4325376      2162688
        4224         1024          73.674      8650752      4325376
        4224         2048         146.459     17301504      8650752
        4224         4096         292.097     34603008     17301504
        4224         8192         583.388     69206016     34603008
        4608            1           0.826         9216         4608
        4608            2           0.888        18432         9216
        4608            4           1.064        36864        18432
        4608            8           1.303        73728        36864
        4608           16           1.848       147456        73728
        4608           32           3.078       294912       147456
        4608           64           5.240       589824       294912
        4608          128           9.736      1179648       589824
        4608          256          18.969      2359296      1179648
        4608          512          36.920      4718592      2359296
        4608         1024          72.919      9437184      4718592
        4608         2048         145.013     18874368      9437184
        4608         4096         289.239     37748736     18874368
        4608         8192         591.903     75497472     37748736
        5056            1           0.844        10112         5056
        5056            2           0.934        20224        10112
        5056            4           1.139        40448        20224
        5056            8           1.406        80896        40448
        5056           16           2.117       161792        80896
        5056           32           3.221       323584       161792
        5056           64           5.898       647168       323584
        5056          128          10.711      1294336       647168
        5056          256          21.619      2588672      1294336
        5056          512          43.485      5177344      2588672
        5056         1024          87.579     10354688      5177344
        5056         2048         175.379     20709376     10354688
        5056         4096         351.018     41418752     20709376
        5056         8192         694.027     82837504     41418752
        5504            1           0.832        11008         5504
        5504            2           0.932        22016        11008
        5504            4           1.125        44032        22016
        5504            8           1.449        88064        44032
        5504           16           2.203       176128        88064
        5504           32           3.646       352256       176128
        5504           64           6.547       704512       352256
        5504          128          12.320      1409024       704512
        5504          256          23.915      2818048      1409024
        5504          512          47.168      5636096      2818048
        5504         1024          93.459     11272192      5636096
        5504         2048         186.022     22544384     11272192
        5504         4096         371.217     45088768     22544384
        5504         8192         741.545     90177536     45088768
        6016            1           0.846        12032         6016
        6016            2           0.924        24064        12032
        6016            4           1.135        48128        24064
        6016            8           1.525        96256        48128
        6016           16           2.338       192512        96256
        6016           32           3.896       385024       192512
        6016           64           7.078       770048       385024
        6016          128          13.419      1540096       770048
        6016          256          26.182      3080192      1540096
        6016          512          51.654      6160384      3080192
        6016         1024         102.526     12320768      6160384
        6016         2048         203.953     24641536     12320768
        6016         4096         413.970     49283072     24641536
        6016         8192         813.119     98566144     49283072
        6592            1           0.916        13184         6592
        6592            2           0.968        26368        13184
        6592            4           1.171        52736        26368
        6592            8           1.613       105472        52736
        6592           16           2.458       210944       105472
        6592           32           4.195       421888       210944
        6592           64           7.652       843776       421888
        6592          128          14.634      1687552       843776
        6592          256          28.621      3375104      1687552
        6592          512          56.386      6750208      3375104
        6592         1024         111.641     13500416      6750208
        6592         2048         222.483     27000832     13500416
        6592         4096         445.055     54001664     27000832
        6592         8192         890.175    108003328     54001664
        7232            1           0.843        14464         7232
        7232            2           1.128        28928        14464
        7232            4           1.243        57856        28928
        7232            8           1.747       115712        57856
        7232           16           2.705       231424       115712
        7232           32           4.548       462848       231424
        7232           64           8.380       925696       462848
        7232          128          15.770      1851392       925696
        7232          256          30.804      3702784      1851392
        7232          512          62.042      7405568      3702784
        7232         1024         121.508     14811136      7405568
        7232         2048         245.678     29622272     14811136
        7232         4096         486.509     59244544     29622272
        7232         8192         973.901    118489088     59244544
        7936            1           0.856        15872         7936
        7936            2           0.997        31744        15872
        7936            4           1.267        63488        31744
        7936            8           1.907       126976        63488
        7936           16           2.827       253952       126976
        7936           32           4.860       507904       253952
        7936           64           9.026      1015808       507904
        7936          128          17.226      2031616      1015808
        7936          256          33.836      4063232      2031616
        7936          512          66.784      8126464      4063232
        7936         1024         132.662     16252928      8126464
        7936         2048         264.410     32505856     16252928
        7936         4096         527.957     65011712     32505856
        8704            1           0.860        17408         8704
        8704            2           1.010        34816        17408
        8704            4           1.295        69632        34816
        8704            8           1.847       139264        69632
        8704           16           2.967       278528       139264
        8704           32           5.226       557056       278528
        8704           64           9.744      1114112       557056
        8704          128          18.772      2228224      1114112
        8704          256          36.905      4456448      2228224
        8704          512          73.004      8912896      4456448
        8704         1024         145.060     17825792      8912896
        8704         2048         289.450     35651584     17825792
        8704         4096         577.751     71303168     35651584
        9536            1           0.897        19072         9536
        9536            2           1.057        38144        19072
        9536            4           1.360        76288        38144
        9536            8           1.977       152576        76288
        9536           16           3.221       305152       152576
        9536           32           5.687       610304       305152
        9536           64          10.517      1220608       610304
        9536          128          20.461      2441216      1220608
        9536          256          39.975      4882432      2441216
        9536          512          80.190      9764864      4882432
        9536         1024         158.560     19529728      9764864
        9536         2048         317.180     39059456     19529728
        9536         4096         640.934     78118912     39059456
       10432            1           0.900        20864        10432
       10432            2           1.067        41728        20864
       10432            4           1.394        83456        41728
       10432            8           2.067       166912        83456
       10432           16           3.406       333824       166912
       10432           32           6.053       667648       333824
       10432           64          11.505      1335296       667648
       10432          128          22.317      2670592      1335296
       10432          256          43.653      5341184      2670592
       10432          512          85.897     10682368      5341184
       10432         1024         171.981     21364736     10682368
       10432         2048         344.060     42729472     21364736
       10432         4096         690.827     85458944     42729472
       11456            1           0.908        22912        11456
       11456            2           1.088        45824        22912
       11456            4           1.451        91648        45824
       11456            8           2.209       183296        91648
       11456           16           3.658       366592       183296
       11456           32           6.585       733184       366592
       11456           64          12.364      1466368       733184
       11456          128          24.008      2932736      1466368
       11456          256          47.583      5865472      2932736
       11456          512          94.254     11730944      5865472
       11456         1024         188.834     23461888     11730944
       11456         2048         374.886     46923776     23461888
       11456         4096         752.175     93847552     46923776
       12544            1           0.947        25088        12544
       12544            2           1.130        50176        25088
       12544            4           1.553       100352        50176
       12544            8           2.346       200704       100352
       12544           16           3.935       401408       200704
       12544           32           7.128       802816       401408
       12544           64          13.500      1605632       802816
       12544          128          26.302      3211264      1605632
       12544          256          51.828      6422528      3211264
       12544          512         103.052     12845056      6422528
       12544         1024         205.333     25690112     12845056
       12544         2048         412.786     51380224     25690112
       12544         4096         818.714    102760448     51380224
       13760            1           0.974        27520        13760
       13760            2           1.212        55040        27520
       13760            4           1.661       110080        55040
       13760            8           2.473       220160       110080
       13760           16           4.267       440320       220160
       13760           32           7.686       880640       440320
       13760           64          14.646      1761280       880640
       13760          128          28.588      3522560      1761280
       13760          256          57.108      7045120      3522560
       13760          512         112.073     14090240      7045120
       13760         1024         223.066     28180480     14090240
       13760         2048         447.890     56360960     28180480
       13760         4096         901.205    112721920     56360960
       15104            1           0.964        30208        15104
       15104            2           1.207        60416        30208
       15104            4           1.690       120832        60416
       15104            8           2.644       241664       120832
       15104           16           4.546       483328       241664
       15104           32           8.368       966656       483328
       15104           64          15.993      1933312       966656
       15104          128          31.293      3866624      1933312
       15104          256          61.909      7733248      3866624
       15104          512         123.161     15466496      7733248
       15104         1024         245.520     30932992     15466496
       15104         2048         490.249     61865984     30932992
       15104         4096         982.495    123731968     61865984
       16576            1           1.010        33152        16576
       16576            2           1.287        66304        33152
       16576            4           1.945       132608        66304
       16576            8           2.826       265216       132608
       16576           16           4.918       530432       265216
       16576           32           9.089      1060864       530432
       16576           64          17.515      2121728      1060864
       16576          128          34.306      4243456      2121728
       16576          256          67.766      8486912      4243456
       16576          512         135.111     16973824      8486912
       16576         1024         268.057     33947648     16973824
       16576         2048         534.034     67895296     33947648
       18176            1           1.044        36352        18176
       18176            2           1.288        72704        36352
       18176            4           1.929       145408        72704
       18176            8           3.022       290816       145408
       18176           16           5.312       581632       290816
       18176           32           9.875      1163264       581632
       18176           64          19.059      2326528      1163264
       18176          128          37.400      4653056      2326528
       18176          256          74.081      9306112      4653056
       18176          512         147.536     18612224      9306112
       18176         1024         294.214     37224448     18612224
       18176         2048         587.787     74448896     37224448
       19968            1           1.044        39936        19968
       19968            2           1.359        79872        39936
       19968            4           2.004       159744        79872
       19968            8           3.240       319488       159744
       19968           16           5.727       638976       319488
       19968           32          10.821      1277952       638976
       19968           64          20.763      2555904      1277952
       19968          128          40.838      5111808      2555904
       19968          256          81.005     10223616      5111808
       19968          512         161.191     20447232     10223616
       19968         1024         321.592     40894464     20447232
       19968         2048         645.102     81788928     40894464
       21952            1           1.080        43904        21952
       21952            2           1.416        87808        43904
       21952            4           2.096       175616        87808
       21952            8           3.508       351232       175616
       21952           16           6.217       702464       351232
       21952           32          11.660      1404928       702464
       21952           64          22.635      2809856      1404928
       21952          128          44.131      5619712      2809856
       21952          256          88.276     11239424      5619712
       21952          512         176.093     22478848     11239424
       21952         1024         354.049     44957696     22478848
       21952         2048         707.317     89915392     44957696
       24128            1           1.163        48256        24128
       24128            2           1.492        96512        48256
       24128            4           2.247       193024        96512
       24128            8           3.755       386048       193024
       24128           16           6.801       772096       386048
       24128           32          12.775      1544192       772096
       24128           64          25.072      3088384      1544192
       24128          128          48.830      6176768      3088384
       24128          256          95.741     12353536      6176768
       24128          512         195.391     24707072     12353536
       24128         1024         390.022     49414144     24707072
       24128         2048         774.622     98828288     49414144
       26496            1           1.150        52992        26496
       26496            2           1.574       105984        52992
       26496            4           2.554       211968       105984
       26496            8           4.046       423936       211968
       26496           16           7.325       847872       423936
       26496           32          13.929      1695744       847872
       26496           64          27.255      3391488      1695744
       26496          128          53.484      6782976      3391488
       26496          256         106.329     13565952      6782976
       26496          512         211.754     27131904     13565952
       26496         1024         425.286     54263808     27131904
       26496         2048         844.556    108527616     54263808
       29120            1           1.193        58240        29120
       29120            2           1.632       116480        58240
       29120            4           2.554       232960       116480
       29120            8           4.345       465920       232960
       29120           16           7.926       931840       465920
       29120           32          15.219      1863680       931840
       29120           64          29.586      3727360      1863680
       29120          128          58.316      7454720      3727360
       29120          256         114.865     14909440      7454720
       29120          512         232.380     29818880     14909440
       29120         1024         461.465     59637760     29818880
       29120         2048         924.400    119275520     59637760
       32000            1           1.267        64000        32000
       32000            2           1.891       128000        64000
       32000            4           2.737       256000       128000
       32000            8           4.694       512000       256000
       32000           16           8.713      1024000       512000
       32000           32          16.622      2048000      1024000
       32000           64          32.589      4096000      2048000
       32000          128          64.343      8192000      4096000
       32000          256         127.790     16384000      8192000
       32000          512         254.770     32768000     16384000
       32000         1024         511.150     65536000     32768000
       35200            1           1.576        70400        35200
       35200            2           1.837       140800        70400
       35200            4           2.917       281600       140800
       35200            8           5.183       563200       281600
       35200           16           9.490      1126400       563200
       35200           32          18.150      2252800      1126400
       35200           64          35.517      4505600      2252800
       35200          128          70.243      9011200      4505600
       35200          256         139.765     18022400      9011200
       35200          512         278.922     36044800     18022400
       35200         1024         556.895     72089600     36044800
       38720            1           1.579        77440        38720
       38720            2           1.936       154880        77440
       38720            4           3.129       309760       154880
       38720            8           5.505       619520       309760
       38720           16          10.285      1239040       619520
       38720           32          19.826      2478080      1239040
       38720           64          39.069      4956160      2478080
       38720          128          76.854      9912320      4956160
       38720          256         153.170     19824640      9912320
       38720          512         306.967     39649280     19824640
       38720         1024         610.627     79298560     39649280
       42560            1           1.383        85120        42560
       42560            2           2.046       170240        85120
       42560            4           3.347       340480       170240
       42560            8           5.965       680960       340480
       42560           16          11.373      1361920       680960
       42560           32          22.181      2723840      1361920
       42560           64          42.169      5447680      2723840
       42560          128          84.068     10895360      5447680
       42560          256         167.633     21790720     10895360
       42560          512         337.757     43581440     21790720
       42560         1024         666.352     87162880     43581440
       46784            1           1.449        93568        46784
       46784            2           2.177       187136        93568
       46784            4           3.642       374272       187136
       46784            8           6.480       748544       374272
       46784           16          12.210      1497088       748544
       46784           32          23.858      2994176      1497088
       46784           64          46.644      5988352      2994176
       46784          128          91.908     11976704      5988352
       46784          256         186.795     23953408     11976704
       46784          512         367.796     47906816     23953408
       46784         1024         737.428     95813632     47906816
       51456            1           1.560       102912        51456
       51456            2           2.312       205824       102912
       51456            4           3.899       411648       205824
       51456            8           7.091       823296       411648
       51456           16          13.375      1646592       823296
       51456           32          26.046      3293184      1646592
       51456           64          51.276      6586368      3293184
       51456          128         101.832     13172736      6586368
       51456          256         202.857     26345472     13172736
       51456          512         405.191     52690944     26345472
       51456         1024         809.538    105381888     52690944
       56576            1           1.626       113152        56576
       56576            2           2.553       226304       113152
       56576            4           4.198       452608       226304
       56576            8           7.662       905216       452608
       56576           16          14.566      1810432       905216
       56576           32          28.397      3620864      1810432
       56576           64          56.179      7241728      3620864
       56576          128         111.556     14483456      7241728
       56576          256         222.326     28966912     14483456
       56576          512         444.095     57933824     28966912
       56576         1024         891.004    115867648     57933824
       62208            1           1.715       124416        62208
       62208            2           2.629       248832       124416
       62208            4           4.525       497664       248832
       62208            8           8.332       995328       497664
       62208           16          15.929      1990656       995328
       62208           32          31.282      3981312      1990656
       62208           64          61.781      7962624      3981312
       62208          128         122.758     15925248      7962624
       62208          256         244.883     31850496     15925248
       62208          512         489.301     63700992     31850496
       68416            1           2.165       136832        68416
       68416            2           2.821       273664       136832
       68416            4           4.909       547328       273664
       68416            8           9.082      1094656       547328
       68416           16          17.500      2189312      1094656
       68416           32          34.258      4378624      2189312
       68416           64          67.572      8757248      4378624
       68416          128         134.842     17514496      8757248
       68416          256         268.778     35028992     17514496
       68416          512         535.199     70057984     35028992
       75200            1           2.155       150400        75200
       75200            2           3.005       300800       150400
       75200            4           5.365       601600       300800
       75200            8           9.920      1203200       601600
       75200           16          19.080      2406400      1203200
       75200           32          37.482      4812800      2406400
       75200           64          74.214      9625600      4812800
       75200          128         147.657     19251200      9625600
       75200          256         294.987     38502400     19251200
       75200          512         591.050     77004800     38502400
       82688            1           2.024       165376        82688
       82688            2           3.257       330752       165376
       82688            4           5.889       661504       330752
       82688            8          10.863      1323008       661504
       82688           16          20.999      2646016      1323008
       82688           32          41.246      5292032      2646016
       82688           64          81.728     10584064      5292032
       82688          128         162.234     21168128     10584064
       82688          256         323.523     42336256     21168128
       82688          512         646.460     84672512     42336256
       90944            1           2.159       181888        90944
       90944            2           3.502       363776       181888
       90944            4           6.261       727552       363776
       90944            8          11.816      1455104       727552
       90944           16          22.916      2910208      1455104
       90944           32          45.075      5820416      2910208
       90944           64          89.504     11640832      5820416
       90944          128         178.681     23281664     11640832
       90944          256         355.237     46563328     23281664
       90944          512         708.056     93126656     46563328
      100032            1           2.428       200064       100032
      100032            2           3.794       400128       200064
      100032            4           6.805       800256       400128
      100032            8          12.892      1600512       800256
      100032           16          25.048      3201024      1600512
      100032           32          49.337      6402048      3201024
      100032           64          98.234     12804096      6402048
      100032          128         195.274     25608192     12804096
      100032          256         390.054     51216384     25608192
      100032          512         783.715    102432768     51216384
      110016            1           2.793       220032       110016
      110016            2           4.092       440064       220032
      110016            4           7.374       880128       440064
      110016            8          14.064      1760256       880128
      110016           16          27.438      3520512      1760256
      110016           32          54.247      7041024      3520512
      110016           64         107.846     14082048      7041024
      110016          128         214.502     28164096     14082048
      110016          256         428.142     56328192     28164096
      110016          512         854.625    112656384     56328192
      120960            1           2.520       241920       120960
      120960            2           4.425       483840       241920
      120960            4           8.102       967680       483840
      120960            8          15.451      1935360       967680
      120960           16          30.162      3870720      1935360
      120960           32          59.585      7741440      3870720
      120960           64         118.477     15482880      7741440
      120960          128         236.250     30965760     15482880
      120960          256         471.772     61931520     30965760
      120960          512         945.222    123863040     61931520
      133056            1           3.058       266112       133056
      133056            2           4.848       532224       266112
      133056            4           8.812      1064448       532224
      133056            8          16.931      2128896      1064448
      133056           16          33.138      4257792      2128896
      133056           32          65.486      8515584      4257792
      133056           64         130.109     17031168      8515584
      133056          128         259.418     34062336     17031168
      133056          256         518.657     68124672     34062336
      146304            1           2.833       292608       146304
      146304            2           5.200       585216       292608
      146304            4           9.638      1170432       585216
      146304            8          18.637      2340864      1170432
      146304           16          36.397      4681728      2340864
      146304           32          71.850      9363456      4681728
      146304           64         142.954     18726912      9363456
      146304          128         285.169     37453824     18726912
      146304          256         569.716     74907648     37453824
      160896            1           3.093       321792       160896
      160896            2           5.607       643584       321792
      160896            4          10.522      1287168       643584
      160896            8          20.278      2574336      1287168
      160896           16          39.849      5148672      2574336
      160896           32          78.930     10297344      5148672
      160896           64         157.081     20594688     10297344
      160896          128         313.497     41189376     20594688
      160896          256         626.217     82378752     41189376
      176960            1           4.274       353920       176960
      176960            2           6.168       707840       353920
      176960            4          11.525      1415680       707840
      176960            8          22.297      2831360      1415680
      176960           16          43.849      5662720      2831360
      176960           32          86.503     11325440      5662720
      176960           64         172.180     22650880     11325440
      176960          128         346.373     45301760     22650880
      176960          256         687.999     90603520     45301760
      194624            1           3.756       389248       194624
      194624            2           6.677       778496       389248
      194624            4          12.522      1556992       778496
      194624            8          24.757      3113984      1556992
      194624           16          47.987      6227968      3113984
      194624           32          95.384     12455936      6227968
      194624           64         190.636     24911872     12455936
      194624          128         378.135     49823744     24911872
      194624          256         755.490     99647488     49823744
      214080            1           4.403       428160       214080
      214080            2           7.343       856320       428160
      214080            4          13.874      1712640       856320
      214080            8          26.925      3425280      1712640
      214080           16          52.783      6850560      3425280
      214080           32         104.559     13701120      6850560
      214080           64         208.447     27402240     13701120
      214080          128         415.989     54804480     27402240
      214080          256         832.678    109608960     54804480
      235456            1           5.287       470912       235456
      235456            2           8.117       941824       470912
      235456            4          15.262      1883648       941824
      235456            8          29.515      3767296      1883648
      235456           16          58.098      7534592      3767296
      235456           32         115.011     15069184      7534592
      235456           64         229.504     30138368     15069184
      235456          128         457.616     60276736     30138368
      235456          256         913.070    120553472     60276736
      258944            1           5.089       517888       258944
      258944            2           9.048      1035776       517888
      258944            4          16.945      2071552      1035776
      258944            8          32.593      4143104      2071552
      258944           16          63.972      8286208      4143104
      258944           32         126.853     16572416      8286208
      258944           64         252.376     33144832     16572416
      258944          128         503.593     66289664     33144832
      284800            1           6.496       569600       284800
      284800            2          10.336      1139200       569600
      284800            4          19.774      2278400      1139200
      284800            8          38.658      4556800      2278400
      284800           16          76.334      9113600      4556800
      284800           32         151.843     18227200      9113600
      284800           64         302.856     36454400     18227200
      284800          128         607.494     72908800     36454400
      313280            1           7.111       626560       313280
      313280            2          11.579      1253120       626560
      313280            4          22.241      2506240      1253120
      313280            8          43.680      5012480      2506240
      313280           16          86.606     10024960      5012480
      313280           32         172.281     20049920     10024960
      313280           64         343.840     40099840     20049920
      313280          128         686.415     80199680     40099840
      344576            1           8.178       689152       344576
      344576            2          12.556      1378304       689152
      344576            4          24.343      2756608      1378304
      344576            8          47.941      5513216      2756608
      344576           16          95.103     11026432      5513216
      344576           32         189.384     22052864     11026432
      344576           64         377.878     44105728     22052864
      344576          128         754.923     88211456     44105728
      379008            1           8.689       758016       379008
      379008            2          13.743      1516032       758016
      379008            4          26.709      3032064      1516032
      379008            8          52.633      6064128      3032064
      379008           16         104.550     12128256      6064128
      379008           32         208.184     24256512     12128256
      379008           64         415.519     48513024     24256512
      379008          128         832.968     97026048     48513024
      416896            1           9.044       833792       416896
      416896            2          15.019      1667584       833792
      416896            4          29.331      3335168      1667584
      416896            8          57.972      6670336      3335168
      416896           16         114.836     13340672      6670336
      416896           32         228.887     26681344     13340672
      416896           64         457.012     53362688     26681344
      416896          128         913.207    106725376     53362688
      458560            1          10.389       917120       458560
      458560            2          16.447      1834240       917120
      458560            4          32.154      3668480      1834240
      458560            8          63.522      7336960      3668480
      458560           16         126.327     14673920      7336960
      458560           32         251.653     29347840     14673920
      458560           64         502.062     58695680     29347840
      458560          128        1007.250    117391360     58695680
      504384            1          11.186      1008768       504384
      504384            2          18.014      2017536      1008768
      504384            4          35.349      4035072      2017536
      504384            8          69.780      8070144      4035072
      504384           16         138.804     16140288      8070144
      504384           32         276.748     32280576     16140288
      504384           64         552.635     64561152     32280576
      554816            1          12.552      1109632       554816
      554816            2          19.797      2219264      1109632
      554816            4          38.764      4438528      2219264
      554816            8          76.663      8877056      4438528
      554816           16         152.538     17754112      8877056
      554816           32         304.303     35508224     17754112
      554816           64         607.532     71016448     35508224
      610240            1          13.457      1220480       610240
      610240            2          21.685      2440960      1220480
      610240            4          42.559      4881920      2440960
      610240            8          84.220      9763840      4881920
      610240           16         167.909     19527680      9763840
      610240           32         334.550     39055360     19527680
      610240           64         670.701     78110720     39055360
      671232            1          14.920      1342464       671232
      671232            2          23.852      2684928      1342464
      671232            4          46.747      5369856      2684928
      671232            8          92.575     10739712      5369856
      671232           16         184.345     21479424     10739712
      671232           32         367.877     42958848     21479424
      671232           64         735.108     85917696     42958848
      738304            1          16.708      1476608       738304
      738304            2          26.334      2953216      1476608
      738304            4          51.392      5906432      2953216
      738304            8         101.904     11812864      5906432
      738304           16         202.776     23625728     11812864
      738304           32         404.751     47251456     23625728
      738304           64         808.479     94502912     47251456
      812096            1          18.292      1624192       812096
      812096            2          28.654      3248384      1624192
      812096            4          56.391      6496768      3248384
      812096            8         111.828     12993536      6496768
      812096           16         223.000     25987072     12993536
      812096           32         447.797     51974144     25987072
      812096           64         889.058    103948288     51974144
      893248            1          19.605      1786496       893248
      893248            2          31.458      3572992      1786496
      893248            4          61.950      7145984      3572992
      893248            8         122.999     14291968      7145984
      893248           16         245.052     28583936     14291968
      893248           32         489.353     57167872     28583936
      893248           64         977.834    114335744     57167872
      982528            1          22.190      1965056       982528
      982528            2          34.465      3930112      1965056
      982528            4          68.003      7860224      3930112
      982528            8         135.151     15720448      7860224
      982528           16         269.484     31440896     15720448
      982528           32         566.588     62881792     31440896
     1080768            1          24.583      2161536      1080768
     1080768            2          43.461      4323072      2161536
     1080768            4          74.719      8646144      4323072
     1080768            8         161.214     17292288      8646144
     1080768           16         296.314     34584576     17292288
     1080768           32         591.522     69169152     34584576
     1188800            1          28.310      2377600      1188800
     1188800            2          41.541      4755200      2377600
     1188800            4          82.260      9510400      4755200
     1188800            8         163.553     19020800      9510400
     1188800           16         326.150     38041600     19020800
     1188800           32         651.303     76083200     38041600
     1307648            1          28.226      2615296      1307648
     1307648            2          45.668      5230592      2615296
     1307648            4          90.303     10461184      5230592
     1307648            8         179.862     20922368     10461184
     1307648           16         358.501     41844736     20922368
     1307648           32         718.394     83689472     41844736
     1438400            1          32.856      2876800      1438400
     1438400            2          50.592      5753600      2876800
     1438400            4          99.796     11507200      5753600
     1438400            8         198.819     23014400     11507200
     1438400           16         396.586     46028800     23014400
     1438400           32         792.168     92057600     46028800
     1582208            1          36.455      3164416      1582208
     1582208            2          55.294      6328832      3164416
     1582208            4         109.335     12657664      6328832
     1582208            8         217.351     25315328     12657664
     1582208           16         434.928     50630656     25315328
     1582208           32         869.578    101261312     50630656
     1740416            1          39.714      3480832      1740416
     1740416            2          60.943      6961664      3480832
     1740416            4         120.615     13923328      6961664
     1740416            8         244.057     27846656     13923328
     1740416           16         479.834     55693312     27846656
     1740416           32         959.730    111386624     55693312
     1914432            1          42.357      3828864      1914432
     1914432            2          67.083      7657728      3828864
     1914432            4         132.917     15315456      7657728
     1914432            8         264.416     30630912     15315456
     1914432           16         528.917     61261824     30630912
     1914432           32        1057.319    122523648     61261824
     2105856            1          46.692      4211712      2105856
     2105856            2          74.539      8423424      4211712
     2105856            4         146.697     16846848      8423424
     2105856            8         300.754     33693696     16846848
     2105856           16         583.553     67387392     33693696
     2316416            1          53.008      4632832      2316416
     2316416            2          82.415      9265664      4632832
     2316416            4         162.896     18531328      9265664
     2316416            8         323.801     37062656     18531328
     2316416           16         648.362     74125312     37062656
     2548032            1          58.575      5096064      2548032
     2548032            2          91.186     10192128      5096064
     2548032            4         180.285     20384256     10192128
     2548032            8         358.285     40768512     20384256
     2548032           16         717.195     81537024     40768512
     2802816            1          62.757      5605632      2802816
     2802816            2         101.151     11211264      5605632
     2802816            4         198.691     22422528     11211264
     2802816            8         401.632     44845056     22422528
     2802816           16         791.725     89690112     44845056
     3083072            1          69.728      6166144      3083072
     3083072            2         110.619     12332288      6166144
     3083072            4         220.380     24664576     12332288
     3083072            8         437.961     49329152     24664576
     3083072           16         871.758     98658304     49329152
     3391360            1          76.447      6782720      3391360
     3391360            2         122.617     13565440      6782720
     3391360            4         242.352     27130880     13565440
     3391360            8         481.674     54261760     27130880
     3391360           16         967.181    108523520     54261760
     3730496            1          85.310      7460992      3730496
     3730496            2         134.793     14921984      7460992
     3730496            4         266.611     29843968     14921984
     3730496            8         530.291     59687936     29843968
     3730496           16        1056.738    119375872     59687936
     4103488            1          93.898      8206976      4103488
     4103488            2         147.227     16413952      8206976
     4103488            4         292.338     32827904     16413952
     4103488            8         583.041     65655808     32827904
     4513792            1         101.516      9027584      4513792
     4513792            2         168.099     18055168      9027584
     4513792            4         321.579     36110336     18055168
     4513792            8         641.367     72220672     36110336
     4965120            1         112.121      9930240      4965120
     4965120            2         178.603     19860480      9930240
     4965120            4         354.416     39720960     19860480
     4965120            8         706.077     79441920     39720960
     5461632            1         124.104     10923264      5461632
     5461632            2         195.161     21846528     10923264
     5461632            4         388.343     43693056     21846528
     5461632            8         775.390     87386112     43693056
     6007744            1         142.900     12015488      6007744
     6007744            2         214.640     24030976     12015488
     6007744            4         427.409     48061952     24030976
     6007744            8         854.146     96123904     48061952
     6608512            1         149.288     13217024      6608512
     6608512            2         236.069     26434048     13217024
     6608512            4         470.761     52868096     26434048
     6608512            8         937.838    105736192     52868096
     7269312            1         165.919     14538624      7269312
     7269312            2         260.415     29077248     14538624
     7269312            4         523.530     58154496     29077248
     7269312            8        1032.816    116308992     58154496
     7996224            1         181.496     15992448      7996224
     7996224            2         286.077     31984896     15992448
     7996224            4         569.383     63969792     31984896
     8795840            1         199.335     17591680      8795840
     8795840            2         313.511     35183360     17591680
     8795840            4         624.871     70366720     35183360
     9675392            1         220.670     19350784      9675392
     9675392            2         352.012     38701568     19350784
     9675392            4         687.795     77403136     38701568
    10642880            1         243.259     21285760     10642880
    10642880            2         379.806     42571520     21285760
    10642880            4         755.474     85143040     42571520
    11707136            1         269.423     23414272     11707136
    11707136            2         417.896     46828544     23414272
    11707136            4         832.787     93657088     46828544
    12877824            1         297.352     25755648     12877824
    12877824            2         460.373     51511296     25755648
    12877824            4         919.245    103022592     51511296
    14165568            1         327.373     28331136     14165568
    14165568            2         507.991     56662272     28331136
    14165568            4        1013.822    113324544     56662272
    15582080            1         358.931     31164160     15582080
    15582080            2         574.989     62328320     31164160
    15582080            4        1126.706    124656640     62328320
    17140288            1         405.073     34280576     17140288
    17140288            2         647.212     68561152     34280576
    18854272            1         453.215     37708544     18854272
    18854272            2         823.471     75417088     37708544
    20739648            1         575.095     41479296     20739648
    20739648            2        1139.159     82958592     41479296
    22813568            1         722.952     45627136     22813568
    22813568            2        1652.197     91254272     45627136
    25094912            1        1049.292     50189824     25094912
    25094912            2        2545.110    100379648     50189824
    27604352            1        1559.693     55208704     27604352
    27604352            2        3407.539    110417408     55208704
    30364736            1        1915.482     60729472     30364736
    30364736            2        4274.474    121458944     60729472
    33401152            1        2384.408     66802304     33401152
    36741248            1        2774.446     73482496     36741248
    40415360            1        3187.251     80830720     40415360
    44456896            1        3543.742     88913792     44456896
    48902528            1        3921.796     97805056     48902528
    53792768            1        4305.915    107585536     53792768
    59172032            1        4739.446    118344064     59172032

META_DATA
MPI_PROCS      1
OPENMP_THREADS 8
FLOPS          8
ERT_VERSION  1.0.0
TIMESTAMP_DATA  1594866804.8
HOSTNAME  ('apollo-PowerEdge-R430', [], ['127.0.1.1'])
UNAME  ('Linux', 'apollo-PowerEdge-R430', '4.19.129-0419129-generic', '#202006220433 SMP Mon Jun 22 09:12:54 UTC 2020', 'x86_64', 'x86_64')
CONFIG  {'ERT_WORKING_SET_MIN': ['1'], 'ERT_CFLAGS': ['-O3'], 'ERT_CC': ['gcc'], 'ERT_MPI_CFLAGS': [], 'ERT_MPI_LDFLAGS': [], 'ERT_MEMORY_MAX': ['62497788'], 'ERT_PROCS_THREADS': ['8'], 'ERT_LDFLAGS': [], 'ERT_LDLIBS': [], 'ERT_SPEC_GBYTES_DRAM': ['1.0'], 'ERT_RUN': ['export', 'KMP_AFFINITY=scatter;', 'export', 'OMP_NUM_THREADS=ERT_OPENMP_THREADS;', 'ERT_CODE'], 'ERT_FLOPS': ['1,2,4,8,16'], 'ERT_OPENMP_CFLAGS': ['-fopenmp'], 'ERT_SPEC_GFLOPS': ['1.0'], 'ERT_MPI': ['False'], 'ERT_TRIALS_MIN': ['1'], 'ERT_DRIVER': ['driver1'], 'ERT_RESULTS': ['Results.x86'], 'ERT_OPENMP': ['True'], 'ERT_MPI_PROCS': ['1'], 'ERT_KERNEL': ['kernel1'], 'ERT_OPENMP_THREADS': ['1-32'], 'ERT_LD': ['gcc'], 'ERT_NUM_EXPERIMENTS': ['6'], 'ERT_OPENMP_LDFLAGS': ['-fopenmp'], 'ERT_ALIGN': ['32'], 'ERT_GNUPLOT': ['gnuplot']}
