          64            1           1.701          128           64
          64            2           0.791          256          128
          64            4           0.768          512          256
          64            8           0.791         1024          512
          64           16           0.884         2048         1024
          64           32           1.308         4096         2048
          64           64           1.604         8192         4096
          64          128           2.445        16384         8192
          64          256           4.104        32768        16384
          64          512           7.100        65536        32768
          64         1024          14.320       131072        65536
          64         2048          28.928       262144       131072
          64         4096          58.488       524288       262144
          64         8192         116.897      1048576       524288
          64        16384         233.999      2097152      1048576
          64        32768         468.341      4194304      2097152
          64        65536         937.080      8388608      4194304
          64       131072        1879.123     16777216      8388608
          64       262144        3763.663     33554432     16777216
          64       524288        7164.298     67108864     33554432
         128            1           0.839          256          128
         128            2           0.777          512          256
         128            4           0.775         1024          512
         128            8           0.854         2048         1024
         128           16           0.924         4096         2048
         128           32           1.124         8192         4096
         128           64           1.532        16384         8192
         128          128           2.480        32768        16384
         128          256           4.089        65536        32768
         128          512           7.551       131072        65536
         128         1024          14.081       262144       131072
         128         2048          43.131       524288       262144
         128         4096          54.217      1048576       524288
         128         8192         107.684      2097152      1048576
         128        16384         214.667      4194304      2097152
         128        32768         428.614      8388608      4194304
         128        65536         856.515     16777216      8388608
         128       131072        1712.333     33554432     16777216
         128       262144        3430.217     67108864     33554432
         192            1           0.776          384          192
         192            2           0.791          768          384
         192            4           0.764         1536          768
         192            8           0.811         3072         1536
         192           16           0.925         6144         3072
         192           32           1.423        12288         6144
         192           64           1.619        24576        12288
         192          128           2.472        49152        24576
         192          256           4.262        98304        49152
         192          512           7.392       196608        98304
         192         1024          14.075       393216       196608
         192         2048          27.456       786432       393216
         192         4096          54.198      1572864       786432
         192         8192         107.683      3145728      1572864
         192        16384         214.668      6291456      3145728
         192        32768         428.617     12582912      6291456
         192        65536         860.671     25165824     12582912
         192       131072        1712.343     50331648     25165824
         192       262144        3428.202    100663296     50331648
         256            1           0.765          512          256
         256            2           0.779         1024          512
         256            4           0.766         2048         1024
         256            8           0.813         4096         2048
         256           16           0.905         8192         4096
         256           32           1.124        16384         8192
         256           64           1.621        32768        16384
         256          128           2.383        65536        32768
         256          256           4.111       131072        65536
         256          512           7.384       262144       131072
         256         1024          14.084       524288       262144
         256         2048          27.453      1048576       524288
         256         4096          54.300      2097152      1048576
         256         8192         107.685      4194304      2097152
         256        16384         214.656      8388608      4194304
         256        32768         428.606     16777216      8388608
         256        65536         856.640     33554432     16777216
         256       131072        1716.866     67108864     33554432
         320            1           0.763          640          320
         320            2           0.771         1280          640
         320            4           0.797         2560         1280
         320            8           0.826         5120         2560
         320           16           0.922        10240         5120
         320           32           1.144        20480        10240
         320           64           1.555        40960        20480
         320          128           2.385        81920        40960
         320          256           4.053       163840        81920
         320          512           7.398       327680       163840
         320         1024          14.128       655360       327680
         320         2048          27.498      1310720       655360
         320         4096          54.305      2621440      1310720
         320         8192         107.791      5242880      2621440
         320        16384         214.772     10485760      5242880
         320        32768         428.714     20971520     10485760
         320        65536         856.617     41943040     20971520
         320       131072        1716.926     83886080     41943040
         384            1           0.777          768          384
         384            2           0.949         1536          768
         384            4           0.834         3072         1536
         384            8           0.828         6144         3072
         384           16           0.924        12288         6144
         384           32           1.127        24576        12288
         384           64           1.549        49152        24576
         384          128           2.418        98304        49152
         384          256           4.212       196608        98304
         384          512           7.407       393216       196608
         384         1024          14.179       786432       393216
         384         2048          27.464      1572864       786432
         384         4096          54.242      3145728      1572864
         384         8192         107.727      6291456      3145728
         384        16384         214.671     12582912      6291456
         384        32768         428.622     25165824     12582912
         384        65536         856.526     50331648     25165824
         384       131072        1715.158    100663296     50331648
         448            1           0.762          896          448
         448            2           0.968         1792          896
         448            4           0.798         3584         1792
         448            8           0.969         7168         3584
         448           16           1.021        14336         7168
         448           32           1.134        28672        14336
         448           64           1.605        57344        28672
         448          128           2.393       114688        57344
         448          256           4.168       229376       114688
         448          512           7.416       458752       229376
         448         1024          14.114       917504       458752
         448         2048          27.690      1835008       917504
         448         4096          54.523      3670016      1835008
         448         8192         108.839      7340032      3670016
         448        16384         216.280     14680064      7340032
         448        32768         431.951     29360128     14680064
         448        65536         864.210     58720256     29360128
         448       131072        1728.714    117440512     58720256
         512            1           0.758         1024          512
         512            2           0.794         2048         1024
         512            4           0.792         4096         2048
         512            8           0.827         8192         4096
         512           16           0.939        16384         8192
         512           32           1.148        32768        16384
         512           64           1.559        65536        32768
         512          128           2.395       131072        65536
         512          256           4.069       262144       131072
         512          512           7.466       524288       262144
         512         1024          14.229      1048576       524288
         512         2048          27.589      2097152      1048576
         512         4096          53.930      4194304      2097152
         512         8192         107.882      8388608      4194304
         512        16384         279.328     16777216      8388608
         512        32768         433.273     33554432     16777216
         512        65536         864.529     67108864     33554432
         576            1           0.816         1152          576
         576            2           0.770         2304         1152
         576            4           0.889         4608         2304
         576            8           0.834         9216         4608
         576           16           0.932        18432         9216
         576           32           1.311        36864        18432
         576           64           1.573        73728        36864
         576          128           2.493       147456        73728
         576          256           4.116       294912       147456
         576          512           7.639       589824       294912
         576         1024          14.290      1179648       589824
         576         2048          28.085      2359296      1179648
         576         4096          55.015      4718592      2359296
         576         8192         109.233      9437184      4718592
         576        16384         217.372     18874368      9437184
         576        32768         433.239     37748736     18874368
         576        65536         866.795     75497472     37748736
         640            1           0.766         1280          640
         640            2           0.795         2560         1280
         640            4           0.815         5120         2560
         640            8           0.833        10240         5120
         640           16           0.934        20480        10240
         640           32           1.149        40960        20480
         640           64           1.571        81920        40960
         640          128           2.415       163840        81920
         640          256           4.107       327680       163840
         640          512           7.552       655360       327680
         640         1024          14.143      1310720       655360
         640         2048          27.822      2621440      1310720
         640         4096          54.404      5242880      2621440
         640         8192         107.858     10485760      5242880
         640        16384         215.211     20971520     10485760
         640        32768         431.583     41943040     20971520
         640        65536         858.636     83886080     41943040
         704            1           0.770         1408          704
         704            2           0.771         2816         1408
         704            4           0.802         5632         2816
         704            8           0.848        11264         5632
         704           16           0.962        22528        11264
         704           32           1.185        45056        22528
         704           64           1.633        90112        45056
         704          128           2.530       180224        90112
         704          256           4.332       360448       180224
         704          512           7.971       720896       360448
         704         1024          15.162      1441792       720896
         704         2048          29.704      2883584      1441792
         704         4096          58.512      5767168      2883584
         704         8192         116.224     11534336      5767168
         704        16384         231.594     23068672     11534336
         704        32768         462.321     46137344     23068672
         704        65536         923.879     92274688     46137344
         768            1           0.746         1536          768
         768            2           0.776         3072         1536
         768            4           0.798         6144         3072
         768            8           1.001        12288         6144
         768           16           0.963        24576        12288
         768           32           1.360        49152        24576
         768           64           1.629        98304        49152
         768          128           2.520       196608        98304
         768          256           4.325       393216       196608
         768          512           8.013       786432       393216
         768         1024          15.115      1572864       786432
         768         2048          29.600      3145728      1572864
         768         4096          58.323      6291456      3145728
         768         8192         115.980     12582912      6291456
         768        16384         230.994     25165824     12582912
         768        32768         460.841     50331648     25165824
         768        65536         926.722    100663296     50331648
         832            1           0.749         1664          832
         832            2           0.766         3328         1664
         832            4           0.817         6656         3328
         832            8           0.855        13312         6656
         832           16           1.027        26624        13312
         832           32           1.197        53248        26624
         832           64           1.662       106496        53248
         832          128           2.606       212992       106496
         832          256           4.488       425984       212992
         832          512           8.364       851968       425984
         832         1024          15.977      1703936       851968
         832         2048          30.882      3407872      1703936
         832         4096          60.909      6815744      3407872
         832         8192         120.976     13631488      6815744
         832        16384         241.091     27262976     13631488
         832        32768         481.856     54525952     27262976
         832        65536         962.187    109051904     54525952
         896            1           0.759         1792          896
         896            2           0.808         3584         1792
         896            4           0.800         7168         3584
         896            8           1.044        14336         7168
         896           16           0.971        28672        14336
         896           32           1.339        57344        28672
         896           64           1.811       114688        57344
         896          128           2.612       229376       114688
         896          256           4.517       458752       229376
         896          512           8.300       917504       458752
         896         1024          15.856      1835008       917504
         896         2048          30.871      3670016      1835008
         896         4096          60.928      7340032      3670016
         896         8192         121.016     14680064      7340032
         896        16384         241.145     29360128     14680064
         896        32768         481.471     58720256     29360128
         896        65536         965.085    117440512     58720256
         960            1           0.761         1920          960
         960            2           0.782         3840         1920
         960            4           0.815         7680         3840
         960            8           0.871        15360         7680
         960           16           1.003        30720        15360
         960           32           1.257        61440        30720
         960           64           1.768       122880        61440
         960          128           2.796       245760       122880
         960          256           4.849       491520       245760
         960          512           8.986       983040       491520
         960         1024          17.201      1966080       983040
         960         2048          33.809      3932160      1966080
         960         4096          66.705      7864320      3932160
         960         8192         132.653     15728640      7864320
         960        16384         264.424     31457280     15728640
         960        32768         527.712     62914560     31457280
        1024            1           0.763         2048         1024
        1024            2           0.786         4096         2048
        1024            4           0.827         8192         4096
        1024            8           0.878        16384         8192
        1024           16           1.003        32768        16384
        1024           32           1.252        65536        32768
        1024           64           1.773       131072        65536
        1024          128           2.797       262144       131072
        1024          256           4.878       524288       262144
        1024          512           8.989      1048576       524288
        1024         1024          17.286      2097152      1048576
        1024         2048          33.752      4194304      2097152
        1024         4096          66.690      8388608      4194304
        1024         8192         132.465     16777216      8388608
        1024        16384         264.106     33554432     16777216
        1024        32768         527.411     67108864     33554432
        1088            1           0.761         2176         1088
        1088            2           0.892         4352         2176
        1088            4           0.816         8704         4352
        1088            8           0.932        17408         8704
        1088           16           1.025        34816        17408
        1088           32           1.325        69632        34816
        1088           64           1.884       139264        69632
        1088          128           3.228       278528       139264
        1088          256           5.355       557056       278528
        1088          512           9.974      1114112       557056
        1088         1024          19.106      2228224      1114112
        1088         2048          37.534      4456448      2228224
        1088         4096          74.151      8912896      4456448
        1088         8192         147.626     17825792      8912896
        1088        16384         294.175     35651584     17825792
        1088        32768         593.281     71303168     35651584
        1152            1           0.762         2304         1152
        1152            2           0.795         4608         2304
        1152            4           0.825         9216         4608
        1152            8           0.891        18432         9216
        1152           16           1.031        36864        18432
        1152           32           1.326        73728        36864
        1152           64           1.891       147456        73728
        1152          128           3.051       294912       147456
        1152          256           5.366       589824       294912
        1152          512          10.129      1179648       589824
        1152         1024          19.391      2359296      1179648
        1152         2048          37.927      4718592      2359296
        1152         4096          75.089      9437184      4718592
        1152         8192         149.109     18874368      9437184
        1152        16384         297.396     37748736     18874368
        1152        32768         593.938     75497472     37748736
        1216            1           0.920         2432         1216
        1216            2           0.781         4864         2432
        1216            4           0.919         9728         4864
        1216            8           0.995        19456         9728
        1216           16           1.204        38912        19456
        1216           32           1.549        77824        38912
        1216           64           2.048       155648        77824
        1216          128           3.338       311296       155648
        1216          256           5.998       622592       311296
        1216          512          11.004      1245184       622592
        1216         1024          21.197      2490368      1245184
        1216         2048          41.607      4980736      2490368
        1216         4096          82.578      9961472      4980736
        1216         8192         163.972     19922944      9961472
        1216        16384         327.130     39845888     19922944
        1216        32768         653.368     79691776     39845888
        1280            1           0.841         2560         1280
        1280            2           0.792         5120         2560
        1280            4           0.821        10240         5120
        1280            8           1.056        20480        10240
        1280           16           1.172        40960        20480
        1280           32           1.494        81920        40960
        1280           64           2.010       163840        81920
        1280          128           3.283       327680       163840
        1280          256           5.865       655360       327680
        1280          512          10.930      1310720       655360
        1280         1024          21.368      2621440      1310720
        1280         2048          41.591      5242880      2621440
        1280         4096          82.375     10485760      5242880
        1280         8192         163.903     20971520     10485760
        1280        16384         327.023     41943040     20971520
        1280        32768         663.167     83886080     41943040
        1408            1           0.780         2816         1408
        1408            2           0.786         5632         2816
        1408            4           1.018        11264         5632
        1408            8           1.103        22528        11264
        1408           16           1.090        45056        22528
        1408           32           1.438        90112        45056
        1408           64           2.148       180224        90112
        1408          128           3.758       360448       180224
        1408          256           6.477       720896       360448
        1408          512          12.013      1441792       720896
        1408         1024          23.273      2883584      1441792
        1408         2048          45.994      5767168      2883584
        1408         4096          90.917     11534336      5767168
        1408         8192         180.995     23068672     11534336
        1408        16384         361.185     46137344     23068672
        1408        32768         721.532     92274688     46137344
        1536            1           0.860         3072         1536
        1536            2           0.794         6144         3072
        1536            4           0.967        12288         6144
        1536            8           0.983        24576        12288
        1536           16           1.324        49152        24576
        1536           32           1.494        98304        49152
        1536           64           2.254       196608        98304
        1536          128           3.780       393216       196608
        1536          256           6.825       786432       393216
        1536          512          12.894      1572864       786432
        1536         1024          25.070      3145728      1572864
        1536         2048          49.520      6291456      3145728
        1536         4096          98.163     12582912      6291456
        1536         8192         195.415     25165824     12582912
        1536        16384         390.056     50331648     25165824
        1536        32768         779.328    100663296     50331648
        1664            1           0.765         3328         1664
        1664            2           0.837         6656         3328
        1664            4           0.919        13312         6656
        1664            8           0.951        26624        13312
        1664           16           1.147        53248        26624
        1664           32           1.567       106496        53248
        1664           64           2.402       212992       106496
        1664          128           4.129       425984       212992
        1664          256           7.472       851968       425984
        1664          512          14.202      1703936       851968
        1664         1024          27.487      3407872      1703936
        1664         2048          53.874      6815744      3407872
        1664         4096         106.795     13631488      6815744
        1664         8192         212.912     27262976     13631488
        1664        16384         427.079     54525952     27262976
        1664        32768         848.609    109051904     54525952
        1792            1           0.781         3584         1792
        1792            2           0.804         7168         3584
        1792            4           0.857        14336         7168
        1792            8           0.974        28672        14336
        1792           16           1.173        57344        28672
        1792           32           1.614       114688        57344
        1792           64           2.510       229376       114688
        1792          128           4.268       458752       229376
        1792          256           7.817       917504       458752
        1792          512          14.880      1835008       917504
        1792         1024          29.154      3670016      1835008
        1792         2048          57.451      7340032      3670016
        1792         4096         113.946     14680064      7340032
        1792         8192         227.164     29360128     14680064
        1792        16384         453.649     58720256     29360128
        1792        32768         907.832    117440512     58720256
        1920            1           0.771         3840         1920
        1920            2           0.817         7680         3840
        1920            4           0.976        15360         7680
        1920            8           0.986        30720        15360
        1920           16           1.309        61440        30720
        1920           32           1.689       122880        61440
        1920           64           2.639       245760       122880
        1920          128           4.538       491520       245760
        1920          256           8.454       983040       491520
        1920          512          16.090      1966080       983040
        1920         1024          31.365      3932160      1966080
        1920         2048          62.024      7864320      3932160
        1920         4096         122.928     15728640      7864320
        1920         8192         244.670     31457280     15728640
        1920        16384         488.670     62914560     31457280
        2112            1           0.775         4224         2112
        2112            2           0.849         8448         4224
        2112            4           0.918        16896         8448
        2112            8           1.003        33792        16896
        2112           16           1.270        67584        33792
        2112           32           1.812       135168        67584
        2112           64           2.875       270336       135168
        2112          128           5.100       540672       270336
        2112          256           9.286      1081344       540672
        2112          512          17.848      2162688      1081344
        2112         1024          35.050      4325376      2162688
        2112         2048          69.452      8650752      4325376
        2112         4096         142.962     17301504      8650752
        2112         8192         274.451     34603008     17301504
        2112        16384         548.032     69206016     34603008
        2304            1           0.830         4608         2304
        2304            2           0.852         9216         4608
        2304            4           0.960        18432         9216
        2304            8           1.036        36864        18432
        2304           16           1.300        73728        36864
        2304           32           1.940       147456        73728
        2304           64           3.017       294912       147456
        2304          128           5.277       589824       294912
        2304          256           9.825      1179648       589824
        2304          512          18.875      2359296      1179648
        2304         1024          37.282      4718592      2359296
        2304         2048          73.370      9437184      4718592
        2304         4096         145.902     18874368      9437184
        2304         8192         291.000     37748736     18874368
        2304        16384         580.890     75497472     37748736
        2496            1           0.795         4992         2496
        2496            2           0.832         9984         4992
        2496            4           0.901        19968         9984
        2496            8           1.072        39936        19968
        2496           16           1.372        79872        39936
        2496           32           1.998       159744        79872
        2496           64           3.251       319488       159744
        2496          128           5.687       638976       319488
        2496          256          11.541      1277952       638976
        2496          512          23.394      2555904      1277952
        2496         1024          46.965      5111808      2555904
        2496         2048          93.420     10223616      5111808
        2496         4096         187.780     20447232     10223616
        2496         8192         373.630     40894464     20447232
        2496        16384         748.615     81788928     40894464
        2688            1           0.799         5376         2688
        2688            2           0.847        10752         5376
        2688            4           0.964        21504        10752
        2688            8           1.077        43008        21504
        2688           16           1.403        86016        43008
        2688           32           2.057       172032        86016
        2688           64           3.384       344064       172032
        2688          128           6.073       688128       344064
        2688          256          11.372      1376256       688128
        2688          512          21.947      2752512      1376256
        2688         1024          43.299      5505024      2752512
        2688         2048          85.720     11010048      5505024
        2688         4096         173.877     22020096     11010048
        2688         8192         340.483     44040192     22020096
        2688        16384         680.072     88080384     44040192
        2944            1           0.784         5888         2944
        2944            2           0.861        11776         5888
        2944            4           0.933        23552        11776
        2944            8           1.109        47104        23552
        2944           16           1.467        94208        47104
        2944           32           2.184       188416        94208
        2944           64           3.628       376832       188416
        2944          128           6.538       753664       376832
        2944          256          12.350      1507328       753664
        2944          512          24.044      3014656      1507328
        2944         1024          47.315      6029312      3014656
        2944         2048          93.716     12058624      6029312
        2944         4096         186.650     24117248     12058624
        2944         8192         372.433     48234496     24117248
        2944        16384         744.063     96468992     48234496
        3200            1           0.803         6400         3200
        3200            2           0.876        12800         6400
        3200            4           0.972        25600        12800
        3200            8           1.134        51200        25600
        3200           16           1.525       102400        51200
        3200           32           2.307       204800       102400
        3200           64           3.888       409600       204800
        3200          128           7.043       819200       409600
        3200          256          13.338      1638400       819200
        3200          512          26.050      3276800      1638400
        3200         1024          51.454      6553600      3276800
        3200         2048         101.709     13107200      6553600
        3200         4096         202.604     26214400     13107200
        3200         8192         404.475     52428800     26214400
        3200        16384         812.557    104857600     52428800
        3520            1           1.014         7040         3520
        3520            2           1.060        14080         7040
        3520            4           0.979        28160        14080
        3520            8           1.184        56320        28160
        3520           16           1.652       112640        56320
        3520           32           2.502       225280       112640
        3520           64           4.237       450560       225280
        3520          128           7.735       901120       450560
        3520          256          14.757      1802240       901120
        3520          512          28.909      3604480      1802240
        3520         1024          56.917      7208960      3604480
        3520         2048         113.154     14417920      7208960
        3520         4096         225.265     28835840     14417920
        3520         8192         450.246     57671680     28835840
        3520        16384         898.560    115343360     57671680
        3840            1           0.940         7680         3840
        3840            2           0.867        15360         7680
        3840            4           1.093        30720        15360
        3840            8           1.417        61440        30720
        3840           16           1.672       122880        61440
        3840           32           2.616       245760       122880
        3840           64           4.492       491520       245760
        3840          128           8.315       983040       491520
        3840          256          15.880      1966080       983040
        3840          512          30.993      3932160      1966080
        3840         1024          60.978      7864320      3932160
        3840         2048         121.220     15728640      7864320
        3840         4096         241.515     31457280     15728640
        3840         8192         481.904     62914560     31457280
        4224            1           0.935         8448         4224
        4224            2           0.913        16896         8448
        4224            4           1.025        33792        16896
        4224            8           1.366        67584        33792
        4224           16           1.878       135168        67584
        4224           32           3.174       270336       135168
        4224           64           5.280       540672       270336
        4224          128           9.819      1081344       540672
        4224          256          19.120      2162688      1081344
        4224          512          37.256      4325376      2162688
        4224         1024          73.646      8650752      4325376
        4224         2048         146.461     17301504      8650752
        4224         4096         292.097     34603008     17301504
        4224         8192         586.289     69206016     34603008
        4608            1           0.809         9216         4608
        4608            2           0.890        18432         9216
        4608            4           1.051        36864        18432
        4608            8           1.441        73728        36864
        4608           16           1.867       147456        73728
        4608           32           2.984       294912       147456
        4608           64           5.232       589824       294912
        4608          128           9.750      1179648       589824
        4608          256          18.872      2359296      1179648
        4608          512          36.874      4718592      2359296
        4608         1024          72.943      9437184      4718592
        4608         2048         145.001     18874368      9437184
        4608         4096         289.156     37748736     18874368
        4608         8192         577.588     75497472     37748736
        5056            1           0.831        10112         5056
        5056            2           0.926        20224        10112
        5056            4           1.130        40448        20224
        5056            8           1.413        80896        40448
        5056           16           2.082       161792        80896
        5056           32           3.433       323584       161792
        5056           64           5.752       647168       323584
        5056          128          10.711      1294336       647168
        5056          256          21.612      2588672      1294336
        5056          512          43.548      5177344      2588672
        5056         1024          87.206     10354688      5177344
        5056         2048         174.705     20709376     10354688
        5056         4096         350.988     41418752     20709376
        5056         8192         693.987     82837504     41418752
        5504            1           0.840        11008         5504
        5504            2           1.088        22016        11008
        5504            4           1.209        44032        22016
        5504            8           1.460        88064        44032
        5504           16           2.194       176128        88064
        5504           32           3.647       352256       176128
        5504           64           6.570       704512       352256
        5504          128          12.334      1409024       704512
        5504          256          24.171      2818048      1409024
        5504          512          47.292      5636096      2818048
        5504         1024          93.453     11272192      5636096
        5504         2048         186.025     22544384     11272192
        5504         4096         371.273     45088768     22544384
        5504         8192         745.907     90177536     45088768
        6016            1           0.839        12032         6016
        6016            2           1.038        24064        12032
        6016            4           1.318        48128        24064
        6016            8           1.527        96256        48128
        6016           16           2.330       192512        96256
        6016           32           3.906       385024       192512
        6016           64           7.071       770048       385024
        6016          128          13.422      1540096       770048
        6016          256          26.128      3080192      1540096
        6016          512          51.617      6160384      3080192
        6016         1024         102.162     12320768      6160384
        6016         2048         204.044     24641536     12320768
        6016         4096         407.013     49283072     24641536
        6016         8192         813.220     98566144     49283072
        6592            1           0.909        13184         6592
        6592            2           1.055        26368        13184
        6592            4           1.370        52736        26368
        6592            8           1.599       105472        52736
        6592           16           2.609       210944       105472
        6592           32           4.378       421888       210944
        6592           64           7.657       843776       421888
        6592          128          14.754      1687552       843776
        6592          256          28.354      3375104      1687552
        6592          512          56.296      6750208      3375104
        6592         1024         111.945     13500416      6750208
        6592         2048         223.707     27000832     13500416
        6592         4096         445.592     54001664     27000832
        6592         8192         890.087    108003328     54001664
        7232            1           0.856        14464         7232
        7232            2           0.975        28928        14464
        7232            4           1.217        57856        28928
        7232            8           1.677       115712        57856
        7232           16           2.626       231424       115712
        7232           32           4.559       462848       231424
        7232           64           8.367       925696       462848
        7232          128          15.774      1851392       925696
        7232          256          31.379      3702784      1851392
        7232          512          65.029      7405568      3702784
        7232         1024         122.971     14811136      7405568
        7232         2048         245.081     29622272     14811136
        7232         4096         488.439     59244544     29622272
        7232         8192         980.257    118489088     59244544
        7936            1           0.880        15872         7936
        7936            2           1.093        31744        15872
        7936            4           1.377        63488        31744
        7936            8           1.775       126976        63488
        7936           16           2.896       253952       126976
        7936           32           4.837       507904       253952
        7936           64           8.972      1015808       507904
        7936          128          17.308      2031616      1015808
        7936          256          33.785      4063232      2031616
        7936          512          66.740      8126464      4063232
        7936         1024         132.628     16252928      8126464
        7936         2048         264.546     32505856     16252928
        7936         4096         527.953     65011712     32505856
        8704            1           0.868        17408         8704
        8704            2           1.092        34816        17408
        8704            4           1.305        69632        34816
        8704            8           1.974       139264        69632
        8704           16           3.075       278528       139264
        8704           32           5.432       557056       278528
        8704           64           9.747      1114112       557056
        8704          128          18.800      2228224      1114112
        8704          256          36.981      4456448      2228224
        8704          512          72.972      8912896      4456448
        8704         1024         145.068     17825792      8912896
        8704         2048         289.487     35651584     17825792
        8704         4096         582.361     71303168     35651584
        9536            1           0.899        19072         9536
        9536            2           1.163        38144        19072
        9536            4           1.375        76288        38144
        9536            8           1.978       152576        76288
        9536           16           3.184       305152       152576
        9536           32           5.657       610304       305152
        9536           64          10.679      1220608       610304
        9536          128          20.408      2441216      1220608
        9536          256          40.181      4882432      2441216
        9536          512          78.899      9764864      4882432
        9536         1024         158.648     19529728      9764864
        9536         2048         317.129     39059456     19529728
        9536         4096         634.513     78118912     39059456
       10432            1           0.896        20864        10432
       10432            2           1.060        41728        20864
       10432            4           1.392        83456        41728
       10432            8           2.071       166912        83456
       10432           16           3.410       333824       166912
       10432           32           6.055       667648       333824
       10432           64          11.424      1335296       667648
       10432          128          22.293      2670592      1335296
       10432          256          43.848      5341184      2670592
       10432          512          86.425     10682368      5341184
       10432         1024         171.828     21364736     10682368
       10432         2048         348.050     42729472     21364736
       10432         4096         688.591     85458944     42729472
       11456            1           0.920        22912        11456
       11456            2           1.104        45824        22912
       11456            4           1.463        91648        45824
       11456            8           2.188       183296        91648
       11456           16           3.650       366592       183296
       11456           32           6.531       733184       366592
       11456           64          12.427      1466368       733184
       11456          128          24.128      2932736      1466368
       11456          256          47.837      5865472      2932736
       11456          512          94.215     11730944      5865472
       11456         1024         187.159     23461888     11730944
       11456         2048         374.450     46923776     23461888
       11456         4096         773.927     93847552     46923776
       12544            1           0.939        25088        12544
       12544            2           1.140        50176        25088
       12544            4           1.555       100352        50176
       12544            8           2.350       200704       100352
       12544           16           3.926       401408       200704
       12544           32           7.119       802816       401408
       12544           64          13.507      1605632       802816
       12544          128          26.307      3211264      1605632
       12544          256          55.882      6422528      3211264
       12544          512         109.960     12845056      6422528
       12544         1024         205.315     25690112     12845056
       12544         2048         409.778     51380224     25690112
       12544         4096         818.022    102760448     51380224
       13760            1           0.960        27520        13760
       13760            2           1.173        55040        27520
       13760            4           1.609       110080        55040
       13760            8           2.480       220160       110080
       13760           16           4.261       440320       220160
       13760           32           7.702       880640       440320
       13760           64          14.673      1761280       880640
       13760          128          28.862      3522560      1761280
       13760          256          57.036      7045120      3522560
       13760          512         112.084     14090240      7045120
       13760         1024         225.992     28180480     14090240
       13760         2048         446.832     56360960     28180480
       13760         4096         893.943    112721920     56360960
       15104            1           0.962        30208        15104
       15104            2           1.220        60416        30208
       15104            4           1.702       120832        60416
       15104            8           2.639       241664       120832
       15104           16           4.540       483328       241664
       15104           32           8.382       966656       483328
       15104           64          16.019      1933312       966656
       15104          128          31.352      3866624      1933312
       15104          256          63.922      7733248      3866624
       15104          512         123.180     15466496      7733248
       15104         1024         245.283     30932992     15466496
       15104         2048         489.813     61865984     30932992
       15104         4096         979.700    123731968     61865984
       16576            1           1.056        33152        16576
       16576            2           1.254        66304        33152
       16576            4           1.798       132608        66304
       16576            8           2.816       265216       132608
       16576           16           4.906       530432       265216
       16576           32           9.106      1060864       530432
       16576           64          17.375      2121728      1060864
       16576          128          34.318      4243456      2121728
       16576          256          67.637      8486912      4243456
       16576          512         134.433     16973824      8486912
       16576         1024         267.117     33947648     16973824
       16576         2048         537.904     67895296     33947648
       18176            1           1.087        36352        18176
       18176            2           1.307        72704        36352
       18176            4           1.865       145408        72704
       18176            8           3.027       290816       145408
       18176           16           5.283       581632       290816
       18176           32           9.930      1163264       581632
       18176           64          19.062      2326528      1163264
       18176          128          37.422      4653056      2326528
       18176          256          74.062      9306112      4653056
       18176          512         147.516     18612224      9306112
       18176         1024         294.245     37224448     18612224
       18176         2048         591.851     74448896     37224448
       19968            1           1.284        39936        19968
       19968            2           1.446        79872        39936
       19968            4           1.994       159744        79872
       19968            8           3.228       319488       159744
       19968           16           5.782       638976       319488
       19968           32          10.728      1277952       638976
       19968           64          20.778      2555904      1277952
       19968          128          40.818      5111808      2555904
       19968          256          81.034     10223616      5111808
       19968          512         161.191     20447232     10223616
       19968         1024         321.534     40894464     20447232
       19968         2048         642.343     81788928     40894464
       21952            1           1.134        43904        21952
       21952            2           1.419        87808        43904
       21952            4           2.092       175616        87808
       21952            8           3.497       351232       175616
       21952           16           6.197       702464       351232
       21952           32          11.688      1404928       702464
       21952           64          22.571      2809856      1404928
       21952          128          44.658      5619712      2809856
       21952          256          88.466     11239424      5619712
       21952          512         175.539     22478848     11239424
       21952         1024         351.248     44957696     22478848
       21952         2048         702.735     89915392     44957696
       24128            1           1.117        48256        24128
       24128            2           1.687        96512        48256
       24128            4           2.308       193024        96512
       24128            8           3.857       386048       193024
       24128           16           6.780       772096       386048
       24128           32          12.836      1544192       772096
       24128           64          25.079      3088384      1544192
       24128          128          48.831      6176768      3088384
       24128          256          97.637     12353536      6176768
       24128          512         193.421     24707072     12353536
       24128         1024         385.937     49414144     24707072
       24128         2048         777.539     98828288     49414144
       26496            1           1.171        52992        26496
       26496            2           1.569       105984        52992
       26496            4           2.387       211968       105984
       26496            8           4.203       423936       211968
       26496           16           7.339       847872       423936
       26496           32          13.904      1695744       847872
       26496           64          27.299      3391488      1695744
       26496          128          53.471      6782976      3391488
       26496          256         106.423     13565952      6782976
       26496          512         211.834     27131904     13565952
       26496         1024         422.627     54263808     27131904
       26496         2048         844.441    108527616     54263808
       29120            1           1.350        58240        29120
       29120            2           1.652       116480        58240
       29120            4           2.633       232960       116480
       29120            8           4.368       465920       232960
       29120           16           7.982       931840       465920
       29120           32          15.174      1863680       931840
       29120           64          29.420      3727360      1863680
       29120          128          58.122      7454720      3727360
       29120          256         116.206     14909440      7454720
       29120          512         230.965     29818880     14909440
       29120         1024         464.843     59637760     29818880
       29120         2048         923.710    119275520     59637760
       32000            1           1.236        64000        32000
       32000            2           1.719       128000        64000
       32000            4           2.806       256000       128000
       32000            8           4.696       512000       256000
       32000           16           8.630      1024000       512000
       32000           32          16.615      2048000      1024000
       32000           64          32.478      4096000      2048000
       32000          128          64.167      8192000      4096000
       32000          256         127.844     16384000      8192000
       32000          512         254.714     32768000     16384000
       32000         1024         508.744     65536000     32768000
       35200            1           1.507        70400        35200
       35200            2           1.815       140800        70400
       35200            4           3.083       281600       140800
       35200            8           5.083       563200       281600
       35200           16           9.488      1126400       563200
       35200           32          18.147      2252800      1126400
       35200           64          35.510      4505600      2252800
       35200          128          70.262      9011200      4505600
       35200          256         139.784     18022400      9011200
       35200          512         279.002     36044800     18022400
       35200         1024         556.885     72089600     36044800
       38720            1           1.885        77440        38720
       38720            2           1.937       154880        77440
       38720            4           3.229       309760       154880
       38720            8           5.522       619520       309760
       38720           16          10.292      1239040       619520
       38720           32          19.878      2478080      1239040
       38720           64          38.988      4956160      2478080
       38720          128          76.902      9912320      4956160
       38720          256         153.020     19824640      9912320
       38720          512         305.341     39649280     19824640
       38720         1024         614.312     79298560     39649280
       42560            1           1.410        85120        42560
       42560            2           2.214       170240        85120
       42560            4           3.351       340480       170240
       42560            8           5.958       680960       340480
       42560           16          11.403      1361920       680960
       42560           32          21.797      2723840      1361920
       42560           64          43.031      5447680      2723840
       42560          128          85.143     10895360      5447680
       42560          256         169.360     21790720     10895360
       42560          512         338.523     43581440     21790720
       42560         1024         674.021     87162880     43581440
       46784            1           1.456        93568        46784
       46784            2           2.192       187136        93568
       46784            4           3.613       374272       187136
       46784            8           6.485       748544       374272
       46784           16          12.289      1497088       748544
       46784           32          23.671      2994176      1497088
       46784           64          46.587      5988352      2994176
       46784          128          92.161     11976704      5988352
       46784          256         184.056     23953408     11976704
       46784          512         367.790     47906816     23953408
       46784         1024         732.716     95813632     47906816
       51456            1           1.602       102912        51456
       51456            2           2.306       205824       102912
       51456            4           3.893       411648       205824
       51456            8           7.051       823296       411648
       51456           16          13.371      1646592       823296
       51456           32          25.946      3293184      1646592
       51456           64          51.265      6586368      3293184
       51456          128         101.843     13172736      6586368
       51456          256         202.956     26345472     13172736
       51456          512         405.211     52690944     26345472
       51456         1024         812.352    105381888     52690944
       56576            1           1.698       113152        56576
       56576            2           2.632       226304       113152
       56576            4           4.185       452608       226304
       56576            8           7.710       905216       452608
       56576           16          14.587      1810432       905216
       56576           32          28.480      3620864      1810432
       56576           64          56.155      7241728      3620864
       56576          128         111.575     14483456      7241728
       56576          256         222.520     28966912     14483456
       56576          512         444.124     57933824     28966912
       56576         1024         887.957    115867648     57933824
       62208            1           1.699       124416        62208
       62208            2           2.631       248832       124416
       62208            4           4.528       497664       248832
       62208            8           8.349       995328       497664
       62208           16          15.948      1990656       995328
       62208           32          31.245      3981312      1990656
       62208           64          61.824      7962624      3981312
       62208          128         122.834     15925248      7962624
       62208          256         244.927     31850496     15925248
       62208          512         489.239     63700992     31850496
       68416            1           2.004       136832        68416
       68416            2           2.829       273664       136832
       68416            4           5.009       547328       273664
       68416            8           9.125      1094656       547328
       68416           16          17.456      2189312      1094656
       68416           32          34.171      4378624      2189312
       68416           64          67.809      8757248      4378624
       68416          128         134.962     17514496      8757248
       68416          256         267.184     35028992     17514496
       68416          512         537.285     70057984     35028992
       75200            1           2.167       150400        75200
       75200            2           3.019       300800       150400
       75200            4           5.317       601600       300800
       75200            8           9.934      1203200       601600
       75200           16          19.088      2406400      1203200
       75200           32          40.240      4812800      2406400
       75200           64          74.619      9625600      4812800
       75200          128         147.820     19251200      9625600
       75200          256         294.593     38502400     19251200
       75200          512         588.269     77004800     38502400
       82688            1           1.703       165376        82688
       82688            2           3.244       330752       165376
       82688            4           5.774       661504       330752
       82688            8          10.813      1323008       661504
       82688           16          20.936      2646016      1323008
       82688           32          41.151      5292032      2646016
       82688           64          81.420     10584064      5292032
       82688          128         162.212     21168128     10584064
       82688          256         323.402     42336256     21168128
       82688          512         646.206     84672512     42336256
       90944            1           2.327       181888        90944
       90944            2           3.713       363776       181888
       90944            4           6.347       727552       363776
       90944            8          11.808      1455104       727552
       90944           16          22.910      2910208      1455104
       90944           32          45.212      5820416      2910208
       90944           64          89.374     11640832      5820416
       90944          128         177.854     23281664     11640832
       90944          256         355.307     46563328     23281664
       90944          512         709.790     93126656     46563328
      100032            1           2.556       200064       100032
      100032            2           3.793       400128       200064
      100032            4           6.828       800256       400128
      100032            8          12.945      1600512       800256
      100032           16          25.089      3201024      1600512
      100032           32          51.421      6402048      3201024
      100032           64          98.430     12804096      6402048
      100032          128         195.707     25608192     12804096
      100032          256         390.192     51216384     25608192
      100032          512         779.608    102432768     51216384
      110016            1           2.887       220032       110016
      110016            2           4.092       440064       220032
      110016            4           7.432       880128       440064
      110016            8          14.115      1760256       880128
      110016           16          27.613      3520512      1760256
      110016           32          54.253      7041024      3520512
      110016           64         107.912     14082048      7041024
      110016          128         214.505     28164096     14082048
      110016          256         429.357     56328192     28164096
      110016          512         855.396    112656384     56328192
      120960            1           2.430       241920       120960
      120960            2           4.429       483840       241920
      120960            4           8.087       967680       483840
      120960            8          15.464      1935360       967680
      120960           16          30.194      3870720      1935360
      120960           32          59.829      7741440      3870720
      120960           64         118.512     15482880      7741440
      120960          128         236.257     30965760     15482880
      120960          256         474.659     61931520     30965760
      120960          512         942.863    123863040     61931520
      133056            1           2.597       266112       133056
      133056            2           4.841       532224       266112
      133056            4           8.850      1064448       532224
      133056            8          16.946      2128896      1064448
      133056           16          33.180      4257792      2128896
      133056           32          65.502      8515584      4257792
      133056           64         130.396     17031168      8515584
      133056          128         259.359     34062336     17031168
      133056          256         518.197     68124672     34062336
      146304            1           2.899       292608       146304
      146304            2           5.140       585216       292608
      146304            4           9.665      1170432       585216
      146304            8          18.580      2340864      1170432
      146304           16          36.289      4681728      2340864
      146304           32          71.819      9363456      4681728
      146304           64         143.000     18726912      9363456
      146304          128         285.179     37453824     18726912
      146304          256         569.668     74907648     37453824
      160896            1           3.254       321792       160896
      160896            2           5.631       643584       321792
      160896            4          10.527      1287168       643584
      160896            8          20.261      2574336      1287168
      160896           16          39.859      5148672      2574336
      160896           32          78.958     10297344      5148672
      160896           64         157.238     20594688     10297344
      160896          128         313.500     41189376     20594688
      160896          256         628.294     82378752     41189376
      176960            1           3.420       353920       176960
      176960            2           6.296       707840       353920
      176960            4          11.509      1415680       707840
      176960            8          22.244      2831360      1415680
      176960           16          43.776      5662720      2831360
      176960           32          86.692     11325440      5662720
      176960           64         172.400     22650880     11325440
      176960          128         343.854     45301760     22650880
      176960          256         686.437     90603520     45301760
      194624            1           3.725       389248       194624
      194624            2           6.738       778496       389248
      194624            4          12.544      1556992       778496
      194624            8          24.748      3113984      1556992
      194624           16          47.986      6227968      3113984
      194624           32          95.199     12455936      6227968
      194624           64         189.709     24911872     12455936
      194624          128         378.466     49823744     24911872
      194624          256         760.678     99647488     49823744
      214080            1           4.475       428160       214080
      214080            2           7.369       856320       428160
      214080            4          13.836      1712640       856320
      214080            8          26.932      3425280      1712640
      214080           16          52.786      6850560      3425280
      214080           32         104.810     13701120      6850560
      214080           64         208.340     27402240     13701120
      214080          128         418.882     54804480     27402240
      214080          256         831.622    109608960     54804480
      235456            1           4.777       470912       235456
      235456            2           8.154       941824       470912
      235456            4          15.268      1883648       941824
      235456            8          29.548      3767296      1883648
      235456           16          58.069      7534592      3767296
      235456           32         115.108     15069184      7534592
      235456           64         229.051     30138368     15069184
      235456          128         457.696     60276736     30138368
      235456          256         913.192    120553472     60276736
      258944            1           4.852       517888       258944
      258944            2           8.995      1035776       517888
      258944            4          16.817      2071552      1035776
      258944            8          32.529      4143104      2071552
      258944           16          64.034      8286208      4143104
      258944           32         126.717     16572416      8286208
      258944           64         252.278     33144832     16572416
      258944          128         506.540     66289664     33144832
      284800            1           6.528       569600       284800
      284800            2          10.306      1139200       569600
      284800            4          19.802      2278400      1139200
      284800            8          38.657      4556800      2278400
      284800           16          76.279      9113600      4556800
      284800           32         151.810     18227200      9113600
      284800           64         302.661     36454400     18227200
      284800          128         604.520     72908800     36454400
      313280            1           7.068       626560       313280
      313280            2          11.515      1253120       626560
      313280            4          22.247      2506240      1253120
      313280            8          43.685      5012480      2506240
      313280           16          86.565     10024960      5012480
      313280           32         172.213     20049920     10024960
      313280           64         343.763     40099840     20049920
      313280          128         686.655     80199680     40099840
      344576            1           7.782       689152       344576
      344576            2          12.730      1378304       689152
      344576            4          24.347      2756608      1378304
      344576            8          47.920      5513216      2756608
      344576           16          95.108     11026432      5513216
      344576           32         189.377     22052864     11026432
      344576           64         377.905     44105728     22052864
      344576          128         757.247     88211456     44105728
      379008            1           8.598       758016       379008
      379008            2          13.730      1516032       758016
      379008            4          26.708      3032064      1516032
      379008            8          52.618      6064128      3032064
      379008           16         104.524     12128256      6064128
      379008           32         208.113     24256512     12128256
      379008           64         415.425     48513024     24256512
      379008          128         830.099     97026048     48513024
      416896            1           9.029       833792       416896
      416896            2          15.126      1667584       833792
      416896            4          29.272      3335168      1667584
      416896            8          57.948      6670336      3335168
      416896           16         114.842     13340672      6670336
      416896           32         228.759     26681344     13340672
      416896           64         456.858     53362688     26681344
      416896          128         912.959    106725376     53362688
      458560            1          10.923       917120       458560
      458560            2          16.449      1834240       917120
      458560            4          32.135      3668480      1834240
      458560            8          63.506      7336960      3668480
      458560           16         128.340     14673920      7336960
      458560           32         251.698     29347840     14673920
      458560           64         502.073     58695680     29347840
      458560          128        1004.345    117391360     58695680
      504384            1          12.480      1008768       504384
      504384            2          18.176      2017536      1008768
      504384            4          35.278      4035072      2017536
      504384            8          69.795      8070144      4035072
      504384           16         138.753     16140288      8070144
      504384           32         276.690     32280576     16140288
      504384           64         552.227     64561152     32280576
      554816            1          12.584      1109632       554816
      554816            2          19.750      2219264      1109632
      554816            4          38.761      4438528      2219264
      554816            8          76.673      8877056      4438528
      554816           16         152.726     17754112      8877056
      554816           32         303.909     35508224     17754112
      554816           64         615.414     71016448     35508224
      610240            1          13.938      1220480       610240
      610240            2          21.662      2440960      1220480
      610240            4          42.542      4881920      2440960
      610240            8          88.687      9763840      4881920
      610240           16         176.586     19527680      9763840
      610240           32         340.758     39055360     19527680
      610240           64         667.824     78110720     39055360
      671232            1          15.243      1342464       671232
      671232            2          23.793      2684928      1342464
      671232            4          46.674      5369856      2684928
      671232            8          92.528     10739712      5369856
      671232           16         184.302     21479424     10739712
      671232           32         367.802     42958848     21479424
      671232           64         734.861     85917696     42958848
      738304            1          16.633      1476608       738304
      738304            2          26.019      2953216      1476608
      738304            4          51.283      5906432      2953216
      738304            8         101.742     11812864      5906432
      738304           16         202.656     23625728     11812864
      738304           32         404.437     47251456     23625728
      738304           64         810.527     94502912     47251456
      812096            1          17.994      1624192       812096
      812096            2          28.530      3248384      1624192
      812096            4          56.265      6496768      3248384
      812096            8         111.783     12993536      6496768
      812096           16         222.814     25987072     12993536
      812096           32         445.159     51974144     25987072
      812096           64         888.930    103948288     51974144
      893248            1          20.804      1786496       893248
      893248            2          31.328      3572992      1786496
      893248            4          61.912      7145984      3572992
      893248            8         122.956     14291968      7145984
      893248           16         245.087     28583936     14291968
      893248           32         489.042     57167872     28583936
      893248           64         980.246    114335744     57167872
      982528            1          22.404      1965056       982528
      982528            2          34.368      3930112      1965056
      982528            4          67.918      7860224      3930112
      982528            8         135.113     15720448      7860224
      982528           16         269.392     31440896     15720448
      982528           32         537.889     62881792     31440896
     1080768            1          24.973      2161536      1080768
     1080768            2          37.722      4323072      2161536
     1080768            4          74.670      8646144      4323072
     1080768            8         148.576     17292288      8646144
     1080768           16         296.306     34584576     17292288
     1080768           32         591.883     69169152     34584576
     1188800            1          28.457      2377600      1188800
     1188800            2          41.528      4755200      2377600
     1188800            4          82.138      9510400      4755200
     1188800            8         163.462     19020800      9510400
     1188800           16         325.546     38041600     19020800
     1188800           32         650.927     76083200     38041600
     1307648            1          29.621      2615296      1307648
     1307648            2          48.425      5230592      2615296
     1307648            4          90.017     10461184      5230592
     1307648            8         180.051     20922368     10461184
     1307648           16         359.840     41844736     20922368
     1307648           32         719.759     83689472     41844736
     1438400            1          32.938      2876800      1438400
     1438400            2          50.067      5753600      2876800
     1438400            4          98.763     11507200      5753600
     1438400            8         197.779     23014400     11507200
     1438400           16         395.976     46028800     23014400
     1438400           32         791.343     92057600     46028800
     1582208            1          36.680      3164416      1582208
     1582208            2          54.793      6328832      3164416
     1582208            4         108.888     12657664      6328832
     1582208            8         217.699     25315328     12657664
     1582208           16         435.349     50630656     25315328
     1582208           32         874.253    101261312     50630656
     1740416            1          38.530      3480832      1740416
     1740416            2          60.864      6961664      3480832
     1740416            4         120.239     13923328      6961664
     1740416            8         240.214     27846656     13923328
     1740416           16         480.279     55693312     27846656
     1740416           32         960.263    111386624     55693312
     1914432            1          42.684      3828864      1914432
     1914432            2          67.320      7657728      3828864
     1914432            4         132.756     15315456      7657728
     1914432            8         265.664     30630912     15315456
     1914432           16         531.511     61261824     30630912
     1914432           32        1069.025    122523648     61261824
     2105856            1          46.855      4211712      2105856
     2105856            2          74.454      8423424      4211712
     2105856            4         147.494     16846848      8423424
     2105856            8         294.271     33693696     16846848
     2105856           16         586.282     67387392     33693696
     2316416            1          51.933      4632832      2316416
     2316416            2          83.973      9265664      4632832
     2316416            4         165.583     18531328      9265664
     2316416            8         327.739     37062656     18531328
     2316416           16         654.428     74125312     37062656
     2548032            1          57.967      5096064      2548032
     2548032            2          92.815     10192128      5096064
     2548032            4         182.887     20384256     10192128
     2548032            8         363.128     40768512     20384256
     2548032           16         729.540     81537024     40768512
     2802816            1          64.486      5605632      2802816
     2802816            2         102.205     11211264      5605632
     2802816            4         201.477     22422528     11211264
     2802816            8         399.875     44845056     22422528
     2802816           16         796.752     89690112     44845056
     3083072            1          70.059      6166144      3083072
     3083072            2         112.142     12332288      6166144
     3083072            4         221.358     24664576     12332288
     3083072            8         439.961     49329152     24664576
     3083072           16         876.445     98658304     49329152
     3391360            1          77.501      6782720      3391360
     3391360            2         126.497     13565440      6782720
     3391360            4         243.060     27130880     13565440
     3391360            8         483.293     54261760     27130880
     3391360           16         963.688    108523520     54261760
     3730496            1          84.618      7460992      3730496
     3730496            2         134.889     14921984      7460992
     3730496            4         267.121     29843968     14921984
     3730496            8         530.487     59687936     29843968
     3730496           16        1059.724    119375872     59687936
     4103488            1          92.313      8206976      4103488
     4103488            2         148.798     16413952      8206976
     4103488            4         293.644     32827904     16413952
     4103488            8         584.254     65655808     32827904
     4513792            1         102.962      9027584      4513792
     4513792            2         161.850     18055168      9027584
     4513792            4         322.682     36110336     18055168
     4513792            8         642.164     72220672     36110336
     4965120            1         114.736      9930240      4965120
     4965120            2         178.582     19860480      9930240
     4965120            4         353.476     39720960     19860480
     4965120            8         706.145     79441920     39720960
     5461632            1         124.593     10923264      5461632
     5461632            2         195.132     21846528     10923264
     5461632            4         395.920     43693056     21846528
     5461632            8         776.099     87386112     43693056
     6007744            1         135.591     12015488      6007744
     6007744            2         215.637     24030976     12015488
     6007744            4         428.495     48061952     24030976
     6007744            8         854.000     96123904     48061952
     6608512            1         150.167     13217024      6608512
     6608512            2         236.070     26434048     13217024
     6608512            4         470.755     52868096     26434048
     6608512            8         943.882    105736192     52868096
     7269312            1         165.003     14538624      7269312
     7269312            2         260.217     29077248     14538624
     7269312            4         517.856     58154496     29077248
     7269312            8        1032.527    116308992     58154496
     7996224            1         180.718     15992448      7996224
     7996224            2         286.157     31984896     15992448
     7996224            4         569.374     63969792     31984896
     8795840            1         200.885     17591680      8795840
     8795840            2         319.454     35183360     17591680
     8795840            4         625.926     70366720     35183360
     9675392            1         220.380     19350784      9675392
     9675392            2         345.634     38701568     19350784
     9675392            4         687.216     77403136     38701568
    10642880            1         242.611     21285760     10642880
    10642880            2         379.384     42571520     21285760
    10642880            4         756.656     85143040     42571520
    11707136            1         267.628     23414272     11707136
    11707136            2         423.886     46828544     23414272
    11707136            4         831.113     93657088     46828544
    12877824            1         293.028     25755648     12877824
    12877824            2         459.569     51511296     25755648
    12877824            4         915.282    103022592     51511296
    14165568            1         328.542     28331136     14165568
    14165568            2         508.326     56662272     28331136
    14165568            4        1018.682    113324544     56662272
    15582080            1         358.127     31164160     15582080
    15582080            2         572.022     62328320     31164160
    15582080            4        1139.344    124656640     62328320
    17140288            1         399.543     34280576     17140288
    17140288            2         661.141     68561152     34280576
    18854272            1         459.122     37708544     18854272
    18854272            2         836.551     75417088     37708544
    20739648            1         556.277     41479296     20739648
    20739648            2        1144.773     82958592     41479296
    22813568            1         737.523     45627136     22813568
    22813568            2        1768.446     91254272     45627136
    25094912            1        1059.180     50189824     25094912
    25094912            2        2549.492    100379648     50189824
    27604352            1        1469.152     55208704     27604352
    27604352            2        3373.120    110417408     55208704
    30364736            1        1900.980     60729472     30364736
    30364736            2        4237.392    121458944     60729472
    33401152            1        2356.502     66802304     33401152
    36741248            1        2783.046     73482496     36741248
    40415360            1        3164.584     80830720     40415360
    44456896            1        3539.114     88913792     44456896
    48902528            1        3927.406     97805056     48902528
    53792768            1        4322.871    107585536     53792768
    59172032            1        4762.642    118344064     59172032

META_DATA
MPI_PROCS      1
OPENMP_THREADS 8
FLOPS          8
ERT_VERSION  1.0.0
TIMESTAMP_DATA  1594866805.88
HOSTNAME  ('apollo-PowerEdge-R430', [], ['127.0.1.1'])
UNAME  ('Linux', 'apollo-PowerEdge-R430', '4.19.129-0419129-generic', '#202006220433 SMP Mon Jun 22 09:12:54 UTC 2020', 'x86_64', 'x86_64')
CONFIG  {'ERT_WORKING_SET_MIN': ['1'], 'ERT_CFLAGS': ['-O3'], 'ERT_CC': ['gcc'], 'ERT_MPI_CFLAGS': [], 'ERT_MPI_LDFLAGS': [], 'ERT_MEMORY_MAX': ['62497788'], 'ERT_PROCS_THREADS': ['8'], 'ERT_LDFLAGS': [], 'ERT_LDLIBS': [], 'ERT_SPEC_GBYTES_DRAM': ['1.0'], 'ERT_RUN': ['export', 'KMP_AFFINITY=scatter;', 'export', 'OMP_NUM_THREADS=ERT_OPENMP_THREADS;', 'ERT_CODE'], 'ERT_FLOPS': ['1,2,4,8,16'], 'ERT_OPENMP_CFLAGS': ['-fopenmp'], 'ERT_SPEC_GFLOPS': ['1.0'], 'ERT_MPI': ['False'], 'ERT_TRIALS_MIN': ['1'], 'ERT_DRIVER': ['driver1'], 'ERT_RESULTS': ['Results.x86'], 'ERT_OPENMP': ['True'], 'ERT_MPI_PROCS': ['1'], 'ERT_KERNEL': ['kernel1'], 'ERT_OPENMP_THREADS': ['1-32'], 'ERT_LD': ['gcc'], 'ERT_NUM_EXPERIMENTS': ['6'], 'ERT_OPENMP_LDFLAGS': ['-fopenmp'], 'ERT_ALIGN': ['32'], 'ERT_GNUPLOT': ['gnuplot']}
