8 4194304 42011.465 42044.896 42055.459 1.59572301898 1.59612391478 1.5973940447 0.797861509489 0.79806195739 0.798697022349
16 2097152 21005.776 21010.114 21051.315 3.18787040145 3.19412184056 3.19478147344 1.59393520072 1.59706092028 1.59739073672
24 2097152 21005.109 21012.102 21258.889 4.73511555566 4.79072945677 4.79232438165 2.36755777783 2.39536472838 2.39616219083
32 1048576 10502.023 10503.877 10504.825 6.38838476605 6.38896133304 6.39008922376 3.19419238302 3.19448066652 3.19504461188
40 1048576 10502.73 10504.609 10522.227 7.97227431037 7.98564515823 7.98707383699 3.98613715519 3.99282257912 3.9935369185
48 1048576 10501.789 10505.703 10525.521 9.56373522983 9.58177629807 9.58534741081 4.78186761491 4.79088814904 4.7926737054
56 1048576 10604.763 10607.03 10651.099 11.0261403072 11.0719505837 11.0743174553 5.51307015361 5.53597529186 5.53715872764
64 524288 5296.83 5306.671 5319.859 12.6147824595 12.646132387 12.669627683 6.30739122973 6.32306619348 6.33481384149
72 524288 5316.597 5317.219 5318.65 14.1948562135 14.1986764134 14.2003375467 7.09742810676 7.09933820668 7.10016877337
80 524288 5257.51 5257.954 5259.683 15.9488851324 15.9541296862 15.9554770224 7.97444256622 7.97706484309 7.9777385112
88 524288 5660.248 5662.195 5664.863 16.2889531486 16.2966284277 16.3022341071 8.14447657428 8.14831421383 8.15111705353
96 524288 5644.419 5646.362 5646.985 17.8260250381 17.8279918999 17.8341288979 8.91301251907 8.91399594996 8.91706444897
104 524288 5875.708 5896.862 5944.291 18.3456536701 18.4932094392 18.5597895607 9.17282683503 9.24660471959 9.27989478034
112 524288 5898.457 5899.966 5919.908 19.8382326212 19.9052862339 19.9103785956 9.91911631059 9.95264311693 9.95518929781
120 262144 3229.167 3235.468 3236.256 19.4405386966 19.4452734504 19.4832165695 9.72026934828 9.7226367252 9.74160828474
128 262144 3231.933 3232.284 3253.306 20.6278978983 20.7620567995 20.7643116364 10.3139489492 10.3810283997 10.3821558182
136 262144 3595.949 3598.086 3601.912 19.7959217216 19.8169715788 19.8287484055 9.89796086079 9.90848578939 9.91437420275
144 262144 3640.496 3640.666 3640.838 20.7362898322 20.7372694996 20.7382378665 10.3681449161 10.3686347498 10.3691189332
152 262144 4001.875 4005.2 4021.32 19.8173176967 19.8970777989 19.9136094955 9.90865884834 9.94853889943 9.95680474777
160 262144 4003.037 4003.133 4003.469 20.9533482088 20.9551069125 20.9556094535 10.4766741044 10.4775534563 10.4778047268
176 262144 4421.885 4424.163 4441.656 20.7748389339 20.8569819873 20.8677267726 10.387419467 10.4284909937 10.4338633863
192 262144 4776.51 4777.213 4779.335 21.0621971467 21.071552807 21.0746540884 10.5310985733 10.5357764035 10.5373270442
208 262144 5202.384 5203.625 5223.778 20.8760602001 20.9569106152 20.9619097706 10.4380301001 10.4784553076 10.4809548853
224 262144 5555.889 5556.417 5566.273 21.098590026 21.1360148095 21.1380234558 10.549295013 10.5680074048 10.5690117279
240 131072 2992.661 2994.91 2995.107 21.0057804279 21.0071621518 21.0229491412 10.5028902139 10.5035810759 10.5114745706
264 131072 3355.485 3359.37 3361.721 20.5864841252 20.6008912385 20.6247430699 10.2932420626 10.3004456193 10.312371535
288 131072 3558.281 3559.288 3560.844 21.2021284841 21.2113973356 21.2174001997 10.6010642421 10.6056986678 10.6087000999
312 131072 3950.755 3955.691 3957.507 20.6667803746 20.6762681918 20.7021007377 10.3333901873 10.3381340959 10.3510503689
336 131072 4167.865 4168.608 4216.224 20.89082174 21.1294475278 21.1332142476 10.44541087 10.5647237639 10.5666071238
368 131072 4560.506 4560.693 4561.103 21.1503647254 21.1522661139 21.1531334462 10.5751823627 10.576133057 10.5765667231
400 131072 4951.612 4951.759 4962.544 21.1298076148 21.1758286298 21.176457283 10.5649038074 10.5879143149 10.5882286415
440 131072 5512.294 5514.323 5531.97 20.8503227602 20.9170482034 20.9247474826 10.4251613801 10.4585241017 10.4623737413
480 65536 2950.681 2952.911 2953.436 21.3021578934 21.3059452181 21.3220473511 10.6510789467 10.6529726091 10.6610236756
528 65536 3476.092 3487.157 3578.507 19.3393546527 19.8459708009 19.9091439467 9.66967732633 9.92298540043 9.95457197335
576 65536 3539.458 3539.822 3540.105 21.3263369307 21.3280419185 21.3302353072 10.6631684653 10.6640209592 10.6651176536
632 65536 3924.916 4084.558 4188.548 19.777140909 20.2806531331 21.1055482461 9.88857045449 10.1403265665 10.5527741231
688 65536 4293.51 4545.773 4547.332 19.8308669787 19.837668093 21.0032202091 9.91543348935 9.91883404649 10.5016101046
752 65536 4973.482 4984.719 4985.033 19.7724155487 19.7736610629 19.8183373339 9.88620777435 9.88683053147 9.90916866694
824 65536 5429.695 5440.83 5453.878 19.8030333645 19.8505242766 19.891232933 9.90151668226 9.92526213831 9.94561646649
904 65536 5902.607 5937.982 5971.63 19.8420009277 19.9544370461 20.0740262735 9.92100046386 9.97721852306 10.0370131367
992 32768 3233.598 3235.613 3235.809 20.0913317195 20.092548769 20.1050693376 10.0456658598 10.0462743845 10.0525346688
1088 32768 3541.044 3541.242 3541.65 20.1327539424 20.1350735138 20.1361993807 10.0663769712 10.0675367569 10.0680996904
1192 32768 3828.018 3864.712 3875.817 20.1554696726 20.2133851112 20.4071433311 10.0777348363 10.1066925556 10.2035716655
1304 32768 4178.107 4212.421 4229.378 20.2060312415 20.287370137 20.4539864585 10.1030156207 10.1436850685 10.2269932292
1432 32768 4572.968 4603.077 4618.268 20.3209410974 20.3880039374 20.5222411353 10.1604705487 10.1940019687 10.2611205676
1568 32768 5017.228 5019.096 5039.734 20.3900539195 20.4738956976 20.4815184799 10.1950269598 10.2369478488 10.24075924
1720 32768 5464.215 5506.129 5509.48 20.4596295839 20.4720812026 20.6291150696 10.229814792 10.2360406013 10.3145575348
1888 32768 6003.207 6008.043 6008.357 20.5933116158 20.5943878897 20.6109780989 10.2966558079 10.2971939449 10.3054890494
2072 16384 3268.678 3290.032 3295.095 20.6049585824 20.6366673637 20.7714849857 10.3024792912 10.3183336819 10.3857424928
2272 16384 3599.529 3601.836 3620.989 20.5603761845 20.6697073381 20.6829549088 10.2801880923 10.3348536691 10.3414774544
2496 16384 3936.577 3936.713 3936.819 20.7753843903 20.7759437886 20.7766615514 10.3876921951 10.3879718943 10.3883307757
2744 16384 4298.48 4307.086 4314.608 20.8397592551 20.8761543187 20.9179505314 10.4198796275 10.4380771594 10.4589752657
3016 16384 4716.438 4745.238 4778.05 20.6838120154 20.8268348184 20.9540097845 10.3419060077 10.4134174092 10.4770048923
3312 16384 5176.577 5176.882 5178.703 20.9565244425 20.9638960285 20.9651312054 10.4782622213 10.4819480143 10.4825656027
3640 16384 5630.043 5655.924 5677.138 21.0097975424 21.0886002004 21.1855433431 10.5048987712 10.5443001002 10.5927716715
4000 8192 3115.235 3117.352 3117.441 21.0223705918 21.0229707778 21.0372572214 10.5111852959 10.5114853889 10.5186286107
4400 8192 3410.927 3413.197 3413.335 21.1199896875 21.1208435962 21.1348996915 10.5599948438 10.5604217981 10.5674498457
4840 8192 3731.867 3744.096 3755.13 21.1173940716 21.1796278728 21.2490316509 10.5586970358 10.5898139364 10.6245158255
5320 8192 4088.046 4137.993 4176.323 20.8707228823 21.0640472326 21.3214039177 10.4353614412 10.5320236163 10.6607019588
5848 8192 4489.386 4502.577 4521.006 21.1929893479 21.279732029 21.3422574936 10.596494674 10.6398660145 10.6711287468
6432 8192 4962.551 4967.292 4982.909 21.1486679769 21.215158682 21.2354266989 10.5743339884 10.607579341 10.6177133494
7072 8192 5438.72 5440.831 5442.968 21.2875857437 21.2959468875 21.3042127559 10.6437928718 10.6479734438 10.652106378
7776 4096 2996.645 2998.576 3009.503 21.1666152185 21.2437476989 21.2574369003 10.5833076093 10.6218738495 10.6287184501
8552 4096 3272.762 3290.199 3292.561 21.2776571186 21.2929321296 21.4063790768 10.6388285593 10.6464660648 10.7031895384
9400 4096 3595.396 3608.296 3620.024 21.2719031697 21.3410429743 21.4176129695 10.6359515849 10.6705214872 10.7088064847
10336 4096 3960.522 3960.691 3961.136 21.3758154226 21.3782170838 21.3791293168 10.6879077113 10.6891085419 10.6895646584
11368 4096 4342.142 4356.506 4370.067 21.3101208746 21.3764553521 21.4471696227 10.6550604373 10.688227676 10.7235848114
12504 4096 4777.348 4779.218 4784.803 21.4079384251 21.4329557681 21.4413452819 10.7039692125 10.716477884 10.720672641
13752 4096 5245.795 5252.27 5270.507 21.3748665925 21.4490846815 21.4755597579 10.6874332963 10.7245423407 10.7377798789
15120 4096 5780.295 5781.943 5782.052 21.4219865197 21.4223903625 21.4284980265 10.7109932598 10.7111951813 10.7142490132
16632 2048 3168.507 3177.32 3212.435 21.2065526618 21.4409225385 21.5005590961 10.6032763309 10.7204612692 10.7502795481
18288 2048 3489.625 3491.663 3496.043 21.4264092289 21.4532868722 21.4658159544 10.7132046145 10.7266434361 10.7329079772
20112 2048 3838.645 3838.903 3857.661 21.3545855896 21.4589303246 21.4603726054 10.6772927948 10.7294651623 10.7301863027
22120 2048 4205.396 4212.583 4223.404 21.4527239165 21.5078302315 21.544587002 10.7263619583 10.7539151157 10.772293501
24328 2048 4629.945 4632.595 4672.542 21.3261834779 21.5100797717 21.5223913027 10.6630917389 10.7550398859 10.7611956514
26760 2048 5088.515 5110.164 5142.431 21.3146194864 21.4492059355 21.5404612151 10.6573097432 10.7246029677 10.7702306076
29432 2048 5595.007 5603.128 5612.959 21.477704006 21.5153878334 21.5466168318 10.738852003 10.7576939167 10.7733084159
32368 1024 3081.423 3084.32 3084.489 21.4912953167 21.4924728952 21.5126790447 10.7456476583 10.7462364476 10.7563395224
35600 1024 3389.546 3564.945 3706.384 19.6711403891 20.4515918198 21.509901326 9.83557019456 10.2257959099 10.754950663
39160 1024 3728.351 4124.642 4211.684 19.0421883503 19.4440341731 21.5107644103 9.52109417516 9.72201708657 10.7553822052
43072 1024 4097.748 4628.263 4629.98 19.052232623 19.0593006491 21.5268132643 9.52611631152 9.52965032454 10.7634066321
47376 1024 4507.593 5090.186 5097.809 19.0328919738 19.0613953989 21.5250241093 9.51644598689 9.53069769946 10.7625120547
52112 1024 4958.086 5598.002 5598.284 19.0639445945 19.0649049429 21.5255193234 9.53197229723 9.53245247144 10.7627596617
57320 1024 5454.137 6156.682 6160.142 19.0565996693 19.0673093072 21.5233610744 9.52829983465 9.53365465359 10.7616805372
63048 512 2997.453 3386.583 3387.962 19.0560437219 19.0638032495 21.5386703311 9.52802186093 9.53190162474 10.7693351656
69352 512 3295.964 3725.155 3726.983 19.0546745182 19.0640249869 21.546487765 9.52733725912 9.53201249344 10.7732438825
76280 512 3627.403 4097.37 4098.651 19.0576655587 19.0636237391 21.5335103378 9.52883277937 9.53181186957 10.7667551689
83904 512 3989.518 4504.743 4506.157 19.0667338044 19.0727186878 21.5358587178 9.53336690222 9.53635934392 10.7679293589
92288 512 4389.987 4954.784 4958.956 19.0570176465 19.0730639317 21.5269229727 9.52850882323 9.53653196587 10.7634614863
101512 512 4824.069 5452.021 5473.69 18.9905325292 19.0660102006 21.5478443613 9.49526626462 9.53300510031 10.7739221806
111656 512 5306.093 5995.671 6019.634 18.9938032777 19.0697161335 21.5480098068 9.49690163887 9.53485806676 10.7740049034
122816 256 2916.404 3297.627 3306.851 19.0156109241 19.0688006861 21.5614133021 9.50780546205 9.53440034303 10.7807066511
135096 256 3211.129 3627.265 3633.636 19.0357955502 19.0692303981 21.5404463664 9.51789777512 9.53461519905 10.7702231832
148600 256 3528.83 3989.56 4016.621 18.9420908769 19.0705741987 21.5604605492 9.47104543844 9.53528709933 10.7802302746
163456 256 3882.846 4388.884 4416.351 18.9499140807 19.068508532 21.553641839 9.47495704033 9.534254266 10.7768209195
179800 256 4270.699 4834.455 4866.517 18.9165269535 19.0419809472 21.5556282473 9.45826347673 9.52099047359 10.7778141236
197776 256 4697.712 5316.809 5350.492 18.925607589 19.045504926 21.5554533782 9.46280379449 9.52275246299 10.7777266891
217552 256 5170.095 5852.021 5886.703 18.921733269 19.0338729133 21.5444056637 9.46086663452 9.51693645665 10.7722028319
239304 256 5691.783 6453.137 6490.175 18.8783273178 18.9866801216 21.5264088599 9.43916365892 9.49334006081 10.76320443
263232 128 3131.99 3584.256 3594.917 18.7451871629 18.8009427898 21.5158388117 9.37259358144 9.4004713949 10.7579194059
289552 128 3444.661 3972.979 3987.267 18.590506229 18.6573631524 21.518898957 9.29525311448 9.32868157622 10.7594494785
318504 128 3786.653 4398.279 4418.237 18.454651482 18.5383928578 21.5327425037 9.22732574101 9.26919642888 10.7663712519
350352 128 4167.264 4888.364 4913.512 18.253768791 18.3476746003 21.5225414085 9.12688439552 9.17383730017 10.7612707042
385384 128 4581.225 5375.986 5390.81 18.3012022312 18.3516668384 21.5353544085 9.1506011156 9.17583341921 10.7676772042
423920 128 5042.253 5921.942 5930.12 18.3003918976 18.3256641149 21.52282323 9.15019594882 9.16283205746 10.761411615
466312 128 5542.982 6516.712 6520.349 18.3082028278 18.3184207005 21.5363989997 9.1541014139 9.15921035025 10.7681994998
512936 64 3049.899 3586.236 3587.6 18.3007603969 18.3077209643 21.5272072944 9.15038019846 9.15386048213 10.7636036472
564224 64 3351.79 3943.647 3943.67 18.3130616913 18.3131684961 21.5468964344 9.15653084563 9.15658424803 10.7734482172
620640 64 3684.269 4336.439 4337.396 18.3155792093 18.3196212376 21.56246463 9.15778960464 9.1598106188 10.781232315
682704 64 4057.75 4770.005 4811.012 18.163769286 18.3199204194 21.5356076643 9.08188464298 9.15996020969 10.7678038322
750968 64 4461.494 5249.7 5252.405 18.3009314781 18.310361354 21.5452276749 9.15046573903 9.15518067699 10.7726138374
826064 64 4915.211 5770.146 5775.527 18.307626646 18.324699583 21.5120351904 9.15381332301 9.1623497915 10.7560175952
908664 64 5401.879 6350.407 6352.242 18.3099119964 18.3152027894 21.5312101585 9.15495599821 9.15760139468 10.7656050793
999528 32 2967.021 3488.362 3493.133 18.3130135612 18.3380600981 21.5602761153 9.15650678059 9.16903004906 10.7801380577
1099480 32 3266.983 3841.859 3843.307 18.3088990809 18.3157997209 21.5387469111 9.15444954046 9.15789986046 10.7693734556
1209424 32 3592.37 4225.526 4259.894 18.1702023571 18.3179883404 21.546537801 9.08510117857 9.15899417019 10.7732689005
1330360 32 3951.946 4648.738 4651.571 18.3041471365 18.3153019163 21.5445858825 9.15207356826 9.15765095817 10.7722929412
1463392 32 4345.976 5111.485 5111.922 18.3213061545 18.3228725116 21.5503003238 9.16065307726 9.1614362558 10.7751501619
1609728 32 4779.68 5621.75 5626.185 18.3112698925 18.3257156579 21.5542864794 9.15563494624 9.16285782897 10.7771432397
1770696 32 5260.872 6182.889 6189.471 18.3092454913 18.3287366149 21.5410190554 9.15462274563 9.16436830744 10.7705095277
1947760 32 5784.51 6799.752 6805.176 18.3179156571 18.3325274216 21.5500777075 9.15895782857 9.16626371079 10.7750388538
2142536 16 3181.688 3743.162 3745.333 18.3057559902 18.3163731626 21.5486722771 9.15287799509 9.15818658129 10.7743361386
2356784 16 3499.515 4116.719 4150.428 18.1709182764 18.3197075146 21.5507257434 9.08545913819 9.15985375732 10.7753628717
2592456 16 3848.55 4527.681 4528.193 18.3204629308 18.3225346485 21.5558046537 9.1602314654 9.16126732427 10.7779023269
2851696 16 4232.39 4978.621 4979.203 18.3270840735 18.3292265067 21.5609317667 9.16354203675 9.16461325335 10.7804658833
3136864 16 4654.097 5477.627 5490.048 18.2839290294 18.3253894433 21.568018028 9.1419645147 9.16269472164 10.784009014
3450544 16 5119.164 6024.411 6026.005 18.3234842985 18.3283325125 21.5694218822 9.16174214923 9.16416625625 10.7847109411
3795592 16 5634.913 6629.571 6664.45 18.2249013797 18.3207848592 21.5547150417 9.11245068985 9.16039242962 10.7773575209
4175144 8 3096.683 3647.043 3648.925 18.3073929993 18.3168402456 21.5722125901 9.15369649965 9.15842012282 10.786106295
4592656 8 3409.753 4011.493 4011.986 18.3157408824 18.31799183 21.5506800639 9.15787044122 9.15899591499 10.775340032
5051920 8 3742.185 4412.024 4412.647 18.3179665176 18.3205531067 21.5998728016 9.1589832588 9.16027655335 10.7999364008
5557112 8 4120.987 4860.249 4861.406 18.2897277043 18.2940816407 21.5758486984 9.14486385214 9.14704082034 10.7879243492
6112816 8 4537.214 5341.43 5379.025 18.1826736258 18.3106501442 21.5561919715 9.0913368129 9.15532507212 10.7780959858
6724096 8 4982.68 5885.511 5888.108 18.271664854 18.2797272828 21.591901547 9.13583242699 9.13986364141 10.7959507735
7396504 8 5495.654 6484.028 6486.209 18.2454903935 18.2516275377 21.5341184143 9.12274519677 9.12581376885 10.7670592071
8136152 4 3008.727 3571.671 3606.032 18.0500938428 18.2237434523 21.6334735588 9.02504692138 9.11187172615 10.8167367794
8949760 4 3314.139 3932.666 3934.886 18.1957190119 18.2059905418 21.6038253073 9.09785950597 9.10299527089 10.8019126536
9844736 4 3633.331 4331.133 4332.367 18.1789511369 18.1841305728 21.6764968565 9.08947556844 9.09206528638 10.8382484282
10829208 4 4016.519 4765.149 4781.848 18.1171931856 18.1806831224 21.5693400181 9.05859659278 9.0903415612 10.784670009
11912128 4 4404.931 5247.235 5278.735 18.0530039868 18.1613790882 21.634169525 9.02650199338 9.08068954411 10.8170847625
13103336 4 4876.156 5778.668 5835.524 17.9635432911 18.140285616 21.4978126213 8.98177164553 9.070142808 10.7489063106
14413664 4 5364.405 6440.692 6467.357 17.8294335692 17.9032489056 21.4952659242 8.91471678462 8.95162445278 10.7476329621
15855024 2 2961.612 3567.242 3612.566 17.5554151813 17.7784675108 21.4140461343 8.77770759067 8.88923375538 10.7070230672
17440520 2 3358.061 4057.138 4121.055 16.9282089174 17.1948994587 20.7745124344 8.46410445869 8.59744972934 10.3872562172
19184568 2 3817.029 4692.735 4750.696 16.153058836 16.3525688112 20.1041888862 8.07652941801 8.17628440558 10.0520944431
21103024 2 4414.05 5429.894 5476.71 15.4129205308 15.5458091815 19.1235024524 7.70646026538 7.77290459077 9.5617512262
23213320 2 5077.8 6349.305 6369.317 14.5782161572 14.624164377 18.2861239119 7.28910807862 7.31208218852 9.14306195597
25534648 2 5866.113 7335.113 7374.593 13.850064946 13.9246105684 17.4116304954 6.92503247298 6.96230528419 8.70581524768
28088112 2 6644.481 8338.581 8371.005 13.4216199847 13.473809033 16.9091382758 6.71080999235 6.73690451649 8.45456913791
30896920 2 7530.311 9385.919 9494.213 13.0171589788 13.167349942 16.4120286665 6.50857948942 6.58367497099 8.20601433327
33986608 1 4169.405 5195.36 5221.356 13.0183071218 13.0834467679 16.302857602 6.50915356088 6.54172338394 8.15142880099
37385264 1 4647.425 5761.494 5782.353 12.9308134595 12.9776283721 16.0885927153 6.46540672975 6.48881418604 8.04429635766
41123784 1 5171.71 6378.235 6404.705 12.8417418132 12.8950356956 15.9033603972 6.42087090662 6.44751784781 7.95168019862
45236160 1 5687.791 7031.453 7059.165 12.8162920119 12.8668029211 15.9064072502 6.40814600594 6.43340146055 7.9532036251
49759776 1 6279.501 7760.509 7790.06 12.7751971102 12.8238433845 15.8483217058 6.38759855508 6.41192169225 7.92416085291
54735752 1 6879.862 8567.685 8584.022 12.7529384244 12.7772559332 15.9118749766 6.37646921222 6.3886279666 7.95593748828
60209320 1 7583.24 9374.901 9383.651 12.8328131556 12.8447905743 15.8795765398 6.41640657778 6.42239528716 7.93978826992

META_DATA
FLOPS          8
HOSTNAME  ('apollo-PowerEdge-R430', [], ['127.0.1.1'])
TIMESTAMP_DATA  1594866768.81
OPENMP_THREADS 1
MPI_PROCS      1
TIMESTAMP_DATA  1594866773.52
CONFIG  {'ERT_WORKING_SET_MIN': ['1'], 'ERT_CFLAGS': ['-O3'], 'ERT_CC': ['gcc'], 'ERT_MPI_CFLAGS': [], 'ERT_MPI_LDFLAGS': [], 'ERT_MEMORY_MAX': ['62497788'], 'ERT_PROCS_THREADS': ['1'], 'ERT_LDFLAGS': [], 'ERT_LDLIBS': [], 'ERT_SPEC_GBYTES_DRAM': ['1.0'], 'ERT_RUN': ['export', 'KMP_AFFINITY=scatter;', 'export', 'OMP_NUM_THREADS=ERT_OPENMP_THREADS;', 'ERT_CODE'], 'ERT_FLOPS': ['1,2,4,8,16'], 'ERT_OPENMP_CFLAGS': ['-fopenmp'], 'ERT_SPEC_GFLOPS': ['1.0'], 'ERT_MPI': ['False'], 'ERT_TRIALS_MIN': ['1'], 'ERT_DRIVER': ['driver1'], 'ERT_RESULTS': ['Results.x86'], 'ERT_OPENMP': ['True'], 'ERT_MPI_PROCS': ['1'], 'ERT_KERNEL': ['kernel1'], 'ERT_OPENMP_THREADS': ['1-32'], 'ERT_LD': ['gcc'], 'ERT_NUM_EXPERIMENTS': ['6'], 'ERT_OPENMP_LDFLAGS': ['-fopenmp'], 'ERT_ALIGN': ['32'], 'ERT_GNUPLOT': ['gnuplot']}
TIMESTAMP_DATA  1594866775.16
UNAME  ('Linux', 'apollo-PowerEdge-R430', '4.19.129-0419129-generic', '#202006220433 SMP Mon Jun 22 09:12:54 UTC 2020', 'x86_64', 'x86_64')
TIMESTAMP_DATA  1594866771.87
TIMESTAMP_DATA  1594866776.8
ERT_VERSION  1.0.0
TIMESTAMP_DATA  1594866770.34
