8 4194304 12603.242 12604.908 12612.532 5.32080822471 5.32402648238 5.32473025591 0.332550514044 0.332751655149 0.332795640995
16 2097152 6300.943 6302.671 6302.868 10.647353554 10.6476863539 10.6506064251 0.665459597123 0.665480397121 0.665662901569
24 2097152 6300.939 6302.862 6302.952 15.9708174836 15.9710455346 15.9759197796 0.998176092726 0.99819034591 0.998494986223
32 1048576 3149.894 3151.854 3163.145 21.2158671196 21.2918694838 21.305118204 1.32599169497 1.33074184274 1.33156988775
40 1048576 2800.075 2890.676 3151.995 26.613646278 29.0195372985 29.9585118256 1.66335289237 1.81372108116 1.8724069891
48 1048576 3149.908 3152.067 3164.857 31.80658589 31.935646038 31.9575352677 1.98791161812 1.99597787737 1.99734595423
56 1048576 3499.923 3501.965 3549.291 33.0884427341 33.5356041537 33.5551702137 2.06802767088 2.0959752596 2.09719813836
64 524288 1750.223 1751.996 1752.321 38.2971293502 38.3042335713 38.3430362874 2.39357058438 2.39401459821 2.39643976796
72 524288 1925.218 1927.167 1996.764 37.8099124383 39.1753657052 39.2150249998 2.3631195274 2.44846035658 2.45093906249
80 524288 2450.148 2452.259 2464.832 34.0331836003 34.2076754535 34.2371481233 2.12707397502 2.13797971585 2.13982175771
88 524288 2800.089 2802.15 2803.484 32.9142909323 32.9299602091 32.9541982416 2.05714318327 2.05812251307 2.0596373901
96 524288 2800.077 2802.241 2807.449 35.8557879413 35.9224263723 35.9501885127 2.24098674633 2.24515164827 2.24688678204
104 524288 3150.045 3152.083 3152.412 34.5931635839 34.5967742601 34.6191575041 2.162072724 2.16229839125 2.16369734401
112 524288 3150.001 3152.282 3171.284 37.0324802194 37.2557125283 37.2826903864 2.31453001371 2.32848203302 2.33016814915
120 262144 1750.313 1750.335 1753.192 35.8857215867 35.9442963776 35.9447481679 2.24285759917 2.2465185236 2.24654676049
128 262144 1750.287 1752.226 1752.289 38.2978287257 38.2992056961 38.3416342577 2.39361429536 2.393700356 2.39635214111
136 262144 1925.264 1927.205 1927.55 36.991604887 36.998226966 37.0355275952 2.31197530544 2.31238918537 2.3147204747
144 262144 1925.266 1927.411 1927.613 39.1663015346 39.1704063119 39.2140473057 2.44789384591 2.44815039449 2.4508779566
152 262144 2100.217 2102.168 2102.23 37.9082098533 37.9093278939 37.9445438257 2.36926311583 2.36933299337 2.37153398911
160 262144 2100.222 2102.178 2102.526 39.8977610741 39.9043658529 39.9415299906 2.49361006713 2.49402286581 2.49634562441
176 262144 2275.19 2277.5 2285.129 40.3805159359 40.5157795829 40.5569152466 2.52378224599 2.53223622393 2.53480720291
192 262144 2450.139 2452.143 2518.715 39.9661319363 41.0511524002 41.0847286623 2.49788324602 2.56569702501 2.5677955414
208 262144 2625.102 2627.095 2630.386 41.4585174952 41.5104531812 41.541968274 2.59115734345 2.59440332382 2.59637301712
224 262144 2800.07 2802.038 2802.306 41.9085253359 41.912533663 41.9419914502 2.61928283349 2.61953335394 2.62137446564
240 131072 1487.839 1489.914 1512.671 41.5917010374 42.2269741743 42.2858656078 2.59948131484 2.6391858859 2.64286660049
264 131072 1662.802 1662.812 1665.085 41.5630529372 41.6198680308 41.6201183304 2.59769080858 2.60124175192 2.60125739565
288 131072 1750.276 1752.214 1755.103 43.0159779796 43.0869014858 43.1346096273 2.68849862373 2.69293134286 2.69591310171
312 131072 1925.248 1927.51 1927.69 42.4284651578 42.4324273285 42.4822817632 2.65177907236 2.65202670803 2.6551426102
336 131072 2012.741 2014.643 2014.693 43.7190102909 43.7200953221 43.761409938 2.73243814318 2.73250595763 2.73508812112
368 131072 2187.691 2189.638 2189.958 44.0506128428 44.0570505262 44.0962603951 2.75316330268 2.75356565789 2.75601627469
400 131072 2362.648 2365.061 2365.903 44.3203292781 44.3361080327 44.3813890177 2.77002057988 2.77100675205 2.77383681361
440 131072 2625.115 2627.197 2627.385 43.9004409327 43.9035824112 43.9384026985 2.74377755829 2.7439739007 2.74615016866
480 65536 1400.349 1402.303 1405.303 44.7693913697 44.8651682268 44.9277715769 2.79808696061 2.80407301418 2.80798572356
528 65536 1898.152 1900.074 1912.031 36.1950282187 36.4228003751 36.4596807843 2.26218926367 2.27642502345 2.27873004902
576 65536 1662.791 1662.809 1665.229 45.3375914063 45.4035743131 45.4040658146 2.8335994629 2.83772339457 2.83775411342
632 65536 1837.761 1839.701 1840.011 45.0201134667 45.0276996099 45.0752323071 2.81375709167 2.81423122562 2.8172020192
688 65536 2315.769 2317.724 2318.014 38.9029298356 38.9077974772 38.9406439071 2.43143311473 2.43173734232 2.43379024419
752 65536 2143.955 2449.119 2449.311 40.242396331 40.2455511553 45.9739798643 2.51514977069 2.51534694721 2.87337374152
824 65536 2561.542 2565.694 2598.968 41.5562361676 42.0951711311 42.1634031376 2.59726476047 2.63094819569 2.6352126961
904 65536 2736.73 2740.75 2748.622 43.1085423896 43.2323590258 43.2958633113 2.69428389935 2.70202243911 2.70599145696
992 32768 1465.947 1465.968 1467.988 44.28626937 44.3472927103 44.3479279947 2.76789183563 2.7717057944 2.77174549967
1088 32768 1568.278 1568.29 1570.403 45.4043758195 45.4655503765 45.4658982655 2.83777348872 2.84159689853 2.84161864159
1192 32768 1666.413 1666.508 1668.395 46.8227919647 46.8758097771 46.878482105 2.9264244978 2.92973811107 2.92990513156
1304 32768 1773.727 1777.755 1798.925 47.5055624887 48.0712719132 48.1804381396 2.96909765554 3.00445449457 3.01127738372
1432 32768 1914.319 1918.333 1918.532 48.916333947 48.9214083269 49.023988165 3.05727087169 3.05758802043 3.06399926031
1568 32768 2056.47 2058.5 2058.823 49.9122304346 49.9200621812 49.9693396937 3.11951440216 3.12000388632 3.12308373086
1720 32768 2200.205 2204.233 2204.45 51.1338066184 51.1388405854 51.2324624296 3.19586291365 3.19617753659 3.20202890185
1888 32768 2384.532 2386.459 2386.722 51.8418014331 51.847514665 51.8894139395 3.24011258957 3.24046966656 3.24308837122
2072 16384 1286.546 1288.467 1290.998 52.5913254707 52.6946332347 52.773313974 3.28695784192 3.29341457717 3.29833212338
2272 16384 1389.41 1389.423 1391.884 53.4878596205 53.5825993956 53.5831007406 3.34299122628 3.34891246222 3.34894379629
2496 16384 1504.24 1504.255 1506.266 54.2991264491 54.3717175612 54.3722597458 3.39369540307 3.39823234757 3.39826623411
2744 16384 1629.447 1629.488 1631.249 55.1205806103 55.1801498385 55.1815382765 3.44503628814 3.4487593649 3.44884614228
3016 16384 1766.706 1767.721 1781.461 55.4759761791 55.907175397 55.9392949365 3.46724851119 3.49419846231 3.49620593353
3312 16384 1922.127 1924.436 1935.985 56.0580872269 56.3945051953 56.4622504132 3.50363045168 3.52465657471 3.52889065083
3640 16384 2084.601 2087.542 2090.331 57.0605899257 57.1368240735 57.2174339358 3.56628687036 3.57105150459 3.57608962099
4000 8192 1137.903 1137.922 1140.322 57.4714861241 57.5926996754 57.5936613226 3.59196788276 3.59954372971 3.59960383266
4400 8192 1239.455 1239.466 1262.508 57.1003114436 58.1618213005 58.162337479 3.56876946522 3.63511383128 3.63514609244
4840 8192 1351.149 1351.667 1354.331 58.5518311255 58.6672309082 58.6897225991 3.65948944534 3.66670193176 3.66810766244
5320 8192 1475.35 1478.118 1483.035 58.7733128348 58.9688238693 59.0794591114 3.67333205218 3.68555149183 3.69246619446
5848 8192 1608.135 1610.582 1615.107 59.3233959112 59.4900675656 59.580589938 3.70771224445 3.71812922285 3.72378687113
6432 8192 1761.217 1761.234 1763.564 59.7550687131 59.8341208494 59.8346983932 3.73469179457 3.73963255308 3.73966864958
7072 8192 1925.248 1927.457 1954.944 59.2690368624 60.1142583207 60.1832324978 3.7043148039 3.75714114504 3.76145203111
7776 4096 1053.65 1053.66 1055.6 60.3457673361 60.4568760321 60.4574498173 3.77161045851 3.77855475201 3.77859061358
8552 4096 1151.593 1151.843 1177.944 59.4748001603 60.8225114013 60.835715396 3.71717501002 3.80140696258 3.80223221225
9400 4096 1259.82 1260.495 1265.004 60.8731671995 61.0909206304 61.1236525853 3.80457294997 3.8181825394 3.82022828658
10336 4096 1381.714 1383.828 1383.925 61.1828762397 61.1871648789 61.2807802483 3.82392976498 3.82419780493 3.83004876552
11368 4096 1512.672 1512.936 1514.915 61.4731889248 61.5535990947 61.564341774 3.8420743078 3.84709994342 3.84777136088
12504 4096 1657.597 1659.719 1705.097 60.0744520693 61.7169340111 61.7959419569 3.75465325433 3.85730837569 3.86224637231
13752 4096 1817.677 1820.079 1835.394 61.3799456683 61.8964253749 61.9782194526 3.83624660427 3.86852658593 3.87363871579
15120 4096 1993.987 1996.078 1999.263 61.954350178 62.0532063376 62.1182786046 3.87214688613 3.8783253961 3.88239241279
16632 2048 1093.821 1093.922 1096.113 62.1511395267 62.2756211138 62.2813714493 3.88444622042 3.89222631961 3.89258571558
18288 2048 1200.517 1200.526 1204.975 62.1653129733 62.3956898893 62.3961576554 3.88533206083 3.89973061808 3.89975985346
20112 2048 1317.661 1317.69 1320.041 62.4062070799 62.5175511691 62.5189270989 3.9003879425 3.90734694807 3.90743294368
22120 2048 1445.726 1448.191 1451.678 62.4129593477 62.5632392412 62.6699111727 3.90080995923 3.91020245258 3.91686944829
24328 2048 1587.101 1587.221 1589.393 62.6953107255 62.7811048367 62.7858516881 3.91845692035 3.92381905229 3.9241157305
26760 2048 1742.88 1745.81 1760.671 62.2540838124 62.7840142971 62.8895621041 3.89088023827 3.92400089357 3.93059763151
29432 2048 1914.146 1916.401 1921.318 62.7451947049 62.9061829961 62.9802909496 3.92157466906 3.93163643726 3.93626818435
32368 1024 1051.861 1051.888 1051.913 63.0182001743 63.0196979146 63.0213155541 3.9386375109 3.93873111966 3.93883222213
35600 1024 1226.177 1229.535 1234.836 59.0433061556 59.2978646399 59.460257369 3.69020663473 3.70611653999 3.71626608557
39160 1024 1418.237 1427.471 1432.819 55.9733504371 56.1830538063 56.5488560798 3.49833440232 3.5114408629 3.53430350499
43072 1024 1560.638 1567.563 1578.267 55.8913390447 56.2729893472 56.5226887978 3.49320869029 3.5170618342 3.53266804986
47376 1024 1713.896 1724.857 1756.882 55.2262747299 56.2516475279 56.6113976577 3.45164217062 3.51572797049 3.53821235361
52112 1024 1878.949 1887.485 1897.936 56.2323366014 56.5436949168 56.8005709575 3.51452103759 3.5339809323 3.55003568484
57320 1024 2065.38 2071.292 2080.064 56.436417341 56.6754277041 56.8376569929 3.52727608381 3.5422142315 3.55235356206
63048 512 1138.246 1140.667 1143.01 56.4834533381 56.5994738166 56.7198584489 3.53021583363 3.53746711354 3.54499115305
69352 512 1252.793 1258.452 1259.198 56.3981581928 56.4315905573 56.6864980887 3.52488488705 3.52697440983 3.54290613054
76280 512 1382.598 1387.609 1391.958 56.1157161351 56.2915922281 56.4956118843 3.50723225844 3.51822451425 3.53097574277
83904 512 1514.838 1519.824 1526.526 56.2831527272 56.5313457348 56.7174153276 3.51769704545 3.53320910842 3.54483845797
92288 512 1668.594 1670.132 1674.124 56.4491710291 56.5840975444 56.636253037 3.52807318932 3.53650609652 3.53976581481
101512 512 1833.415 1838.252 1842.179 56.4268119439 56.5473547696 56.6965406086 3.52667574649 3.5342096731 3.54353378804
111656 512 2014.066 2020.319 2026.132 56.4305504281 56.5929162672 56.7686183074 3.52690940176 3.5370572667 3.54803864422
122816 256 1110.098 1115.747 1134.178 55.4426130643 56.3584683625 56.6452619498 3.46516331652 3.52240427265 3.54032887187
135096 256 1221.448 1224.833 1261.79 54.8182756243 56.472312552 56.6288143253 3.42614222652 3.5295195345 3.53930089533
148600 256 1344.239 1375.689 1474.526 51.5984119643 55.3055232687 56.599458876 3.22490074777 3.45659520429 3.53746617975
163456 256 1477.17 1481.923 1653.162 50.6238783616 56.4735630664 56.6552746129 3.1639923976 3.52959769165 3.54095466331
179800 256 1626.278 1675.853 1821.684 50.5343407528 54.9317869765 56.6063120819 3.15839629705 3.43323668603 3.53789450512
197776 256 1820.089 1885.53 2005.51 50.4915517749 53.7044289934 55.6353628861 3.15572198593 3.35652681209 3.47721018038
217552 256 2037.977 2185.035 2254.66 49.402847436 50.9770433883 54.6554862984 3.08767796475 3.18606521177 3.41596789365
239304 256 2342.355 2452.16 2544.598 48.1504929266 49.9656009396 52.3078901362 3.00940580791 3.12285005872 3.26924313351
263232 128 1363.337 1399.617 1433.606 47.005517555 48.1470230785 49.4282719533 2.93784484719 3.0091889424 3.08926699708
289552 128 1532.137 1613.213 1630.205 45.4699329225 45.9488685003 48.3803419668 2.84187080766 2.87180428127 3.02377137293
318504 128 1768.16 1878.563 1969.977 41.3898355158 43.4039337515 46.1140530269 2.58686471974 2.71274585947 2.88212831418
350352 128 2056.838 2211.224 2232.946 40.1667178696 40.561296368 43.6058221406 2.51041986685 2.535081023 2.72536388379
385384 128 2279.804 2504.424 2548.436 38.7132751225 39.3936106666 43.2749060884 2.41957969515 2.46210066666 2.70468163053
423920 128 2587.193 2776.702 2778.843 39.0534909673 39.083603498 41.9464338378 2.44084318546 2.44272521862 2.62165211486
466312 128 2996.022 3054.794 3058.367 39.0325529931 39.0782069102 39.8447915269 2.43953456207 2.44238793189 2.49029947043
512936 64 1677.743 1681.594 1692.261 38.7976842816 39.0437929726 39.1334119707 2.4248552676 2.44023706079 2.44583824817
564224 64 1845.337 1851.08 1868.8 38.6454794521 39.0154245089 39.1368470908 2.41534246575 2.43846403181 2.44605294318
620640 64 2031.877 2034.839 2036.176 39.0152521197 39.0408872643 39.0977997192 2.43845325748 2.44005545402 2.44361248245
682704 64 2233.868 2237.221 2239.468 39.0209246125 39.0601160994 39.1187447065 2.43880778828 2.44125725621 2.44492154416
750968 64 2459.08 2463.498 2468.105 38.9464402852 39.019274219 39.0893765148 2.43415251782 2.43870463869 2.44308603217
826064 64 2702.521 2706.58 2710.574 39.0087826416 39.0663464594 39.1250214152 2.4380489151 2.44164665371 2.44531383845
908664 64 2975.591 2976.592 2977.142 39.0673310175 39.0745496864 39.0876945118 2.44170818859 2.4421593554 2.44298090699
999528 32 1634.543 1636.94 1638.217 39.0484239878 39.0788862145 39.136194031 2.44052649924 2.44243038841 2.44601212694
1099480 32 1799.217 1800.494 1803.842 39.0093589128 39.0818964129 39.1096349134 2.43808493205 2.4426185258 2.44435218209
1209424 32 1978.995 1982.689 1983.726 39.0190661412 39.0394741687 39.1123454076 2.43869163382 2.43996713554 2.44452158798
1330360 32 2176.85 2178.641 2180.446 39.0484515553 39.0808031245 39.1129567954 2.44052822221 2.44255019528 2.44455979971
1463392 32 2395.854 2399.662 2416.562 38.7563356537 39.0292832907 39.0913169166 2.42227097836 2.43933020567 2.44320730729
1609728 32 2635.34 2639.878 2648.64 38.8964117434 39.0255125426 39.0927136536 2.43102573396 2.43909453391 2.44329460335
1770696 32 2896.545 2902.042 2904.463 39.0173825592 39.0499324269 39.124040538 2.43858640995 2.44062077668 2.44525253362
1947760 32 3188.396 3191.906 3192.599 39.0455049319 39.0539821661 39.0969754071 2.44034405824 2.44087388538 2.44356096294
2142536 16 1754.742 1757.947 1764.295 38.8603674556 39.0006934225 39.0719273831 2.42877296597 2.43754333891 2.44199546144
2356784 16 1930.07 1932.376 1933.606 39.0033378051 39.028164291 39.0747941784 2.43770861282 2.43926026819 2.44217463615
2592456 16 2122.263 2125.228 2128.786 38.9699067919 39.0351491699 39.0896849259 2.4356191745 2.43969682312 2.44310530787
2851696 16 2334.925 2338.377 2338.966 39.0147920064 39.0246192124 39.082313993 2.4384245004 2.43903870077 2.44264462456
3136864 16 2570.607 2572.66 2595.079 38.6807677146 39.0178445655 39.0490059352 2.41754798216 2.43861528535 2.44056287095
3450544 16 2825.692 2828.793 2829.172 39.0281707864 39.0333997574 39.0762361928 2.43926067415 2.43958748484 2.44226476205
3795592 16 3107.828 3110.456 3111.256 39.0385567758 39.0485973761 39.0816171294 2.43990979849 2.440537336 2.44260107059
4175144 8 1708.94 1710.46 1713.226 38.992114292 39.055168785 39.0899060236 2.43700714325 2.44094804906 2.44311912648
4592656 8 1879.558 1883.036 1883.92 39.0051042507 39.0234153781 39.0956256737 2.43781901567 2.43896346113 2.44347660461
5051920 8 2067.517 2070.715 2116.91 38.1833521501 39.0351738409 39.0955527814 2.38645950938 2.43969836506 2.44347204884
5557112 8 2276.035 2277.778 2281.66 38.9689050954 39.0353195087 39.065212969 2.43555656846 2.4397074693 2.44157581057
6112816 8 2505.349 2508.115 2509.607 38.9722598 38.9954431914 39.0384956347 2.4357662375 2.43721519946 2.43990597717
6724096 8 2764.329 2767.802 2798.462 38.4445227414 38.8703874049 38.9192227119 2.40278267134 2.4293992128 2.43245141949
7396504 8 3051.712 3054.257 3058.206 38.6972179114 38.7472514592 38.7795650441 2.41857611946 2.4217032162 2.42372281526
8136152 4 1683.714 1684.85 1690.613 38.5003640691 38.632053892 38.6581188967 2.40627275432 2.41450336825 2.41613243104
8949760 4 1860.993 1862.526 1864.143 38.4080405849 38.4413855162 38.4730517525 2.40050253655 2.40258659476 2.40456573453
9844736 4 2053.674 2054.801 2057.484 38.278736554 38.3287179634 38.3497517133 2.39242103462 2.39554487272 2.39685948208
10829208 4 2258.911 2262.468 2264.735 38.2533338338 38.2916637937 38.3519598603 2.39083336461 2.39322898711 2.39699749127
11912128 4 2487.636 2508.952 2559.965 37.225908948 37.9828007869 38.3082669651 2.32661930925 2.37392504918 2.39426668532
13103336 4 2742.605 2772.097 2784.984 37.6399605886 37.8149422621 38.2215769314 2.35249753679 2.36343389138 2.38884855821
14413664 4 3065.766 3139.871 3179.577 36.265613948 36.7242195619 37.6119090629 2.26660087175 2.29526372262 2.35074431643
15855024 2 1779.877 1813.661 1860.534 34.0870395274 34.9679989811 35.6317296083 2.13043997046 2.18549993632 2.22698310052
17440520 2 2093.847 2118.2 2202.177 31.6786888611 32.9346048532 33.3176588356 1.97991805382 2.05841280332 2.08235367723
19184568 2 2533.46 2636.283 2666.611 28.7774527293 29.1085107327 30.2899086625 1.79859079558 1.8192819208 1.8931192914
21103024 2 3225.999 3339.204 3416.503 24.7071628504 25.2791072363 26.1661879002 1.54419767815 1.57994420227 1.63538674377
23213320 2 4144.989 4190.553 4243.193 21.8828792374 22.1577629492 22.4013332725 1.36767995234 1.38486018432 1.40008332953
25534648 2 5089.159 5152.46 5202.032 19.6343644176 19.8232673325 20.0698370792 1.2271477761 1.23895420828 1.25436481745
28088112 2 6055.895 6101.21 6139.915 18.2986976204 18.4147813303 18.5525753006 1.14366860128 1.15092383314 1.15953595629
30896920 2 7015.87 7028.645 7065.539 17.491613874 17.5834289539 17.6154461243 1.09322586713 1.09896430962 1.10096538277
33986608 1 3883.277 3898.766 3910.952 17.3802225136 17.4345462128 17.5040863683 1.0862639071 1.0896591383 1.09400539802
37385264 1 4365.603 4381.179 4421.253 16.9116148748 17.066302929 17.1271936546 1.05697592967 1.06664393306 1.07044960341
41123784 1 4863.407 4870.274 4914.967 16.7341038099 16.8876675111 16.9115124438 1.04588148812 1.05547921944 1.05696952774
45236160 1 5381.766 5390.921 5408.213 16.7286902346 16.7823494353 16.8108981327 1.04554313967 1.04889683971 1.05068113329
49759776 1 5927.91 5944.937 5961.99 16.692337961 16.740219787 16.7883034661 1.04327112256 1.04626373669 1.04926896663
54735752 1 6520.736 6539.553 6591.919 16.6069249334 16.7399062291 16.7882128643 1.03793280834 1.04624413932 1.04926330402
60209320 1 7188.598 7196.515 7205.956 16.710987411 16.7329103045 16.7513387172 1.04443671319 1.04580689403 1.04695866983

META_DATA
TIMESTAMP_DATA  1594866752.27
TIMESTAMP_DATA  1594866753.0
HOSTNAME  ('apollo-PowerEdge-R430', [], ['127.0.1.1'])
TIMESTAMP_DATA  1594866755.16
MPI_PROCS      1
OPENMP_THREADS 1
TIMESTAMP_DATA  1594866754.44
FLOPS          1
CONFIG  {'ERT_WORKING_SET_MIN': ['1'], 'ERT_CFLAGS': ['-O3'], 'ERT_CC': ['gcc'], 'ERT_MPI_CFLAGS': [], 'ERT_MPI_LDFLAGS': [], 'ERT_MEMORY_MAX': ['62497788'], 'ERT_PROCS_THREADS': ['1'], 'ERT_LDFLAGS': [], 'ERT_LDLIBS': [], 'ERT_SPEC_GBYTES_DRAM': ['1.0'], 'ERT_RUN': ['export', 'KMP_AFFINITY=scatter;', 'export', 'OMP_NUM_THREADS=ERT_OPENMP_THREADS;', 'ERT_CODE'], 'ERT_FLOPS': ['1,2,4,8,16'], 'ERT_OPENMP_CFLAGS': ['-fopenmp'], 'ERT_SPEC_GFLOPS': ['1.0'], 'ERT_MPI': ['False'], 'ERT_TRIALS_MIN': ['1'], 'ERT_DRIVER': ['driver1'], 'ERT_RESULTS': ['Results.x86'], 'ERT_OPENMP': ['True'], 'ERT_MPI_PROCS': ['1'], 'ERT_KERNEL': ['kernel1'], 'ERT_OPENMP_THREADS': ['1-32'], 'ERT_LD': ['gcc'], 'ERT_NUM_EXPERIMENTS': ['6'], 'ERT_OPENMP_LDFLAGS': ['-fopenmp'], 'ERT_ALIGN': ['32'], 'ERT_GNUPLOT': ['gnuplot']}
TIMESTAMP_DATA  1594866755.87
UNAME  ('Linux', 'apollo-PowerEdge-R430', '4.19.129-0419129-generic', '#202006220433 SMP Mon Jun 22 09:12:54 UTC 2020', 'x86_64', 'x86_64')
ERT_VERSION  1.0.0
TIMESTAMP_DATA  1594866753.72
