          64            1           1.819          128           32
          64            2           0.790          256           64
          64            4           0.758          512          128
          64            8           0.939         1024          256
          64           16           0.798         2048          512
          64           32           1.047         4096         1024
          64           64           1.290         8192         2048
          64          128           1.777        16384         4096
          64          256           2.739        32768         8192
          64          512           4.713        65536        16384
          64         1024           8.782       131072        32768
          64         2048          16.728       262144        65536
          64         4096          32.848       524288       131072
          64         8192          64.852      1048576       262144
          64        16384         129.038      2097152       524288
          64        32768         257.535      4194304      1048576
          64        65536         514.173      8388608      2097152
          64       131072        1027.645     16777216      4194304
          64       262144        2074.335     33554432      8388608
          64       524288        4116.700     67108864     16777216
         128            1           0.775          256           64
         128            2           0.762          512          128
         128            4           0.775         1024          256
         128            8           0.767         2048          512
         128           16           0.812         4096         1024
         128           32           0.940         8192         2048
         128           64           1.188        16384         4096
         128          128           1.688        32768         8192
         128          256           2.693        65536        16384
         128          512           4.694       131072        32768
         128         1024           8.725       262144        65536
         128         2048          16.732       524288       131072
         128         4096          32.775      1048576       262144
         128         8192          64.879      2097152       524288
         128        16384         129.169      4194304      1048576
         128        32768         257.582      8388608      2097152
         128        65536         514.373     16777216      4194304
         128       131072        1027.827     33554432      8388608
         128       262144        2060.326     67108864     16777216
         192            1           0.918          384           96
         192            2           0.828          768          192
         192            4           0.881         1536          384
         192            8           0.786         3072          768
         192           16           0.828         6144         1536
         192           32           0.945        12288         3072
         192           64           1.189        24576         6144
         192          128           1.691        49152        12288
         192          256           2.703        98304        24576
         192          512           4.703       196608        49152
         192         1024           8.714       393216        98304
         192         2048          16.744       786432       196608
         192         4096          32.950      1572864       393216
         192         8192          64.875      3145728       786432
         192        16384         129.069      6291456      1572864
         192        32768         257.442     12582912      3145728
         192        65536         514.183     25165824      6291456
         192       131072        1027.668     50331648     12582912
         192       262144        2058.874    100663296     25165824
         256            1           0.758          512          128
         256            2           0.778         1024          256
         256            4           0.803         2048          512
         256            8           0.791         4096         1024
         256           16           0.816         8192         2048
         256           32           0.935        16384         4096
         256           64           1.299        32768         8192
         256          128           1.684        65536        16384
         256          256           2.698       131072        32768
         256          512           4.713       262144        65536
         256         1024           8.711       524288       131072
         256         2048          16.735      1048576       262144
         256         4096          32.787      2097152       524288
         256         8192          64.874      4194304      1048576
         256        16384         129.067      8388608      2097152
         256        32768         257.441     16777216      4194304
         256        65536         514.181     33554432      8388608
         256       131072        1027.661     67108864     16777216
         320            1           0.751          640          160
         320            2           0.780         1280          320
         320            4           0.784         2560          640
         320            8           0.787         5120         1280
         320           16           0.832        10240         2560
         320           32           0.959        20480         5120
         320           64           1.209        40960        10240
         320          128           1.701        81920        20480
         320          256           2.714       163840        40960
         320          512           4.720       327680        81920
         320         1024           8.733       655360       163840
         320         2048          16.750      1310720       327680
         320         4096          32.801      2621440       655360
         320         8192          64.907      5242880      1310720
         320        16384         132.226     10485760      2621440
         320        32768         257.452     20971520      5242880
         320        65536         514.208     41943040     10485760
         320       131072        1027.682     83886080     20971520
         384            1           0.764          768          192
         384            2           0.765         1536          384
         384            4           0.785         3072          768
         384            8           0.798         6144         1536
         384           16           0.849        12288         3072
         384           32           0.971        24576         6144
         384           64           1.210        49152        12288
         384          128           1.703        98304        24576
         384          256           2.716       196608        49152
         384          512           4.717       393216        98304
         384         1024           8.733       786432       196608
         384         2048          16.748      1572864       393216
         384         4096          32.804      3145728       786432
         384         8192          64.890      6291456      1572864
         384        16384         129.075     12582912      3145728
         384        32768         257.453     25165824      6291456
         384        65536         514.194     50331648     12582912
         384       131072        1027.675    100663296     25165824
         448            1           0.748          896          224
         448            2           0.769         1792          448
         448            4           0.771         3584          896
         448            8           0.797         7168         1792
         448           16           0.847        14336         3584
         448           32           0.965        28672         7168
         448           64           1.210        57344        14336
         448          128           1.735       114688        28672
         448          256           2.766       229376        57344
         448          512           9.200       458752       114688
         448         1024           8.979       917504       229376
         448         2048          16.805      1835008       458752
         448         4096          33.174      3670016       917504
         448         8192          65.505      7340032      1835008
         448        16384         131.381     14680064      3670016
         448        32768         257.856     29360128      7340032
         448        65536         518.262     58720256     14680064
         448       131072        1035.769    117440512     29360128
         512            1           0.731         1024          256
         512            2           0.760         2048          512
         512            4           0.769         4096         1024
         512            8           0.788         8192         2048
         512           16           0.855        16384         4096
         512           32           0.967        32768         8192
         512           64           1.220        65536        16384
         512          128           1.727       131072        32768
         512          256           2.741       262144        65536
         512          512           4.740       524288       131072
         512         1024           8.816      1048576       262144
         512         2048          16.914      2097152       524288
         512         4096          33.012      4194304      1048576
         512         8192          65.267      8388608      2097152
         512        16384         129.565     16777216      4194304
         512        32768         258.403     33554432      8388608
         512        65536         517.028     67108864     16777216
         576            1           0.787         1152          288
         576            2           0.748         2304          576
         576            4           0.774         4608         1152
         576            8           0.804         9216         2304
         576           16           0.878        18432         4608
         576           32           1.017        36864         9216
         576           64           1.258        73728        18432
         576          128           1.804       147456        36864
         576          256           2.864       294912        73728
         576          512           5.006       589824       147456
         576         1024           9.235      1179648       294912
         576         2048          17.773      2359296       589824
         576         4096          34.712      4718592      1179648
         576         8192          68.605      9437184      2359296
         576        16384         136.375     18874368      4718592
         576        32768         271.853     37748736      9437184
         576        65536         545.964     75497472     18874368
         640            1           0.737         1280          320
         640            2           0.746         2560          640
         640            4           0.764         5120         1280
         640            8           0.787        10240         2560
         640           16           0.863        20480         5120
         640           32           0.990        40960        10240
         640           64           1.277        81920        20480
         640          128           1.795       163840        40960
         640          256           2.841       327680        81920
         640          512           4.949       655360       163840
         640         1024           9.212      1310720       327680
         640         2048          17.780      2621440       655360
         640         4096          34.818      5242880      1310720
         640         8192          68.587     10485760      2621440
         640        16384         136.365     20971520      5242880
         640        32768         271.862     41943040     10485760
         640        65536         542.841     83886080     20971520
         704            1           0.732         1408          352
         704            2           0.775         2816          704
         704            4           0.867         5632         1408
         704            8           0.837        11264         2816
         704           16           0.894        22528         5632
         704           32           1.037        45056        11264
         704           64           1.350        90112        22528
         704          128           2.115       180224        45056
         704          256           3.195       360448        90112
         704          512           5.662       720896       180224
         704         1024          10.534      1441792       360448
         704         2048          20.465      2883584       720896
         704         4096          40.050      5767168      1441792
         704         8192          79.296     11534336      2883584
         704        16384         157.747     23068672      5767168
         704        32768         314.635     46137344     11534336
         704        65536         628.224     92274688     23068672
         768            1           0.917         1536          384
         768            2           0.736         3072          768
         768            4           0.829         6144         1536
         768            8           0.822        12288         3072
         768           16           1.037        24576         6144
         768           32           1.035        49152        12288
         768           64           1.419        98304        24576
         768          128           2.018       196608        49152
         768          256           3.198       393216        98304
         768          512           5.759       786432       196608
         768         1024          10.703      1572864       393216
         768         2048          20.512      3145728       786432
         768         4096          40.118      6291456      1572864
         768         8192          79.376     12582912      3145728
         768        16384         157.746     25165824      6291456
         768        32768         314.623     50331648     12582912
         768        65536         632.812    100663296     25165824
         832            1           0.741         1664          416
         832            2           0.769         3328          832
         832            4           0.776         6656         1664
         832            8           0.836        13312         3328
         832           16           0.917        26624         6656
         832           32           1.085        53248        13312
         832           64           1.425       106496        26624
         832          128           2.132       212992        53248
         832          256           3.516       425984       106496
         832          512           6.323       851968       212992
         832         1024          11.924      1703936       425984
         832         2048          23.124      3407872       851968
         832         4096          45.442      6815744      1703936
         832         8192          90.070     13631488      3407872
         832        16384         179.337     27262976      6815744
         832        32768         357.900     54525952     13631488
         832        65536         714.974    109051904     27262976
         896            1           0.736         1792          448
         896            2           0.771         3584          896
         896            4           0.781         7168         1792
         896            8           0.830        14336         3584
         896           16           0.908        28672         7168
         896           32           1.071        57344        14336
         896           64           1.415       114688        28672
         896          128           2.119       229376        57344
         896          256           3.530       458752       114688
         896          512           6.326       917504       229376
         896         1024          11.923      1835008       458752
         896         2048          23.153      3670016       917504
         896         4096          45.450      7340032      1835008
         896         8192          89.980     14680064      3670016
         896        16384         179.104     29360128      7340032
         896        32768         357.567     58720256     14680064
         896        65536         714.021    117440512     29360128
         960            1           0.761         1920          480
         960            2           0.755         3840          960
         960            4           0.801         7680         1920
         960            8           0.834        15360         3840
         960           16           0.923        30720         7680
         960           32           1.192        61440        15360
         960           64           1.515       122880        30720
         960          128           2.334       245760        61440
         960          256           3.971       491520       122880
         960          512           6.969       983040       245760
         960         1024          13.357      1966080       491520
         960         2048          25.947      3932160       983040
         960         4096          50.862      7864320      1966080
         960         8192         100.832     15728640      3932160
         960        16384         200.826     31457280      7864320
         960        32768         400.867     62914560     15728640
        1024            1           0.916         2048          512
        1024            2           0.761         4096         1024
        1024            4           0.799         8192         2048
        1024            8           0.841        16384         4096
        1024           16           0.920        32768         8192
        1024           32           1.125        65536        16384
        1024           64           1.509       131072        32768
        1024          128           2.285       262144        65536
        1024          256           4.014       524288       131072
        1024          512           7.138      1048576       262144
        1024         1024          13.211      2097152       524288
        1024         2048          25.808      4194304      1048576
        1024         4096          50.758      8388608      2097152
        1024         8192         105.777     16777216      4194304
        1024        16384         200.554     33554432      8388608
        1024        32768         400.238     67108864     16777216
        1088            1           0.749         2176          544
        1088            2           0.768         4352         1088
        1088            4           0.809         8704         2176
        1088            8           0.841        17408         4352
        1088           16           0.953        34816         8704
        1088           32           1.164        69632        17408
        1088           64           1.586       139264        34816
        1088          128           2.462       278528        69632
        1088          256           4.192       557056       139264
        1088          512           7.646      1114112       278528
        1088         1024          14.657      2228224       557056
        1088         2048          28.506      4456448      1114112
        1088         4096          56.105      8912896      2228224
        1088         8192         111.382     17825792      4456448
        1088        16384         222.227     35651584      8912896
        1088        32768         443.605     71303168     17825792
        1152            1           0.758         2304          576
        1152            2           0.764         4608         1152
        1152            4           0.788         9216         2304
        1152            8           0.831        18432         4608
        1152           16           0.933        36864         9216
        1152           32           1.149        73728        18432
        1152           64           1.589       147456        36864
        1152          128           2.601       294912        73728
        1152          256           4.152       589824       147456
        1152          512           7.647      1179648       294912
        1152         1024          14.517      2359296       589824
        1152         2048          28.474      4718592      1179648
        1152         4096          56.115      9437184      2359296
        1152         8192         111.410     18874368      4718592
        1152        16384         221.942     37748736      9437184
        1152        32768         443.079     75497472     18874368
        1216            1           0.746         2432          608
        1216            2           0.775         4864         1216
        1216            4           0.798         9728         2432
        1216            8           0.886        19456         4864
        1216           16           1.099        38912         9728
        1216           32           1.173        77824        19456
        1216           64           1.673       155648        38912
        1216          128           2.629       311296        77824
        1216          256           4.497       622592       155648
        1216          512           8.316      1245184       311296
        1216         1024          15.995      2490368       622592
        1216         2048          31.156      4980736      1245184
        1216         4096          61.520      9961472      2490368
        1216         8192         122.222     19922944      4980736
        1216        16384         243.631     39845888      9961472
        1216        32768         486.398     79691776     19922944
        1280            1           0.745         2560          640
        1280            2           0.771         5120         1280
        1280            4           0.834        10240         2560
        1280            8           0.999        20480         5120
        1280           16           0.968        40960        10240
        1280           32           1.263        81920        20480
        1280           64           1.666       163840        40960
        1280          128           2.621       327680        81920
        1280          256           4.535       655360       163840
        1280          512           8.300      1310720       327680
        1280         1024          16.064      2621440       655360
        1280         2048          31.247      5242880      1310720
        1280         4096          61.507     10485760      2621440
        1280         8192         122.173     20971520      5242880
        1280        16384         251.317     41943040     10485760
        1280        32768         485.923     83886080     20971520
        1408            1           0.739         2816          704
        1408            2           0.797         5632         1408
        1408            4           0.823        11264         2816
        1408            8           1.024        22528         5632
        1408           16           0.999        45056        11264
        1408           32           1.201        90112        22528
        1408           64           1.709       180224        45056
        1408          128           2.910       360448        90112
        1408          256           5.029       720896       180224
        1408          512           8.984      1441792       360448
        1408         1024          17.270      2883584       720896
        1408         2048          33.841      5767168      1441792
        1408         4096          66.816     11534336      2883584
        1408         8192         132.793     23068672      5767168
        1408        16384         264.862     46137344     11534336
        1408        32768         528.565     92274688     23068672
        1536            1           0.759         3072          768
        1536            2           0.774         6144         1536
        1536            4           0.825        12288         3072
        1536            8           0.897        24576         6144
        1536           16           1.004        49152        12288
        1536           32           1.267        98304        24576
        1536           64           1.821       196608        49152
        1536          128           2.953       393216        98304
        1536          256           5.344       786432       196608
        1536          512           9.637      1572864       393216
        1536         1024          18.796      3145728       786432
        1536         2048          36.498      6291456      1572864
        1536         4096          72.141     12582912      3145728
        1536         8192         143.478     25165824      6291456
        1536        16384         286.281     50331648     12582912
        1536        32768         571.402    100663296     25165824
        1664            1           0.749         3328          832
        1664            2           0.875         6656         1664
        1664            4           0.822        13312         3328
        1664            8           0.904        26624         6656
        1664           16           0.999        53248        13312
        1664           32           1.307       106496        26624
        1664           64           1.920       212992        53248
        1664          128           3.120       425984       106496
        1664          256           5.537       851968       212992
        1664          512          10.396      1703936       425984
        1664         1024          19.986      3407872       851968
        1664         2048          39.163      6815744      1703936
        1664         4096          77.500     13631488      3407872
        1664         8192         154.178     27262976      6815744
        1664        16384         307.478     54525952     13631488
        1664        32768         620.824    109051904     27262976
        1792            1           0.755         3584          896
        1792            2           0.803         7168         1792
        1792            4           0.850        14336         3584
        1792            8           0.899        28672         7168
        1792           16           1.049        57344        14336
        1792           32           1.391       114688        28672
        1792           64           1.999       229376        57344
        1792          128           3.271       458752       114688
        1792          256           5.854       917504       229376
        1792          512          11.020      1835008       458752
        1792         1024          21.310      3670016       917504
        1792         2048          41.811      7340032      1835008
        1792         4096          82.820     14680064      3670016
        1792         8192         164.831     29360128      7340032
        1792        16384         328.866     58720256     14680064
        1792        32768         656.922    117440512     29360128
        1920            1           0.746         3840          960
        1920            2           0.891         7680         1920
        1920            4           0.865        15360         3840
        1920            8           0.961        30720         7680
        1920           16           1.081        61440        15360
        1920           32           1.381       122880        30720
        1920           64           2.242       245760        61440
        1920          128           3.449       491520       122880
        1920          256           6.206       983040       245760
        1920          512          11.651      1966080       491520
        1920         1024          22.632      3932160       983040
        1920         2048          44.506      7864320      1966080
        1920         4096          88.210     15728640      3932160
        1920         8192         175.558     31457280      7864320
        1920        16384         350.309     62914560     15728640
        2112            1           0.755         4224         1056
        2112            2           0.808         8448         2112
        2112            4           0.852        16896         4224
        2112            8           0.905        33792         8448
        2112           16           1.204        67584        16896
        2112           32           1.446       135168        33792
        2112           64           2.270       270336        67584
        2112          128           3.840       540672       135168
        2112          256           6.858      1081344       270336
        2112          512          12.999      2162688       540672
        2112         1024          25.406      4325376      1081344
        2112         2048          49.860      8650752      2162688
        2112         4096          98.948     17301504      4325376
        2112         8192         196.918     34603008      8650752
        2112        16384         392.702     69206016     17301504
        2304            1           0.755         4608         1152
        2304            2           0.832         9216         2304
        2304            4           0.838        18432         4608
        2304            8           0.986        36864         9216
        2304           16           1.081        73728        18432
        2304           32           1.602       147456        36864
        2304           64           2.369       294912        73728
        2304          128           4.168       589824       147456
        2304          256           7.205      1179648       294912
        2304          512          13.753      2359296       589824
        2304         1024          26.770      4718592      1179648
        2304         2048          52.635      9437184      2359296
        2304         4096         104.312     18874368      4718592
        2304         8192         207.609     37748736      9437184
        2304        16384         414.487     75497472     18874368
        2496            1           0.757         4992         1248
        2496            2           0.826         9984         2496
        2496            4           0.859        19968         4992
        2496            8           0.935        39936         9984
        2496           16           1.125        79872        19968
        2496           32           1.573       159744        39936
        2496           64           2.505       319488        79872
        2496          128           4.149       638976       159744
        2496          256           9.542      1277952       319488
        2496          512          17.212      2555904       638976
        2496         1024          34.713      5111808      1277952
        2496         2048          72.150     10223616      2555904
        2496         4096         139.546     20447232      5111808
        2496         8192         279.370     40894464     10223616
        2496        16384         559.182     81788928     20447232
        2688            1           0.766         5376         1344
        2688            2           0.809        10752         2688
        2688            4           0.903        21504         5376
        2688            8           0.963        43008        10752
        2688           16           1.189        86016        21504
        2688           32           1.762       172032        43008
        2688           64           2.596       344064        86016
        2688          128           4.467       688128       172032
        2688          256           8.209      1376256       344064
        2688          512          15.658      2752512       688128
        2688         1024          30.710      5505024      1376256
        2688         2048          60.597     11010048      2752512
        2688         4096         120.333     22020096      5505024
        2688         8192         239.689     44040192     11010048
        2688        16384         478.679     88080384     22020096
        2944            1           0.765         5888         1472
        2944            2           0.809        11776         2944
        2944            4           0.870        23552         5888
        2944            8           0.961        47104        11776
        2944           16           1.189        94208        23552
        2944           32           1.735       188416        47104
        2944           64           2.756       376832        94208
        2944          128           4.806       753664       188416
        2944          256           8.872      1507328       376832
        2944          512          16.939      3014656       753664
        2944         1024          33.391      6029312      1507328
        2944         2048          65.891     12058624      3014656
        2944         4096         131.017     24117248      6029312
        2944         8192         261.089     48234496     12058624
        2944        16384         521.377     96468992     24117248
        3200            1           0.768         6400         1600
        3200            2           0.816        12800         3200
        3200            4           0.864        25600         6400
        3200            8           0.982        51200        12800
        3200           16           1.204       102400        25600
        3200           32           1.753       204800        51200
        3200           64           3.084       409600       102400
        3200          128           5.125       819200       204800
        3200          256           9.541      1638400       409600
        3200          512          18.376      3276800       819200
        3200         1024          36.157      6553600      1638400
        3200         2048          71.175     13107200      3276800
        3200         4096         141.664     26214400      6553600
        3200         8192         282.587     52428800     13107200
        3200        16384         567.204    104857600     26214400
        3520            1           0.806         7040         1760
        3520            2           0.862        14080         3520
        3520            4           0.924        28160         7040
        3520            8           1.039        56320        14080
        3520           16           1.283       112640        28160
        3520           32           1.968       225280        56320
        3520           64           3.165       450560       112640
        3520          128           5.714       901120       225280
        3520          256          10.573      1802240       450560
        3520          512          20.367      3604480       901120
        3520         1024          40.019      7208960      1802240
        3520         2048          79.290     14417920      3604480
        3520         4096         158.035     28835840      7208960
        3520         8192         315.008     57671680     14417920
        3520        16384         629.194    115343360     28835840
        3840            1           0.773         7680         1920
        3840            2           0.877        15360         3840
        3840            4           0.933        30720         7680
        3840            8           1.033        61440        15360
        3840           16           1.307       122880        30720
        3840           32           2.097       245760        61440
        3840           64           3.385       491520       122880
        3840          128           6.032       983040       245760
        3840          256          11.127      1966080       491520
        3840          512          21.828      3932160       983040
        3840         1024          42.866      7864320      1966080
        3840         2048          84.557     15728640      3932160
        3840         4096         168.434     31457280      7864320
        3840         8192         335.934     62914560     15728640
        4224            1           0.841         8448         2112
        4224            2           0.841        16896         4224
        4224            4           0.930        33792         8448
        4224            8           1.127        67584        16896
        4224           16           1.563       135168        33792
        4224           32           2.304       270336        67584
        4224           64           3.996       540672       135168
        4224          128           7.287      1081344       270336
        4224          256          13.875      2162688       540672
        4224          512          27.135      4325376      1081344
        4224         1024          53.447      8650752      2162688
        4224         2048         105.983     17301504      4325376
        4224         4096         211.221     34603008      8650752
        4224         8192         421.564     69206016     17301504
        4608            1           0.784         9216         2304
        4608            2           0.833        18432         4608
        4608            4           0.943        36864         9216
        4608            8           1.140        73728        18432
        4608           16           1.550       147456        36864
        4608           32           2.426       294912        73728
        4608           64           3.391       589824       147456
        4608          128           6.828      1179648       294912
        4608          256          13.830      2359296       589824
        4608          512          25.694      4718592      1179648
        4608         1024          50.668      9437184      2359296
        4608         2048         100.576     18874368      4718592
        4608         4096         200.540     37748736      9437184
        4608         8192         400.174     75497472     18874368
        5056            1           0.827        10112         2528
        5056            2           0.868        20224         5056
        5056            4           0.964        40448        10112
        5056            8           1.159        80896        20224
        5056           16           1.591       161792        40448
        5056           32           2.546       323584        80896
        5056           64           4.514       647168       161792
        5056          128           7.372      1294336       323584
        5056          256          15.298      2588672       647168
        5056          512          35.533      5177344      1294336
        5056         1024          60.441     10354688      2588672
        5056         2048         121.190     20709376      5177344
        5056         4096         242.447     41418752     10354688
        5056         8192         485.112     82837504     20709376
        5504            1           0.814        11008         2752
        5504            2           0.883        22016         5504
        5504            4           0.976        44032        11008
        5504            8           1.196        88064        22016
        5504           16           1.662       176128        44032
        5504           32           2.676       352256        88064
        5504           64           4.767       704512       176128
        5504          128           8.803      1409024       352256
        5504          256          16.992      2818048       704512
        5504          512          32.461      5636096      1409024
        5504         1024          65.483     11272192      2818048
        5504         2048         129.401     22544384      5636096
        5504         4096         258.539     45088768     11272192
        5504         8192         517.226     90177536     22544384
        6016            1           0.959        12032         3008
        6016            2           0.871        24064         6016
        6016            4           0.988        48128        12032
        6016            8           1.252        96256        24064
        6016           16           1.780       192512        48128
        6016           32           2.856       385024        96256
        6016           64           5.063       770048       192512
        6016          128           9.372      1540096       385024
        6016          256          18.254      3080192       770048
        6016          512          35.570      6160384      1540096
        6016         1024          70.329     12320768      3080192
        6016         2048         139.965     24641536      6160384
        6016         4096         278.999     49283072     12320768
        6016         8192         557.078     98566144     24641536
        6592            1           0.832        13184         3296
        6592            2           1.020        26368         6592
        6592            4           1.148        52736        13184
        6592            8           1.301       105472        26368
        6592           16           1.885       210944        52736
        6592           32           3.008       421888       105472
        6592           64           5.519       843776       210944
        6592          128          10.131      1687552       421888
        6592          256          19.457      3375104       843776
        6592          512          38.283      6750208      1687552
        6592         1024          75.659     13500416      3375104
        6592         2048         150.568     27000832      6750208
        6592         4096         300.382     54001664     13500416
        6592         8192         603.331    108003328     27000832
        7232            1           0.857        14464         3616
        7232            2           0.987        28928         7232
        7232            4           1.046        57856        14464
        7232            8           1.345       115712        28928
        7232           16           1.992       231424        57856
        7232           32           3.277       462848       115712
        7232           64           5.805       925696       231424
        7232          128          10.813      1851392       462848
        7232          256          20.972      3702784       925696
        7232          512          41.481      7405568      1851392
        7232         1024          81.952     14811136      3702784
        7232         2048         163.129     29622272      7405568
        7232         4096         325.393     59244544     14811136
        7232         8192         649.777    118489088     29622272
        7936            1           0.822        15872         3968
        7936            2           0.920        31744         7936
        7936            4           1.092        63488        15872
        7936            8           1.447       126976        31744
        7936           16           2.160       253952        63488
        7936           32           3.408       507904       126976
        7936           64           6.201      1015808       253952
        7936          128          11.658      2031616       507904
        7936          256          22.811      4063232      1015808
        7936          512          44.500      8126464      2031616
        7936         1024          88.207     16252928      4063232
        7936         2048         175.519     32505856      8126464
        7936         4096         350.250     65011712     16252928
        8704            1           0.834        17408         4352
        8704            2           1.106        34816         8704
        8704            4           1.240        69632        17408
        8704            8           1.592       139264        34816
        8704           16           2.201       278528        69632
        8704           32           3.760       557056       139264
        8704           64           6.732      1114112       278528
        8704          128          12.499      2228224       557056
        8704          256          24.426      4456448      1114112
        8704          512          48.063      8912896      2228224
        8704         1024          95.339     17825792      4456448
        8704         2048         189.831     35651584      8912896
        8704         4096         378.920     71303168     17825792
        9536            1           0.985        19072         4768
        9536            2           1.077        38144         9536
        9536            4           1.151        76288        19072
        9536            8           1.545       152576        38144
        9536           16           2.330       305152        76288
        9536           32           3.991       610304       152576
        9536           64           7.135      1220608       305152
        9536          128          13.651      2441216       610304
        9536          256          26.468      4882432      1220608
        9536          512          52.041      9764864      2441216
        9536         1024         103.558     19529728      4882432
        9536         2048         205.839     39059456      9764864
        9536         4096         415.554     78118912     19529728
       10432            1           0.850        20864         5216
       10432            2           0.957        41728        10432
       10432            4           1.158        83456        20864
       10432            8           1.586       166912        41728
       10432           16           2.401       333824        83456
       10432           32           4.123       667648       166912
       10432           64           7.643      1335296       333824
       10432          128          14.553      2670592       667648
       10432          256          28.377      5341184      1335296
       10432          512          56.048     10682368      2670592
       10432         1024         111.324     21364736      5341184
       10432         2048         221.852     42729472     10682368
       10432         4096         442.937     85458944     21364736
       11456            1           0.846        22912         5728
       11456            2           0.942        45824        11456
       11456            4           1.187        91648        22912
       11456            8           1.631       183296        45824
       11456           16           2.554       366592        91648
       11456           32           4.438       733184       183296
       11456           64           8.251      1466368       366592
       11456          128          15.780      2932736       733184
       11456          256          30.836      5865472      1466368
       11456          512          60.962     11730944      2932736
       11456         1024         121.134     23461888      5865472
       11456         2048         241.527     46923776     11730944
       11456         4096         482.226     93847552     23461888
       12544            1           0.850        25088         6272
       12544            2           0.984        50176        12544
       12544            4           1.256       100352        25088
       12544            8           1.779       200704        50176
       12544           16           2.726       401408       100352
       12544           32           4.762       802816       200704
       12544           64           9.058      1605632       401408
       12544          128          17.152      3211264       802816
       12544          256          33.227      6422528      1605632
       12544          512          65.931     12845056      3211264
       12544         1024         130.979     25690112      6422528
       12544         2048         261.127     51380224     12845056
       12544         4096         521.418    102760448     25690112
       13760            1           0.873        27520         6880
       13760            2           1.000        55040        13760
       13760            4           1.279       110080        27520
       13760            8           1.815       220160        55040
       13760           16           2.906       440320       110080
       13760           32           5.103       880640       220160
       13760           64           9.580      1761280       440320
       13760          128          18.480      3522560       880640
       13760          256          36.231      7045120      1761280
       13760          512          71.716     14090240      3522560
       13760         1024         142.572     28180480      7045120
       13760         2048         284.341     56360960     14090240
       13760         4096         570.695    112721920     28180480
       15104            1           0.884        30208         7552
       15104            2           1.035        60416        15104
       15104            4           1.344       120832        30208
       15104            8           1.902       241664        60416
       15104           16           3.081       483328       120832
       15104           32           5.485       966656       241664
       15104           64          10.334      1933312       483328
       15104          128          19.953      3866624       966656
       15104          256          39.248      7733248      1933312
       15104          512          77.687     15466496      3866624
       15104         1024         154.637     30932992      7733248
       15104         2048         308.353     61865984     15466496
       15104         4096         615.908    123731968     30932992
       16576            1           0.888        33152         8288
       16576            2           1.051        66304        16576
       16576            4           1.372       132608        33152
       16576            8           2.017       265216        66304
       16576           16           3.285       530432       132608
       16576           32           5.908      1060864       265216
       16576           64          11.191      2121728       530432
       16576          128          21.682      4243456      1060864
       16576          256          42.752      8486912      2121728
       16576          512          84.576     16973824      4243456
       16576         1024         168.363     33947648      8486912
       16576         2048         336.024     67895296     16973824
       18176            1           0.974        36352         9088
       18176            2           1.114        72704        18176
       18176            4           1.417       145408        36352
       18176            8           2.121       290816        72704
       18176           16           3.525       581632       145408
       18176           32           6.369      1163264       290816
       18176           64          12.133      2326528       581632
       18176          128          23.492      4653056      1163264
       18176          256          46.295      9306112      2326528
       18176          512          91.952     18612224      4653056
       18176         1024         183.137     37224448      9306112
       18176         2048         365.403     74448896     18612224
       19968            1           0.928        39936         9984
       19968            2           1.110        79872        19968
       19968            4           1.514       159744        39936
       19968            8           2.270       319488        79872
       19968           16           3.800       638976       159744
       19968           32           6.888      1277952       319488
       19968           64          13.158      2555904       638976
       19968          128          25.538      5111808      1277952
       19968          256          50.394     10223616      2555904
       19968          512         100.195     20447232      5111808
       19968         1024         199.661     40894464     10223616
       19968         2048         398.442     81788928     20447232
       21952            1           0.938        43904        10976
       21952            2           1.185        87808        21952
       21952            4           1.571       175616        43904
       21952            8           2.453       351232        87808
       21952           16           4.189       702464       175616
       21952           32           7.489      1404928       351232
       21952           64          14.378      2809856       702464
       21952          128          27.940      5619712      1404928
       21952          256          55.062     11239424      2809856
       21952          512         125.041     22478848      5619712
       21952         1024         226.542     44957696     11239424
       21952         2048         454.449     89915392     22478848
       24128            1           0.960        48256        12064
       24128            2           1.183        96512        24128
       24128            4           1.639       193024        48256
       24128            8           2.551       386048        96512
       24128           16           4.415       772096       193024
       24128           32           8.197      1544192       386048
       24128           64          15.661      3088384       772096
       24128          128          30.663      6176768      1544192
       24128          256          60.181     12353536      3088384
       24128          512         119.796     24707072      6176768
       24128         1024         238.797     49414144     12353536
       24128         2048         476.817     98828288     24707072
       26496            1           0.988        52992        13248
       26496            2           1.237       105984        26496
       26496            4           1.850       211968        52992
       26496            8           2.746       423936       105984
       26496           16           4.735       847872       211968
       26496           32           8.926      1695744       423936
       26496           64          16.992      3391488       847872
       26496          128          33.105      6782976      1695744
       26496          256          65.655     13565952      3391488
       26496          512         130.531     27131904      6782976
       26496         1024         260.286     54263808     13565952
       26496         2048         519.645    108527616     27131904
       29120            1           1.149        58240        14560
       29120            2           1.274       116480        29120
       29120            4           1.816       232960        58240
       29120            8           2.912       465920       116480
       29120           16           5.118       931840       232960
       29120           32           9.557      1863680       465920
       29120           64          18.434      3727360       931840
       29120          128          36.225      7454720      1863680
       29120          256          71.886     14909440      3727360
       29120          512         142.966     29818880      7454720
       29120         1024         285.154     59637760     14909440
       29120         2048         569.535    119275520     29818880
       32000            1           1.121        64000        16000
       32000            2           1.401       128000        32000
       32000            4           1.941       256000        64000
       32000            8           3.148       512000       128000
       32000           16           5.541      1024000       256000
       32000           32          10.421      2048000       512000
       32000           64          31.877      4096000      1024000
       32000          128          39.579      8192000      2048000
       32000          256          78.362     16384000      4096000
       32000          512         156.316     32768000      8192000
       32000         1024         311.631     65536000     16384000
       35200            1           1.363        70400        17600
       35200            2           1.404       140800        35200
       35200            4           2.108       281600        70400
       35200            8           3.454       563200       140800
       35200           16           6.060      1126400       281600
       35200           32          11.322      2252800       563200
       35200           64          21.980      4505600      1126400
       35200          128          43.256      9011200      2252800
       35200          256          85.853     18022400      4505600
       35200          512         171.137     36044800      9011200
       35200         1024         341.348     72089600     18022400
       38720            1           1.243        77440        19360
       38720            2           1.465       154880        38720
       38720            4           2.186       309760        77440
       38720            8           3.676       619520       154880
       38720           16           6.614      1239040       309760
       38720           32          12.338      2478080       619520
       38720           64          24.227      4956160      1239040
       38720          128          47.528      9912320      2478080
       38720          256          94.104     19824640      4956160
       38720          512         187.530     39649280      9912320
       38720         1024         374.292     79298560     19824640
       42560            1           1.269        85120        21280
       42560            2           1.521       170240        42560
       42560            4           2.298       340480        85120
       42560            8           4.007       680960       170240
       42560           16           7.061      1361920       340480
       42560           32          13.607      2723840       680960
       42560           64          26.272      5447680      1361920
       42560          128          51.826     10895360      2723840
       42560          256         103.081     21790720      5447680
       42560          512         205.418     43581440     10895360
       42560         1024         410.029     87162880     21790720
       46784            1           1.177        93568        23392
       46784            2           1.684       187136        46784
       46784            4           2.454       374272        93568
       46784            8           4.196       748544       187136
       46784           16           7.676      1497088       374272
       46784           32          14.683      2994176       748544
       46784           64          28.848      5988352      1497088
       46784          128          56.923     11976704      2994176
       46784          256         112.952     23953408      5988352
       46784          512         224.995     47906816     11976704
       46784         1024         449.323     95813632     23953408
       51456            1           1.253       102912        25728
       51456            2           1.851       205824        51456
       51456            4           2.640       411648       102912
       51456            8           4.573       823296       205824
       51456           16           8.390      1646592       411648
       51456           32          16.035      3293184       823296
       51456           64          31.383      6586368      1646592
       51456          128          66.584     13172736      3293184
       51456          256         123.504     26345472      6586368
       51456          512         246.406     52690944     13172736
       51456         1024         492.005    105381888     26345472
       56576            1           1.257       113152        28288
       56576            2           1.763       226304        56576
       56576            4           2.813       452608       113152
       56576            8           5.013       905216       226304
       56576           16           9.090      1810432       452608
       56576           32          17.600      3620864       905216
       56576           64          34.377      7241728      1810432
       56576          128          68.079     14483456      3620864
       56576          256         135.537     28966912      7241728
       56576          512         270.423     57933824     14483456
       56576         1024         539.741    115867648     28966912
       62208            1           1.317       124416        31104
       62208            2           1.865       248832        62208
       62208            4           3.025       497664       124416
       62208            8           5.316       995328       248832
       62208           16           9.920      1990656       497664
       62208           32          19.148      3981312       995328
       62208           64          37.734      7962624      1990656
       62208          128          74.581     15925248      3981312
       62208          256         148.467     31850496      7962624
       62208          512         296.324     63700992     15925248
       68416            1           1.522       136832        34208
       68416            2           2.006       273664        68416
       68416            4           3.281       547328       136832
       68416            8           5.780      1094656       273664
       68416           16          10.820      2189312       547328
       68416           32          20.962      4378624      1094656
       68416           64          41.307      8757248      2189312
       68416          128          81.810     17514496      4378624
       68416          256         162.993     35028992      8757248
       68416          512         325.269     70057984     17514496
       75200            1           1.642       150400        37600
       75200            2           2.136       300800        75200
       75200            4           3.617       601600       150400
       75200            8           6.290      1203200       300800
       75200           16          11.855      2406400       601600
       75200           32          22.943      4812800      1203200
       75200           64          45.196      9625600      2406400
       75200          128          89.731     19251200      4812800
       75200          256         178.760     38502400      9625600
       75200          512         364.701     77004800     19251200
       82688            1           1.564       165376        41344
       82688            2           2.241       330752        82688
       82688            4           3.778       661504       165376
       82688            8           6.818      1323008       330752
       82688           16          12.895      2646016       661504
       82688           32          25.105      5292032      1323008
       82688           64          49.520     10584064      2646016
       82688          128          98.385     21168128      5292032
       82688          256         196.164     42336256     10584064
       82688          512         391.708     84672512     21168128
       90944            1           1.819       181888        45472
       90944            2           2.394       363776        90944
       90944            4           4.220       727552       181888
       90944            8           7.415      1455104       363776
       90944           16          14.087      2910208       727552
       90944           32          27.550      5820416      1455104
       90944           64          54.334     11640832      2910208
       90944          128         108.135     23281664      5820416
       90944          256         215.399     46563328     11640832
       90944          512         430.088     93126656     23281664
      100032            1           1.768       200064        50016
      100032            2           2.581       400128       100032
      100032            4           4.435       800256       200064
      100032            8           8.119      1600512       400128
      100032           16          15.537      3201024       800256
      100032           32          30.126      6402048      1600512
      100032           64          59.737     12804096      3201024
      100032          128         118.523     25608192      6402048
      100032          256         236.608     51216384     12804096
      100032          512         472.209    102432768     25608192
      110016            1           2.377       220032        55008
      110016            2           2.741       440064       110016
      110016            4           4.934       880128       220032
      110016            8           8.785      1760256       440064
      110016           16          16.848      3520512       880128
      110016           32          33.035      7041024      1760256
      110016           64          65.445     14082048      3520512
      110016          128         130.123     28164096      7041024
      110016          256         259.672     56328192     14082048
      110016          512         518.733    112656384     28164096
      120960            1           1.873       241920        60480
      120960            2           2.958       483840       120960
      120960            4           5.289       967680       241920
      120960            8           9.786      1935360       483840
      120960           16          18.537      3870720       967680
      120960           32          36.254      7741440      1935360
      120960           64          71.789     15482880      3870720
      120960          128         145.247     30965760      7741440
      120960          256         284.997     61931520     15482880
      120960          512         569.310    123863040     30965760
      133056            1           1.737       266112        66528
      133056            2           3.165       532224       133056
      133056            4           5.622      1064448       266112
      133056            8          10.473      2128896       532224
      133056           16          20.215      4257792      1064448
      133056           32          39.732      8515584      2128896
      133056           64          78.754     17031168      4257792
      133056          128         156.886     34062336      8515584
      133056          256         313.151     68124672     17031168
      146304            1           1.964       292608        73152
      146304            2           3.440       585216       146304
      146304            4           6.100      1170432       292608
      146304            8          11.459      2340864       585216
      146304           16          22.143      4681728      1170432
      146304           32          43.565      9363456      2340864
      146304           64          86.502     18726912      4681728
      146304          128         172.201     37453824      9363456
      146304          256         343.749     74907648     18726912
      160896            1           2.115       321792        80448
      160896            2           3.681       643584       160896
      160896            4           6.644      1287168       321792
      160896            8          12.491      2574336       643584
      160896           16          24.247      5148672      1287168
      160896           32          47.797     10297344      2574336
      160896           64          94.937     20594688      5148672
      160896          128         189.149     41189376     10297344
      160896          256         377.580     82378752     20594688
      176960            1           2.733       353920        88480
      176960            2           3.985       707840       176960
      176960            4           7.209      1415680       353920
      176960            8          13.668      2831360       707840
      176960           16          26.635      5662720      1415680
      176960           32          52.503     11325440      2831360
      176960           64         104.329     22650880      5662720
      176960          128         207.881     45301760     11325440
      176960          256         415.071     90603520     22650880
      194624            1           2.610       389248        97312
      194624            2           4.335       778496       194624
      194624            4           7.855      1556992       389248
      194624            8          15.213      3113984       778496
      194624           16          29.233      6227968      1556992
      194624           32          57.624     12455936      3113984
      194624           64         124.749     24911872      6227968
      194624          128         228.402     49823744     12455936
      194624          256         456.151     99647488     24911872
      214080            1           3.597       428160       107040
      214080            2           4.729       856320       214080
      214080            4           8.621      1712640       428160
      214080            8          16.431      3425280       856320
      214080           16          32.180      6850560      1712640
      214080           32          63.312     13701120      3425280
      214080           64         125.891     27402240      6850560
      214080          128         251.009     54804480     13701120
      214080          256         501.403    109608960     27402240
      235456            1           3.297       470912       117728
      235456            2           5.202       941824       235456
      235456            4           9.471      1883648       470912
      235456            8          18.056      3767296       941824
      235456           16          35.212      7534592      1883648
      235456           32          69.716     15069184      3767296
      235456           64         138.327     30138368      7534592
      235456          128         276.012     60276736     15069184
      235456          256         551.186    120553472     30138368
      258944            1           3.610       517888       129472
      258944            2           5.730      1035776       258944
      258944            4          10.436      2071552       517888
      258944            8          19.868      4143104      1035776
      258944           16          38.743      8286208      2071552
      258944           32          76.516     16572416      4143104
      258944           64         152.097     33144832      8286208
      258944          128         303.239     66289664     16572416
      284800            1           4.448       569600       142400
      284800            2           6.518      1139200       284800
      284800            4          12.150      2278400       569600
      284800            8          23.462      4556800      1139200
      284800           16          45.711      9113600      2278400
      284800           32          91.706     18227200      4556800
      284800           64         183.565     36454400      9113600
      284800          128         370.952     72908800     18227200
      313280            1           5.059       626560       156640
      313280            2           7.212      1253120       313280
      313280            4          13.581      2506240       626560
      313280            8          26.536      5012480      1253120
      313280           16          52.031     10024960      2506240
      313280           32         103.478     20049920      5012480
      313280           64         205.412     40099840     10024960
      313280          128         411.241     80199680     20049920
      344576            1           5.410       689152       172288
      344576            2           7.814      1378304       344576
      344576            4          14.841      2756608       689152
      344576            8          28.967      5513216      1378304
      344576           16          56.813     11026432      2756608
      344576           32         112.943     22052864      5513216
      344576           64         226.056     44105728     11026432
      344576          128         452.230     88211456     22052864
      379008            1           6.112       758016       189504
      379008            2           8.592      1516032       379008
      379008            4          16.342      3032064       758016
      379008            8          31.877      6064128      1516032
      379008           16          63.020     12128256      3032064
      379008           32         124.646     24256512      6064128
      379008           64         248.401     48513024     12128256
      379008          128         496.956     97026048     24256512
      416896            1           6.026       833792       208448
      416896            2           9.279      1667584       416896
      416896            4          17.815      3335168       833792
      416896            8          34.877      6670336      1667584
      416896           16          68.779     13340672      3335168
      416896           32         136.939     26681344      6670336
      416896           64         273.252     53362688     13340672
      416896          128         548.723    106725376     26681344
      458560            1           6.855       917120       229280
      458560            2          10.135      1834240       458560
      458560            4          19.495      3668480       917120
      458560            8          38.142      7336960      1834240
      458560           16          75.773     14673920      3668480
      458560           32         150.365     29347840      7336960
      458560           64         300.544     58695680     14673920
      458560          128         600.900    117391360     29347840
      504384            1           7.882      1008768       252192
      504384            2          11.072      2017536       504384
      504384            4          21.359      4035072      1008768
      504384            8          41.938      8070144      2017536
      504384           16          83.165     16140288      4035072
      504384           32         165.090     32280576      8070144
      504384           64         330.224     64561152     16140288
      554816            1           8.483      1109632       277408
      554816            2          12.139      2219264       554816
      554816            4          23.428      4438528      1109632
      554816            8          46.067      8877056      2219264
      554816           16          91.101     17754112      4438528
      554816           32         181.682     35508224      8877056
      554816           64         363.358     71016448     17754112
      610240            1          10.049      1220480       305120
      610240            2          13.224      2440960       610240
      610240            4          25.664      4881920      1220480
      610240            8          50.220      9763840      2440960
      610240           16         100.067     19527680      4881920
      610240           32         199.701     39055360      9763840
      610240           64         399.646     78110720     19527680
      671232            1          11.016      1342464       335616
      671232            2          14.498      2684928       671232
      671232            4          27.951      5369856      1342464
      671232            8          55.484     10739712      2684928
      671232           16         110.104     21479424      5369856
      671232           32         222.642     42958848     10739712
      671232           64         438.888     85917696     21479424
      738304            1          12.187      1476608       369152
      738304            2          15.861      2953216       738304
      738304            4          30.886      5906432      1476608
      738304            8          61.104     11812864      2953216
      738304           16         121.207     23625728      5906432
      738304           32         241.345     47251456     11812864
      738304           64         482.572     94502912     23625728
      812096            1          12.218      1624192       406048
      812096            2          17.354      3248384       812096
      812096            4          33.982      6496768      1624192
      812096            8          67.118     12993536      3248384
      812096           16         133.460     25987072      6496768
      812096           32         266.883     51974144     12993536
      812096           64         532.009    103948288     25987072
      893248            1          14.594      1786496       446624
      893248            2          19.034      3572992       893248
      893248            4          37.513      7145984      1786496
      893248            8          73.833     14291968      3572992
      893248           16         146.798     28583936      7145984
      893248           32         292.777     57167872     14291968
      893248           64         584.685    114335744     28583936
      982528            1          15.703      1965056       491264
      982528            2          20.862      3930112       982528
      982528            4          40.973      7860224      1965056
      982528            8          80.978     15720448      3930112
      982528           16         164.140     31440896      7860224
      982528           32         320.787     62881792     15720448
     1080768            1          17.350      2161536       540384
     1080768            2          22.802      4323072      1080768
     1080768            4          44.842      8646144      2161536
     1080768            8          88.866     17292288      4323072
     1080768           16         176.843     34584576      8646144
     1080768           32         352.956     69169152     17292288
     1188800            1          19.722      2377600       594400
     1188800            2          25.143      4755200      1188800
     1188800            4          48.784      9510400      2377600
     1188800            8          97.597     19020800      4755200
     1188800           16         194.140     38041600      9510400
     1188800           32         388.199     76083200     19020800
     1307648            1          20.782      2615296       653824
     1307648            2          27.456      5230592      1307648
     1307648            4          54.141     10461184      2615296
     1307648            8         107.413     20922368      5230592
     1307648           16         213.843     41844736     10461184
     1307648           32         427.925     83689472     20922368
     1438400            1          22.735      2876800       719200
     1438400            2          30.187      5753600      1438400
     1438400            4          59.201     11507200      2876800
     1438400            8         118.164     23014400      5753600
     1438400           16         236.532     46028800     11507200
     1438400           32         473.446     92057600     23014400
     1582208            1          25.442      3164416       791104
     1582208            2          32.861      6328832      1582208
     1582208            4          65.483     12657664      3164416
     1582208            8         134.273     25315328      6328832
     1582208           16         261.757     50630656     12657664
     1582208           32         523.598    101261312     25315328
     1740416            1          28.986      3480832       870208
     1740416            2          36.915      6961664      1740416
     1740416            4          72.714     13923328      3480832
     1740416            8         145.606     27846656      6961664
     1740416           16         291.312     55693312     13923328
     1740416           32         582.627    111386624     27846656
     1914432            1          30.302      3828864       957216
     1914432            2          41.172      7657728      1914432
     1914432            4          81.001     15315456      3828864
     1914432            8         160.709     30630912      7657728
     1914432           16         320.833     61261824     15315456
     1914432           32         642.236    122523648     30630912
     2105856            1          33.005      4211712      1052928
     2105856            2          45.810      8423424      2105856
     2105856            4          89.951     16846848      4211712
     2105856            8         180.032     33693696      8423424
     2105856           16         356.293     67387392     16846848
     2316416            1          40.833      4632832      1158208
     2316416            2          51.116      9265664      2316416
     2316416            4         100.095     18531328      4632832
     2316416            8         200.741     37062656      9265664
     2316416           16         400.823     74125312     18531328
     2548032            1          40.921      5096064      1274016
     2548032            2          56.432     10192128      2548032
     2548032            4         111.770     20384256      5096064
     2548032            8         223.778     40768512     10192128
     2548032           16         448.387     81537024     20384256
     2802816            1          45.507      5605632      1401408
     2802816            2          63.286     11211264      2802816
     2802816            4         124.261     22422528      5605632
     2802816            8         249.252     44845056     11211264
     2802816           16         497.601     89690112     22422528
     3083072            1          50.921      6166144      1541536
     3083072            2          69.626     12332288      3083072
     3083072            4         137.641     24664576      6166144
     3083072            8         275.813     49329152     12332288
     3083072           16         550.886     98658304     24664576
     3391360            1          56.343      6782720      1695680
     3391360            2          77.221     13565440      3391360
     3391360            4         157.367     27130880      6782720
     3391360            8         304.881     54261760     13565440
     3391360           16         608.979    108523520     27130880
     3730496            1          61.841      7460992      1865248
     3730496            2          84.954     14921984      3730496
     3730496            4         169.178     29843968      7460992
     3730496            8         336.398     59687936     14921984
     3730496           16         670.568    119375872     29843968
     4103488            1          68.849      8206976      2051744
     4103488            2          93.448     16413952      4103488
     4103488            4         185.347     32827904      8206976
     4103488            8         369.270     65655808     16413952
     4513792            1          75.213      9027584      2256896
     4513792            2         103.119     18055168      4513792
     4513792            4         203.682     36110336      9027584
     4513792            8         406.497     72220672     18055168
     4965120            1          82.408      9930240      2482560
     4965120            2         122.934     19860480      4965120
     4965120            4         230.784     39720960      9930240
     4965120            8         469.601     79441920     19860480
     5461632            1          91.793     10923264      2730816
     5461632            2         123.734     21846528      5461632
     5461632            4         246.125     43693056     10923264
     5461632            8         490.957     87386112     21846528
     6007744            1         102.119     12015488      3003872
     6007744            2         136.582     24030976      6007744
     6007744            4         270.695     48061952     12015488
     6007744            8         540.457     96123904     24030976
     6608512            1         110.424     13217024      3304256
     6608512            2         149.959     26434048      6608512
     6608512            4         297.579     52868096     13217024
     6608512            8         593.521    105736192     26434048
     7269312            1         127.141     14538624      3634656
     7269312            2         164.229     29077248      7269312
     7269312            4         327.748     58154496     14538624
     7269312            8         652.729    116308992     29077248
     7996224            1         134.347     15992448      3998112
     7996224            2         180.682     31984896      7996224
     7996224            4         359.727     63969792     15992448
     8795840            1         146.710     17591680      4397920
     8795840            2         198.530     35183360      8795840
     8795840            4         395.774     70366720     17591680
     9675392            1         163.103     19350784      4837696
     9675392            2         228.296     38701568      9675392
     9675392            4         435.532     77403136     19350784
    10642880            1         179.898     21285760      5321440
    10642880            2         240.403     42571520     10642880
    10642880            4         484.023     85143040     21285760
    11707136            1         197.291     23414272      5853568
    11707136            2         265.153     46828544     11707136
    11707136            4         527.236     93657088     23414272
    12877824            1         216.413     25755648      6438912
    12877824            2         293.694     51511296     12877824
    12877824            4         584.483    103022592     25755648
    14165568            1         240.829     28331136      7082784
    14165568            2         325.268     56662272     14165568
    14165568            4         650.278    113324544     28331136
    15582080            1         268.029     31164160      7791040
    15582080            2         371.662     62328320     15582080
    15582080            4         725.260    124656640     31164160
    17140288            1         297.121     34280576      8570144
    17140288            2         440.793     68561152     17140288
    18854272            1         347.806     37708544      9427136
    18854272            2         622.950     75417088     18854272
    20739648            1         459.867     41479296     10369824
    20739648            2        1068.818     82958592     20739648
    22813568            1         694.662     45627136     11406784
    22813568            2        1771.413     91254272     22813568
    25094912            1        1083.689     50189824     12547456
    25094912            2        2549.119    100379648     25094912
    27604352            1        1454.966     55208704     13802176
    27604352            2        3426.557    110417408     27604352
    30364736            1        1927.608     60729472     15182368
    30364736            2        4253.279    121458944     30364736
    33401152            1        2352.318     66802304     16700576
    36741248            1        2791.042     73482496     18370624
    40415360            1        3178.599     80830720     20207680
    44456896            1        3552.963     88913792     22228448
    48902528            1        3913.940     97805056     24451264
    53792768            1        4291.781    107585536     26896384
    59172032            1        4740.548    118344064     29586016

META_DATA
MPI_PROCS      1
OPENMP_THREADS 8
FLOPS          4
ERT_VERSION  1.0.0
TIMESTAMP_DATA  1594866803.89
HOSTNAME  ('apollo-PowerEdge-R430', [], ['127.0.1.1'])
UNAME  ('Linux', 'apollo-PowerEdge-R430', '4.19.129-0419129-generic', '#202006220433 SMP Mon Jun 22 09:12:54 UTC 2020', 'x86_64', 'x86_64')
CONFIG  {'ERT_WORKING_SET_MIN': ['1'], 'ERT_CFLAGS': ['-O3'], 'ERT_CC': ['gcc'], 'ERT_MPI_CFLAGS': [], 'ERT_MPI_LDFLAGS': [], 'ERT_MEMORY_MAX': ['62497788'], 'ERT_PROCS_THREADS': ['8'], 'ERT_LDFLAGS': [], 'ERT_LDLIBS': [], 'ERT_SPEC_GBYTES_DRAM': ['1.0'], 'ERT_RUN': ['export', 'KMP_AFFINITY=scatter;', 'export', 'OMP_NUM_THREADS=ERT_OPENMP_THREADS;', 'ERT_CODE'], 'ERT_FLOPS': ['1,2,4,8,16'], 'ERT_OPENMP_CFLAGS': ['-fopenmp'], 'ERT_SPEC_GFLOPS': ['1.0'], 'ERT_MPI': ['False'], 'ERT_TRIALS_MIN': ['1'], 'ERT_DRIVER': ['driver1'], 'ERT_RESULTS': ['Results.x86'], 'ERT_OPENMP': ['True'], 'ERT_MPI_PROCS': ['1'], 'ERT_KERNEL': ['kernel1'], 'ERT_OPENMP_THREADS': ['1-32'], 'ERT_LD': ['gcc'], 'ERT_NUM_EXPERIMENTS': ['6'], 'ERT_OPENMP_LDFLAGS': ['-fopenmp'], 'ERT_ALIGN': ['32'], 'ERT_GNUPLOT': ['gnuplot']}
