          64            1           1.893          128           32
          64            2           0.776          256           64
          64            4           0.750          512          128
          64            8           0.926         1024          256
          64           16           0.817         2048          512
          64           32           0.921         4096         1024
          64           64           1.167         8192         2048
          64          128           1.709        16384         4096
          64          256           2.678        32768         8192
          64          512           4.765        65536        16384
          64         1024           8.688       131072        32768
          64         2048          16.772       262144        65536
          64         4096          32.761       524288       131072
          64         8192          76.515      1048576       262144
          64        16384         129.043      2097152       524288
          64        32768         257.414      4194304      1048576
          64        65536         514.160      8388608      2097152
          64       131072        1027.805     16777216      4194304
          64       262144        2065.441     33554432      8388608
          64       524288        4119.587     67108864     16777216
         128            1           0.753          256           64
         128            2           0.851          512          128
         128            4           0.761         1024          256
         128            8           0.854         2048          512
         128           16           0.828         4096         1024
         128           32           0.958         8192         2048
         128           64           1.195        16384         4096
         128          128           1.702        32768         8192
         128          256           2.710        65536        16384
         128          512           4.705       131072        32768
         128         1024           8.716       262144        65536
         128         2048          16.741       524288       131072
         128         4096          32.789      1048576       262144
         128         8192          64.884      2097152       524288
         128        16384         129.071      4194304      1048576
         128        32768         257.532      8388608      2097152
         128        65536         514.182     16777216      4194304
         128       131072        1027.731     33554432      8388608
         128       262144        2064.013     67108864     16777216
         192            1           0.934          384           96
         192            2           0.843          768          192
         192            4           0.771         1536          384
         192            8           0.782         3072          768
         192           16           0.813         6144         1536
         192           32           1.054        12288         3072
         192           64           1.186        24576         6144
         192          128           1.858        49152        12288
         192          256           2.690        98304        24576
         192          512           4.713       196608        49152
         192         1024           8.729       393216        98304
         192         2048          16.747       786432       196608
         192         4096          32.789      1572864       393216
         192         8192          64.888      3145728       786432
         192        16384         129.075      6291456      1572864
         192        32768         257.456     12582912      3145728
         192        65536         514.193     25165824      6291456
         192       131072        1027.680     50331648     12582912
         192       262144        2060.353    100663296     25165824
         256            1           0.824          512          128
         256            2           0.766         1024          256
         256            4           0.927         2048          512
         256            8           0.776         4096         1024
         256           16           0.826         8192         2048
         256           32           0.946        16384         4096
         256           64           1.188        32768         8192
         256          128           1.693        65536        16384
         256          256           2.697       131072        32768
         256          512           4.694       262144        65536
         256         1024           8.718       524288       131072
         256         2048          16.822      1048576       262144
         256         4096          32.785      2097152       524288
         256         8192          64.877      4194304      1048576
         256        16384         129.061      8388608      2097152
         256        32768         257.428     16777216      4194304
         256        65536         514.181     33554432      8388608
         256       131072        1027.669     67108864     16777216
         320            1           0.750          640          160
         320            2           0.765         1280          320
         320            4           0.846         2560          640
         320            8           0.782         5120         1280
         320           16           0.921        10240         2560
         320           32           0.956        20480         5120
         320           64           1.209        40960        10240
         320          128           1.806        81920        20480
         320          256           2.915       163840        40960
         320          512           4.725       327680        81920
         320         1024           8.740       655360       163840
         320         2048          16.754      1310720       327680
         320         4096          32.804      2621440       655360
         320         8192          64.897      5242880      1310720
         320        16384         129.125     10485760      2621440
         320        32768         257.458     20971520      5242880
         320        65536         514.383     41943040     10485760
         320       131072        1035.231     83886080     20971520
         384            1           0.750          768          192
         384            2           0.768         1536          384
         384            4           0.987         3072          768
         384            8           0.785         6144         1536
         384           16           0.944        12288         3072
         384           32           0.966        24576         6144
         384           64           1.220        49152        12288
         384          128           1.719        98304        24576
         384          256           2.705       196608        49152
         384          512           4.721       393216        98304
         384         1024           8.733       786432       196608
         384         2048          16.754      1572864       393216
         384         4096          32.803      3145728       786432
         384         8192          64.900      6291456      1572864
         384        16384         129.084     12582912      3145728
         384        32768         257.457     25165824      6291456
         384        65536         514.196     50331648     12582912
         384       131072        1027.685    100663296     25165824
         448            1           0.743          896          224
         448            2           0.759         1792          448
         448            4           0.769         3584          896
         448            8           0.795         7168         1792
         448           16           0.852        14336         3584
         448           32           0.970        28672         7168
         448           64           1.220        57344        14336
         448          128           1.723       114688        28672
         448          256           2.771       229376        57344
         448          512           4.824       458752       114688
         448         1024           8.818       917504       229376
         448         2048          16.878      1835008       458752
         448         4096          33.272      3670016       917504
         448         8192          65.087      7340032      1835008
         448        16384         130.452     14680064      3670016
         448        32768         258.067     29360128      7340032
         448        65536         521.957     58720256     14680064
         448       131072        1046.326    117440512     29360128
         512            1           0.759         1024          256
         512            2           0.793         2048          512
         512            4           0.785         4096         1024
         512            8           0.820         8192         2048
         512           16           0.857        16384         4096
         512           32           0.983        32768         8192
         512           64           1.220        65536        16384
         512          128           1.733       131072        32768
         512          256           2.734       262144        65536
         512          512           4.748       524288       131072
         512         1024           8.940      1048576       262144
         512         2048          16.835      2097152       524288
         512         4096          32.971      4194304      1048576
         512         8192          66.725      8388608      2097152
         512        16384         129.852     16777216      4194304
         512        32768         258.442     33554432      8388608
         512        65536         516.142     67108864     16777216
         576            1           0.736         1152          288
         576            2           0.853         2304          576
         576            4           0.768         4608         1152
         576            8           0.871         9216         2304
         576           16           1.011        18432         4608
         576           32           1.117        36864         9216
         576           64           1.443        73728        18432
         576          128           1.825       147456        36864
         576          256           2.844       294912        73728
         576          512           4.973       589824       147456
         576         1024           9.201      1179648       294912
         576         2048          17.781      2359296       589824
         576         4096          35.003      4718592      1179648
         576         8192          68.679      9437184      2359296
         576        16384         136.541     18874368      4718592
         576        32768         272.236     37748736      9437184
         576        65536         543.552     75497472     18874368
         640            1           0.752         1280          320
         640            2           0.772         2560          640
         640            4           0.780         5120         1280
         640            8           0.825        10240         2560
         640           16           0.868        20480         5120
         640           32           0.997        40960        10240
         640           64           1.265        81920        20480
         640          128           1.789       163840        40960
         640          256           2.844       327680        81920
         640          512           4.967       655360       163840
         640         1024           9.211      1310720       327680
         640         2048          17.773      2621440       655360
         640         4096          34.780      5242880      1310720
         640         8192          68.644     10485760      2621440
         640        16384         136.399     20971520      5242880
         640        32768         271.907     41943040     10485760
         640        65536         545.982     83886080     20971520
         704            1           0.751         1408          352
         704            2           0.761         2816          704
         704            4           0.785         5632         1408
         704            8           0.820        11264         2816
         704           16           0.885        22528         5632
         704           32           1.141        45056        11264
         704           64           1.344        90112        22528
         704          128           2.064       180224        45056
         704          256           3.194       360448        90112
         704          512           5.646       720896       180224
         704         1024          10.712      1441792       360448
         704         2048          20.486      2883584       720896
         704         4096          40.195      5767168      1441792
         704         8192          79.428     11534336      2883584
         704        16384         157.949     23068672      5767168
         704        32768         315.042     46137344     11534336
         704        65536         629.313     92274688     23068672
         768            1           0.754         1536          384
         768            2           0.758         3072          768
         768            4           0.776         6144         1536
         768            8           0.922        12288         3072
         768           16           0.896        24576         6144
         768           32           1.054        49152        12288
         768           64           1.341        98304        24576
         768          128           2.133       196608        49152
         768          256           3.308       393216        98304
         768          512           5.684       786432       196608
         768         1024          10.642      1572864       393216
         768         2048          20.466      3145728       786432
         768         4096          40.078      6291456      1572864
         768         8192          79.292     12582912      3145728
         768        16384         157.738     25165824      6291456
         768        32768         314.649     50331648     12582912
         768        65536         628.443    100663296     25165824
         832            1           0.733         1664          416
         832            2           0.775         3328          832
         832            4           0.792         6656         1664
         832            8           0.808        13312         3328
         832           16           0.897        26624         6656
         832           32           1.071        53248        13312
         832           64           1.562       106496        26624
         832          128           2.268       212992        53248
         832          256           3.537       425984       106496
         832          512           6.528       851968       212992
         832         1024          11.870      1703936       425984
         832         2048          23.121      3407872       851968
         832         4096          45.456      6815744      1703936
         832         8192          90.064     13631488      3407872
         832        16384         179.178     27262976      6815744
         832        32768         357.700     54525952     13631488
         832        65536         719.413    109051904     27262976
         896            1           0.917         1792          448
         896            2           0.768         3584          896
         896            4           0.797         7168         1792
         896            8           0.838        14336         3584
         896           16           0.898        28672         7168
         896           32           1.068        57344        14336
         896           64           1.420       114688        28672
         896          128           2.119       229376        57344
         896          256           3.513       458752       114688
         896          512           6.406       917504       229376
         896         1024          11.978      1835008       458752
         896         2048          23.154      3670016       917504
         896         4096          45.406      7340032      1835008
         896         8192          90.133     14680064      3670016
         896        16384         179.282     29360128      7340032
         896        32768         357.520     58720256     14680064
         896        65536         714.023    117440512     29360128
         960            1           0.755         1920          480
         960            2           0.775         3840          960
         960            4           0.802         7680         1920
         960            8           1.031        15360         3840
         960           16           1.086        30720         7680
         960           32           1.233        61440        15360
         960           64           1.521       122880        30720
         960          128           2.310       245760        61440
         960          256           3.828       491520       122880
         960          512           6.971       983040       245760
         960         1024          13.188      1966080       491520
         960         2048          25.822      3932160       983040
         960         4096          51.008      7864320      1966080
         960         8192         100.660     15728640      3932160
         960        16384         200.598     31457280      7864320
         960        32768         399.861     62914560     15728640
        1024            1           0.743         2048          512
        1024            2           0.877         4096         1024
        1024            4           0.978         8192         2048
        1024            8           0.820        16384         4096
        1024           16           0.923        32768         8192
        1024           32           1.191        65536        16384
        1024           64           1.554       131072        32768
        1024          128           2.278       262144        65536
        1024          256           3.882       524288       131072
        1024          512           6.980      1048576       262144
        1024         1024          13.400      2097152       524288
        1024         2048          25.816      4194304      1048576
        1024         4096          50.747      8388608      2097152
        1024         8192         100.675     16777216      4194304
        1024        16384         200.591     33554432      8388608
        1024        32768         400.212     67108864     16777216
        1088            1           0.743         2176          544
        1088            2           0.763         4352         1088
        1088            4           0.812         8704         2176
        1088            8           0.845        17408         4352
        1088           16           0.943        34816         8704
        1088           32           1.163        69632        17408
        1088           64           1.584       139264        34816
        1088          128           2.447       278528        69632
        1088          256           4.230       557056       139264
        1088          512           7.644      1114112       278528
        1088         1024          14.556      2228224       557056
        1088         2048          28.489      4456448      1114112
        1088         4096          56.110      8912896      2228224
        1088         8192         111.399     17825792      4456448
        1088        16384         221.941     35651584      8912896
        1088        32768         448.499     71303168     17825792
        1152            1           0.763         2304          576
        1152            2           0.767         4608         1152
        1152            4           0.800         9216         2304
        1152            8           0.830        18432         4608
        1152           16           0.954        36864         9216
        1152           32           1.163        73728        18432
        1152           64           1.587       147456        36864
        1152          128           2.450       294912        73728
        1152          256           4.182       589824       147456
        1152          512           7.730      1179648       294912
        1152         1024          14.634      2359296       589824
        1152         2048          28.459      4718592      1179648
        1152         4096          56.111      9437184      2359296
        1152         8192         111.389     18874368      4718592
        1152        16384         221.957     37748736      9437184
        1152        32768         442.996     75497472     18874368
        1216            1           0.754         2432          608
        1216            2           0.882         4864         1216
        1216            4           0.821         9728         2432
        1216            8           0.849        19456         4864
        1216           16           0.961        38912         9728
        1216           32           1.180        77824        19456
        1216           64           1.829       155648        38912
        1216          128           2.623       311296        77824
        1216          256           4.667       622592       155648
        1216          512           8.395      1245184       311296
        1216         1024          15.862      2490368       622592
        1216         2048          31.124      4980736      1245184
        1216         4096          61.597      9961472      2490368
        1216         8192         122.212     19922944      4980736
        1216        16384         243.350     39845888      9961472
        1216        32768         485.435     79691776     19922944
        1280            1           0.752         2560          640
        1280            2           0.772         5120         1280
        1280            4           0.768        10240         2560
        1280            8           0.839        20480         5120
        1280           16           0.952        40960        10240
        1280           32           1.199        81920        20480
        1280           64           1.644       163840        40960
        1280          128           2.614       327680        81920
        1280          256           4.505       655360       163840
        1280          512           8.326      1310720       327680
        1280         1024          16.010      2621440       655360
        1280         2048          31.232      5242880      1310720
        1280         4096          61.424     10485760      2621440
        1280         8192         122.057     20971520      5242880
        1280        16384         243.333     41943040     10485760
        1280        32768         485.815     83886080     20971520
        1408            1           0.739         2816          704
        1408            2           0.757         5632         1408
        1408            4           0.821        11264         2816
        1408            8           0.848        22528         5632
        1408           16           0.972        45056        11264
        1408           32           1.196        90112        22528
        1408           64           1.709       180224        45056
        1408          128           2.777       360448        90112
        1408          256           4.852       720896       180224
        1408          512           8.971      1441792       360448
        1408         1024          17.276      2883584       720896
        1408         2048          33.821      5767168      1441792
        1408         4096          66.762     11534336      2883584
        1408         8192         132.732     23068672      5767168
        1408        16384         264.688     46137344     11534336
        1408        32768         533.412     92274688     23068672
        1536            1           0.943         3072          768
        1536            2           0.793         6144         1536
        1536            4           0.905        12288         3072
        1536            8           0.861        24576         6144
        1536           16           1.114        49152        12288
        1536           32           1.260        98304        24576
        1536           64           1.815       196608        49152
        1536          128           2.949       393216        98304
        1536          256           5.180       786432       196608
        1536          512           9.650      1572864       393216
        1536         1024          18.675      3145728       786432
        1536         2048          36.508      6291456      1572864
        1536         4096          72.136     12582912      3145728
        1536         8192         143.446     25165824      6291456
        1536        16384         286.093     50331648     12582912
        1536        32768         571.473    100663296     25165824
        1664            1           0.864         3328          832
        1664            2           0.870         6656         1664
        1664            4           0.825        13312         3328
        1664            8           0.964        26624         6656
        1664           16           1.029        53248        13312
        1664           32           1.495       106496        26624
        1664           64           1.925       212992        53248
        1664          128           3.275       425984       106496
        1664          256           5.527       851968       212992
        1664          512          10.396      1703936       425984
        1664         1024          20.008      3407872       851968
        1664         2048          39.282      6815744      1703936
        1664         4096          77.595     13631488      3407872
        1664         8192         154.337     27262976      6815744
        1664        16384         307.470     54525952     13631488
        1664        32768         614.224    109051904     27262976
        1792            1           0.765         3584          896
        1792            2           0.805         7168         1792
        1792            4           0.836        14336         3584
        1792            8           0.983        28672         7168
        1792           16           1.184        57344        14336
        1792           32           1.445       114688        28672
        1792           64           2.008       229376        57344
        1792          128           3.420       458752       114688
        1792          256           6.006       917504       229376
        1792          512          10.985      1835008       458752
        1792         1024          21.361      3670016       917504
        1792         2048          41.806      7340032      1835008
        1792         4096          82.889     14680064      3670016
        1792         8192         164.837     29360128      7340032
        1792        16384         328.871     58720256     14680064
        1792        32768         661.114    117440512     29360128
        1920            1           0.767         3840          960
        1920            2           0.795         7680         1920
        1920            4           0.828        15360         3840
        1920            8           0.912        30720         7680
        1920           16           1.063        61440        15360
        1920           32           1.401       122880        30720
        1920           64           2.051       245760        61440
        1920          128           3.450       491520       122880
        1920          256           6.183       983040       245760
        1920          512          11.648      1966080       491520
        1920         1024          22.634      3932160       983040
        1920         2048          44.499      7864320      1966080
        1920         4096          88.159     15728640      3932160
        1920         8192         175.559     31457280      7864320
        1920        16384         350.280     62914560     15728640
        2112            1           0.788         4224         1056
        2112            2           0.806         8448         2112
        2112            4           1.014        16896         4224
        2112            8           0.909        33792         8448
        2112           16           1.070        67584        16896
        2112           32           1.453       135168        33792
        2112           64           2.256       270336        67584
        2112          128           3.911       540672       135168
        2112          256           6.905      1081344       270336
        2112          512          13.181      2162688       540672
        2112         1024          25.308      4325376      1081344
        2112         2048          50.041      8650752      2162688
        2112         4096          98.856     17301504      4325376
        2112         8192         196.924     34603008      8650752
        2112        16384         392.711     69206016     17301504
        2304            1           0.759         4608         1152
        2304            2           1.003         9216         2304
        2304            4           0.869        18432         4608
        2304            8           1.110        36864         9216
        2304           16           1.106        73728        18432
        2304           32           1.539       147456        36864
        2304           64           2.400       294912        73728
        2304          128           4.061       589824       147456
        2304          256           7.284      1179648       294912
        2304          512          13.777      2359296       589824
        2304         1024          26.652      4718592      1179648
        2304         2048          52.494      9437184      2359296
        2304         4096         104.191     18874368      4718592
        2304         8192         207.682     37748736      9437184
        2304        16384         414.440     75497472     18874368
        2496            1           0.915         4992         1248
        2496            2           0.980         9984         2496
        2496            4           0.882        19968         4992
        2496            8           0.951        39936         9984
        2496           16           1.274        79872        19968
        2496           32           1.630       159744        39936
        2496           64           2.615       319488        79872
        2496          128           4.151       638976       159744
        2496          256           8.560      1277952       319488
        2496          512          17.250      2555904       638976
        2496         1024          34.727      5111808      1277952
        2496         2048          69.662     10223616      2555904
        2496         4096         139.661     20447232      5111808
        2496         8192         279.614     40894464     10223616
        2496        16384         559.134     81788928     20447232
        2688            1           0.774         5376         1344
        2688            2           0.831        10752         2688
        2688            4           0.894        21504         5376
        2688            8           0.944        43008        10752
        2688           16           1.151        86016        21504
        2688           32           1.610       172032        43008
        2688           64           2.583       344064        86016
        2688          128           4.454       688128       172032
        2688          256           8.160      1376256       344064
        2688          512          15.680      2752512       688128
        2688         1024          30.650      5505024      1376256
        2688         2048          60.515     11010048      2752512
        2688         4096         125.270     22020096      5505024
        2688         8192         239.837     44040192     11010048
        2688        16384         478.756     88080384     22020096
        2944            1           0.907         5888         1472
        2944            2           0.815        11776         2944
        2944            4           0.890        23552         5888
        2944            8           0.999        47104        11776
        2944           16           1.164        94208        23552
        2944           32           1.681       188416        47104
        2944           64           2.756       376832        94208
        2944          128           4.734       753664       188416
        2944          256           8.792      1507328       376832
        2944          512          16.997      3014656       753664
        2944         1024          33.333      6029312      1507328
        2944         2048          65.850     12058624      3014656
        2944         4096         131.025     24117248      6029312
        2944         8192         261.088     48234496     12058624
        2944        16384         521.383     96468992     24117248
        3200            1           0.775         6400         1600
        3200            2           0.804        12800         3200
        3200            4           0.921        25600         6400
        3200            8           1.074        51200        12800
        3200           16           1.388       102400        25600
        3200           32           1.835       204800        51200
        3200           64           2.925       409600       102400
        3200          128           5.118       819200       204800
        3200          256           9.543      1638400       409600
        3200          512          18.487      3276800       819200
        3200         1024          35.975      6553600      1638400
        3200         2048          71.189     13107200      3276800
        3200         4096         141.211     26214400      6553600
        3200         8192         282.638     52428800     13107200
        3200        16384         564.171    104857600     26214400
        3520            1           0.791         7040         1760
        3520            2           0.860        14080         3520
        3520            4           0.955        28160         7040
        3520            8           0.997        56320        14080
        3520           16           1.279       112640        28160
        3520           32           1.868       225280        56320
        3520           64           3.173       450560       112640
        3520          128           5.626       901120       225280
        3520          256          10.459      1802240       450560
        3520          512          20.373      3604480       901120
        3520         1024          39.981      7208960      1802240
        3520         2048          79.204     14417920      3604480
        3520         4096         157.648     28835840      7208960
        3520         8192         314.598     57671680     14417920
        3520        16384         635.403    115343360     28835840
        3840            1           0.787         7680         1920
        3840            2           0.955        15360         3840
        3840            4           0.923        30720         7680
        3840            8           1.087        61440        15360
        3840           16           1.291       122880        30720
        3840           32           1.947       245760        61440
        3840           64           3.336       491520       122880
        3840          128           5.875       983040       245760
        3840          256          11.230      1966080       491520
        3840          512          21.671      3932160       983040
        3840         1024          42.690      7864320      1966080
        3840         2048          84.618     15728640      3932160
        3840         4096         168.433     31457280      7864320
        3840         8192         335.906     62914560     15728640
        4224            1           0.798         8448         2112
        4224            2           0.831        16896         4224
        4224            4           0.931        33792         8448
        4224            8           1.129        67584        16896
        4224           16           1.576       135168        33792
        4224           32           2.304       270336        67584
        4224           64           4.000       540672       135168
        4224          128           7.243      1081344       270336
        4224          256          13.873      2162688       540672
        4224          512          27.091      4325376      1081344
        4224         1024          53.411      8650752      2162688
        4224         2048         105.967     17301504      4325376
        4224         4096         211.156     34603008      8650752
        4224         8192         421.566     69206016     17301504
        4608            1           0.776         9216         2304
        4608            2           0.841        18432         4608
        4608            4           0.939        36864         9216
        4608            8           1.143        73728        18432
        4608           16           1.563       147456        36864
        4608           32           2.437       294912        73728
        4608           64           4.245       589824       147456
        4608          128           7.695      1179648       294912
        4608          256          13.234      2359296       589824
        4608          512          25.687      4718592      1179648
        4608         1024          50.729      9437184      2359296
        4608         2048         100.572     18874368      4718592
        4608         4096         200.478     37748736      9437184
        4608         8192         400.111     75497472     18874368
        5056            1           0.886        10112         2528
        5056            2           0.851        20224         5056
        5056            4           0.981        40448        10112
        5056            8           1.247        80896        20224
        5056           16           1.674       161792        40448
        5056           32           2.629       323584        80896
        5056           64           4.520       647168       161792
        5056          128           8.257      1294336       323584
        5056          256          15.919      2588672       647168
        5056          512          31.087      5177344      1294336
        5056         1024          61.395     10354688      2588672
        5056         2048         122.016     20709376      5177344
        5056         4096         243.274     41418752     10354688
        5056         8192         485.802     82837504     20709376
        5504            1           0.844        11008         2752
        5504            2           0.862        22016         5504
        5504            4           0.990        44032        11008
        5504            8           1.203        88064        22016
        5504           16           1.682       176128        44032
        5504           32           2.701       352256        88064
        5504           64           4.777       704512       176128
        5504          128           8.810      1409024       352256
        5504          256          16.929      2818048       704512
        5504          512          33.113      5636096      1409024
        5504         1024          65.419     11272192      2818048
        5504         2048         142.893     22544384      5636096
        5504         4096         259.369     45088768     11272192
        5504         8192         517.846     90177536     22544384
        6016            1           0.789        12032         3008
        6016            2           0.848        24064         6016
        6016            4           0.973        48128        12032
        6016            8           1.337        96256        24064
        6016           16           1.823       192512        48128
        6016           32           2.850       385024        96256
        6016           64           5.076       770048       192512
        6016          128           9.421      1540096       385024
        6016          256          18.274      3080192       770048
        6016          512          35.742      6160384      1540096
        6016         1024          70.326     12320768      3080192
        6016         2048         139.866     24641536      6160384
        6016         4096         278.928     49283072     12320768
        6016         8192         557.133     98566144     24641536
        6592            1           0.811        13184         3296
        6592            2           0.884        26368         6592
        6592            4           1.025        52736        13184
        6592            8           1.290       105472        26368
        6592           16           1.842       210944        52736
        6592           32           3.029       421888       105472
        6592           64           5.412       843776       210944
        6592          128          10.103      1687552       421888
        6592          256          19.401      3375104       843776
        6592          512          38.215      6750208      1687552
        6592         1024          75.716     13500416      3375104
        6592         2048         150.594     27000832      6750208
        6592         4096         300.438     54001664     13500416
        6592         8192         599.845    108003328     27000832
        7232            1           0.810        14464         3616
        7232            2           0.881        28928         7232
        7232            4           1.044        57856        14464
        7232            8           1.476       115712        28928
        7232           16           2.119       231424        57856
        7232           32           3.206       462848       115712
        7232           64           5.739       925696       231424
        7232          128          10.894      1851392       462848
        7232          256          21.092      3702784       925696
        7232          512          41.537      7405568      1851392
        7232         1024          81.893     14811136      3702784
        7232         2048         163.022     29622272      7405568
        7232         4096         325.326     59244544     14811136
        7232         8192         652.910    118489088     29622272
        7936            1           0.919        15872         3968
        7936            2           0.914        31744         7936
        7936            4           1.084        63488        15872
        7936            8           1.413       126976        31744
        7936           16           2.091       253952        63488
        7936           32           3.448       507904       126976
        7936           64           6.185      1015808       253952
        7936          128          11.665      2031616       507904
        7936          256          22.630      4063232      1015808
        7936          512          44.478      8126464      2031616
        7936         1024          88.160     16252928      4063232
        7936         2048         175.511     32505856      8126464
        7936         4096         350.248     65011712     16252928
        8704            1           0.821        17408         4352
        8704            2           0.899        34816         8704
        8704            4           1.080        69632        17408
        8704            8           1.438       139264        34816
        8704           16           2.154       278528        69632
        8704           32           3.635       557056       139264
        8704           64           6.579      1114112       278528
        8704          128          12.543      2228224       557056
        8704          256          24.416      4456448      1114112
        8704          512          48.061      8912896      2228224
        8704         1024          95.343     17825792      4456448
        8704         2048         189.785     35651584      8912896
        8704         4096         378.793     71303168     17825792
        9536            1           0.844        19072         4768
        9536            2           1.004        38144         9536
        9536            4           1.230        76288        19072
        9536            8           1.599       152576        38144
        9536           16           2.272       305152        76288
        9536           32           4.004       610304       152576
        9536           64           7.128      1220608       305152
        9536          128          13.547      2441216       610304
        9536          256          26.310      4882432      1220608
        9536          512          52.032      9764864      2441216
        9536         1024         103.306     19529728      4882432
        9536         2048         205.890     39059456      9764864
        9536         4096         411.009     78118912     19529728
       10432            1           0.837        20864         5216
       10432            2           0.934        41728        10432
       10432            4           1.141        83456        20864
       10432            8           1.579       166912        41728
       10432           16           2.400       333824        83456
       10432           32           4.133       667648       166912
       10432           64           7.597      1335296       333824
       10432          128          14.494      2670592       667648
       10432          256          28.312      5341184      1335296
       10432          512          56.102     10682368      2670592
       10432         1024         111.326     21364736      5341184
       10432         2048         221.863     42729472     10682368
       10432         4096         442.956     85458944     21364736
       11456            1           0.852        22912         5728
       11456            2           0.948        45824        11456
       11456            4           1.183        91648        22912
       11456            8           1.633       183296        45824
       11456           16           2.553       366592        91648
       11456           32           4.435       733184       183296
       11456           64           8.241      1466368       366592
       11456          128          15.791      2932736       733184
       11456          256          30.822      5865472      1466368
       11456          512          65.743     11730944      2932736
       11456         1024         121.177     23461888      5865472
       11456         2048         241.470     46923776     11730944
       11456         4096         482.163     93847552     23461888
       12544            1           0.868        25088         6272
       12544            2           0.977        50176        12544
       12544            4           1.231       100352        25088
       12544            8           1.720       200704        50176
       12544           16           2.719       401408       100352
       12544           32           4.740       802816       200704
       12544           64           8.813      1605632       401408
       12544          128          17.006      3211264       802816
       12544          256          33.233      6422528      1605632
       12544          512          65.859     12845056      3211264
       12544         1024         130.949     25690112      6422528
       12544         2048         261.092     51380224     12845056
       12544         4096         521.420    102760448     25690112
       13760            1           0.866        27520         6880
       13760            2           1.004        55040        13760
       13760            4           1.277       110080        27520
       13760            8           1.925       220160        55040
       13760           16           2.920       440320       110080
       13760           32           5.101       880640       220160
       13760           64           9.583      1761280       440320
       13760          128          18.404      3522560       880640
       13760          256          36.108      7045120      1761280
       13760          512          71.779     14090240      3522560
       13760         1024         142.524     28180480      7045120
       13760         2048         284.258     56360960     14090240
       13760         4096         567.762    112721920     28180480
       15104            1           0.878        30208         7552
       15104            2           1.114        60416        15104
       15104            4           1.321       120832        30208
       15104            8           1.908       241664        60416
       15104           16           3.081       483328       120832
       15104           32           5.481       966656       241664
       15104           64          10.333      1933312       483328
       15104          128          19.916      3866624       966656
       15104          256          39.131      7733248      1933312
       15104          512          77.731     15466496      3866624
       15104         1024         154.583     30932992      7733248
       15104         2048         308.450     61865984     15466496
       15104         4096         618.831    123731968     30932992
       16576            1           0.900        33152         8288
       16576            2           1.050        66304        16576
       16576            4           1.363       132608        33152
       16576            8           2.009       265216        66304
       16576           16           3.294       530432       132608
       16576           32           5.911      1060864       265216
       16576           64          11.152      2121728       530432
       16576          128          21.634      4243456      1060864
       16576          256          42.577      8486912      2121728
       16576          512          84.573     16973824      4243456
       16576         1024         168.397     33947648      8486912
       16576         2048         335.977     67895296     16973824
       18176            1           0.909        36352         9088
       18176            2           1.084        72704        18176
       18176            4           1.438       145408        36352
       18176            8           2.124       290816        72704
       18176           16           3.621       581632       145408
       18176           32           6.379      1163264       290816
       18176           64          12.241      2326528       581632
       18176          128          23.552      4653056      1163264
       18176          256          46.373      9306112      2326528
       18176          512          92.079     18612224      4653056
       18176         1024         183.092     37224448      9306112
       18176         2048         365.408     74448896     18612224
       19968            1           0.942        39936         9984
       19968            2           1.128        79872        19968
       19968            4           1.666       159744        39936
       19968            8           2.311       319488        79872
       19968           16           3.883       638976       159744
       19968           32           7.011      1277952       319488
       19968           64          13.198      2555904       638976
       19968          128          25.537      5111808      1277952
       19968          256          50.507     10223616      2555904
       19968          512         100.227     20447232      5111808
       19968         1024         199.743     40894464     10223616
       19968         2048         398.434     81788928     20447232
       21952            1           0.941        43904        10976
       21952            2           1.240        87808        21952
       21952            4           1.677       175616        43904
       21952            8           2.467       351232        87808
       21952           16           4.193       702464       175616
       21952           32           7.563      1404928       351232
       21952           64          14.418      2809856       702464
       21952          128          27.871      5619712      1404928
       21952          256          55.167     11239424      2809856
       21952          512         109.598     22478848      5619712
       21952         1024         218.353     44957696     11239424
       21952         2048         435.835     89915392     22478848
       24128            1           0.966        48256        12064
       24128            2           1.220        96512        24128
       24128            4           1.760       193024        48256
       24128            8           2.603       386048        96512
       24128           16           4.424       772096       193024
       24128           32           8.101      1544192       386048
       24128           64          15.612      3088384       772096
       24128          128          30.535      6176768      1544192
       24128          256          60.271     12353536      3088384
       24128          512         119.829     24707072      6176768
       24128         1024         242.920     49414144     12353536
       24128         2048         476.879     98828288     24707072
       26496            1           0.989        52992        13248
       26496            2           1.326       105984        26496
       26496            4           1.740       211968        52992
       26496            8           2.789       423936       105984
       26496           16           4.732       847872       211968
       26496           32           8.848      1695744       423936
       26496           64          16.904      3391488       847872
       26496          128          33.110      6782976      1695744
       26496          256          65.639     13565952      3391488
       26496          512         130.505     27131904      6782976
       26496         1024         260.215     54263808     13565952
       26496         2048         519.682    108527616     27131904
       29120            1           1.002        58240        14560
       29120            2           1.286       116480        29120
       29120            4           1.842       232960        58240
       29120            8           2.949       465920       116480
       29120           16           5.169       931840       232960
       29120           32           9.730      1863680       465920
       29120           64          18.447      3727360       931840
       29120          128          36.283      7454720      1863680
       29120          256          71.788     14909440      3727360
       29120          512         142.961     29818880      7454720
       29120         1024         285.150     59637760     14909440
       29120         2048         569.549    119275520     29818880
       32000            1           1.041        64000        16000
       32000            2           1.326       128000        32000
       32000            4           1.926       256000        64000
       32000            8           3.122       512000       128000
       32000           16           5.535      1024000       256000
       32000           32          10.383      2048000       512000
       32000           64          20.099      4096000      1024000
       32000          128          39.527      8192000      2048000
       32000          256          78.362     16384000      4096000
       32000          512         156.138     32768000      8192000
       32000         1024         311.474     65536000     16384000
       35200            1           1.175        70400        17600
       35200            2           1.399       140800        35200
       35200            4           2.047       281600        70400
       35200            8           3.368       563200       140800
       35200           16           6.069      1126400       281600
       35200           32          11.329      2252800       563200
       35200           64          21.973      4505600      1126400
       35200          128          43.311      9011200      2252800
       35200          256          85.838     18022400      4505600
       35200          512         171.074     36044800      9011200
       35200         1024         344.293     72089600     18022400
       38720            1           1.270        77440        19360
       38720            2           1.695       154880        38720
       38720            4           2.201       309760        77440
       38720            8           3.634       619520       154880
       38720           16           6.520      1239040       309760
       38720           32          12.356      2478080       619520
       38720           64          24.103      4956160      1239040
       38720          128          47.375      9912320      2478080
       38720          256          94.236     19824640      4956160
       38720          512         187.700     39649280      9912320
       38720         1024         374.302     79298560     19824640
       42560            1           1.132        85120        21280
       42560            2           1.517       170240        42560
       42560            4           2.305       340480        85120
       42560            8           3.972       680960       170240
       42560           16           7.065      1361920       340480
       42560           32          13.643      2723840       680960
       42560           64          26.302      5447680      1361920
       42560          128          51.835     10895360      2723840
       42560          256         102.976     21790720      5447680
       42560          512         205.377     43581440     10895360
       42560         1024         409.964     87162880     21790720
       46784            1           1.176        93568        23392
       46784            2           1.676       187136        46784
       46784            4           2.473       374272        93568
       46784            8           4.192       748544       187136
       46784           16           7.680      1497088       374272
       46784           32          14.689      2994176       748544
       46784           64          28.775      5988352      1497088
       46784          128          56.740     11976704      2994176
       46784          256         112.905     23953408      5988352
       46784          512         225.001     47906816     11976704
       46784         1024         449.202     95813632     23953408
       51456            1           1.223       102912        25728
       51456            2           1.869       205824        51456
       51456            4           2.658       411648       102912
       51456            8           4.652       823296       205824
       51456           16           8.361      1646592       411648
       51456           32          16.040      3293184       823296
       51456           64          31.401      6586368      1646592
       51456          128          62.097     13172736      3293184
       51456          256         123.488     26345472      6586368
       51456          512         246.391     52690944     13172736
       51456         1024         491.987    105381888     26345472
       56576            1           1.381       113152        28288
       56576            2           1.774       226304        56576
       56576            4           2.822       452608       113152
       56576            8           4.904       905216       226304
       56576           16           9.096      1810432       452608
       56576           32          17.512      3620864       905216
       56576           64          34.357      7241728      1810432
       56576          128          68.087     14483456      3620864
       56576          256         135.510     28966912      7241728
       56576          512         272.779     57933824     14483456
       56576         1024         539.731    115867648     28966912
       62208            1           1.306       124416        31104
       62208            2           1.963       248832        62208
       62208            4           3.019       497664       124416
       62208            8           5.320       995328       248832
       62208           16          10.042      1990656       497664
       62208           32          19.155      3981312       995328
       62208           64          37.615      7962624      1990656
       62208          128          74.571     15925248      3981312
       62208          256         148.451     31850496      7962624
       62208          512         296.322     63700992     15925248
       68416            1           1.616       136832        34208
       68416            2           2.132       273664        68416
       68416            4           3.364       547328       136832
       68416            8           5.793      1094656       273664
       68416           16          10.888      2189312       547328
       68416           32          20.970      4378624      1094656
       68416           64          41.361      8757248      2189312
       68416          128          81.819     17514496      4378624
       68416          256         162.969     35028992      8757248
       68416          512         325.277     70057984     17514496
       75200            1           1.625       150400        37600
       75200            2           2.131       300800        75200
       75200            4           3.497       601600       150400
       75200            8           6.359      1203200       300800
       75200           16          11.931      2406400       601600
       75200           32          22.934      4812800      1203200
       75200           64          45.264      9625600      2406400
       75200          128          89.767     19251200      4812800
       75200          256         178.752     38502400      9625600
       75200          512         356.928     77004800     19251200
       82688            1           1.527       165376        41344
       82688            2           2.246       330752        82688
       82688            4           3.765       661504       165376
       82688            8           6.802      1323008       330752
       82688           16          12.890      2646016       661504
       82688           32          25.101      5292032      1323008
       82688           64          49.545     10584064      2646016
       82688          128          98.381     21168128      5292032
       82688          256         196.043     42336256     10584064
       82688          512         391.488     84672512     21168128
       90944            1           1.612       181888        45472
       90944            2           2.404       363776        90944
       90944            4           4.072       727552       181888
       90944            8           7.407      1455104       363776
       90944           16          14.082      2910208       727552
       90944           32          27.506      5820416      1455104
       90944           64          54.336     11640832      2910208
       90944          128         108.005     23281664      5820416
       90944          256         229.795     46563328     11640832
       90944          512         430.096     93126656     23281664
      100032            1           1.793       200064        50016
      100032            2           2.594       400128       100032
      100032            4           4.454       800256       200064
      100032            8           8.102      1600512       400128
      100032           16          15.421      3201024       800256
      100032           32          30.151      6402048      1600512
      100032           64          59.603     12804096      3201024
      100032          128         118.631     25608192      6402048
      100032          256         236.491     51216384     12804096
      100032          512         472.382    102432768     25608192
      110016            1           2.021       220032        55008
      110016            2           2.758       440064       110016
      110016            4           4.763       880128       220032
      110016            8           8.802      1760256       440064
      110016           16          16.864      3520512       880128
      110016           32          33.214      7041024      1760256
      110016           64          65.404     14082048      3520512
      110016          128         130.173     28164096      7041024
      110016          256         259.550     56328192     14082048
      110016          512         518.503    112656384     28164096
      120960            1           1.591       241920        60480
      120960            2           2.964       483840       120960
      120960            4           5.191       967680       241920
      120960            8           9.618      1935360       483840
      120960           16          18.466      3870720       967680
      120960           32          36.222      7741440      1935360
      120960           64          71.763     15482880      3870720
      120960          128         142.783     30965760      7741440
      120960          256         284.870     61931520     15482880
      120960          512         569.140    123863040     30965760
      133056            1           1.812       266112        66528
      133056            2           3.179       532224       133056
      133056            4           5.713      1064448       266112
      133056            8          10.690      2128896       532224
      133056           16          20.219      4257792      1064448
      133056           32          39.729      8515584      2128896
      133056           64          78.778     17031168      4257792
      133056          128         160.801     34062336      8515584
      133056          256         313.279     68124672     17031168
      146304            1           2.136       292608        73152
      146304            2           3.590       585216       146304
      146304            4           6.088      1170432       292608
      146304            8          11.452      2340864       585216
      146304           16          22.143      4681728      1170432
      146304           32          43.573      9363456      2340864
      146304           64          86.446     18726912      4681728
      146304          128         172.257     37453824      9363456
      146304          256         343.706     74907648     18726912
      160896            1           2.376       321792        80448
      160896            2           3.683       643584       160896
      160896            4           6.611      1287168       321792
      160896            8          12.496      2574336       643584
      160896           16          24.250      5148672      1287168
      160896           32          47.816     10297344      2574336
      160896           64          94.934     20594688      5148672
      160896          128         189.239     41189376     10297344
      160896          256         377.723     82378752     20594688
      176960            1           3.028       353920        88480
      176960            2           4.001       707840       176960
      176960            4           7.244      1415680       353920
      176960            8          13.705      2831360       707840
      176960           16          26.612      5662720      1415680
      176960           32          52.499     11325440      2831360
      176960           64         104.305     22650880      5662720
      176960          128         207.879     45301760     11325440
      176960          256         415.043     90603520     22650880
      194624            1           2.560       389248        97312
      194624            2           4.336       778496       194624
      194624            4           7.882      1556992       389248
      194624            8          15.206      3113984       778496
      194624           16          29.206      6227968      1556992
      194624           32          57.651     12455936      3113984
      194624           64         114.584     24911872      6227968
      194624          128         228.415     49823744     12455936
      194624          256         456.315     99647488     24911872
      214080            1           3.486       428160       107040
      214080            2           4.761       856320       214080
      214080            4           8.689      1712640       428160
      214080            8          16.477      3425280       856320
      214080           16          32.081      6850560      1712640
      214080           32          63.358     13701120      3425280
      214080           64         125.927     27402240      6850560
      214080          128         256.988     54804480     13701120
      214080          256         501.310    109608960     27402240
      235456            1           3.554       470912       117728
      235456            2           5.192       941824       235456
      235456            4           9.494      1883648       470912
      235456            8          18.250      3767296       941824
      235456           16          35.222      7534592      1883648
      235456           32          69.605     15069184      3767296
      235456           64         138.370     30138368      7534592
      235456          128         275.920     60276736     15069184
      235456          256         551.128    120553472     30138368
      258944            1           3.371       517888       129472
      258944            2           5.698      1035776       258944
      258944            4          10.445      2071552       517888
      258944            8          19.871      4143104      1035776
      258944           16          38.739      8286208      2071552
      258944           32          76.522     16572416      4143104
      258944           64         152.101     33144832      8286208
      258944          128         303.227     66289664     16572416
      284800            1           4.245       569600       142400
      284800            2           6.459      1139200       284800
      284800            4          12.185      2278400       569600
      284800            8          23.463      4556800      1139200
      284800           16          45.999      9113600      2278400
      284800           32          92.128     18227200      4556800
      284800           64         184.456     36454400      9113600
      284800          128         368.969     72908800     18227200
      313280            1           4.521       626560       156640
      313280            2           7.221      1253120       313280
      313280            4          13.631      2506240       626560
      313280            8          26.487      5012480      1253120
      313280           16          52.282     10024960      2506240
      313280           32         103.469     20049920      5012480
      313280           64         205.630     40099840     10024960
      313280          128         411.026     80199680     20049920
      344576            1           4.853       689152       172288
      344576            2           7.813      1378304       344576
      344576            4          17.190      2756608       689152
      344576            8          28.958      5513216      1378304
      344576           16          57.248     11026432      2756608
      344576           32         113.551     22052864      5513216
      344576           64         225.976     44105728     11026432
      344576          128         452.167     88211456     22052864
      379008            1           5.512       758016       189504
      379008            2           8.542      1516032       379008
      379008            4          16.284      3032064       758016
      379008            8          31.769      6064128      1516032
      379008           16          62.870     12128256      3032064
      379008           32         124.798     24256512      6064128
      379008           64         248.752     48513024     12128256
      379008          128         497.317     97026048     24256512
      416896            1           6.047       833792       208448
      416896            2           9.286      1667584       416896
      416896            4          17.842      3335168       833792
      416896            8          34.939      6670336      1667584
      416896           16          69.068     13340672      3335168
      416896           32         137.215     26681344      6670336
      416896           64         273.195     53362688     13340672
      416896          128         546.749    106725376     26681344
      458560            1           6.918       917120       229280
      458560            2          10.152      1834240       458560
      458560            4          19.554      3668480       917120
      458560            8          37.828      7336960      1834240
      458560           16          75.817     14673920      3668480
      458560           32         150.960     29347840      7336960
      458560           64         300.552     58695680     14673920
      458560          128         604.487    117391360     29347840
      504384            1           8.431      1008768       252192
      504384            2          11.052      2017536       504384
      504384            4          21.347      4035072      1008768
      504384            8          41.876      8070144      2017536
      504384           16          83.013     16140288      4035072
      504384           32         165.193     32280576      8070144
      504384           64         330.468     64561152     16140288
      554816            1           8.342      1109632       277408
      554816            2          12.196      2219264       554816
      554816            4          23.349      4438528      1109632
      554816            8          46.208      8877056      2219264
      554816           16          90.842     17754112      4438528
      554816           32         181.421     35508224      8877056
      554816           64         363.097     71016448     17754112
      610240            1           9.169      1220480       305120
      610240            2          13.194      2440960       610240
      610240            4          25.802      4881920      1220480
      610240            8          50.185      9763840      2440960
      610240           16          99.679     19527680      4881920
      610240           32         199.390     39055360      9763840
      610240           64         399.247     78110720     19527680
      671232            1          10.628      1342464       335616
      671232            2          14.487      2684928       671232
      671232            4          28.151      5369856      1342464
      671232            8          55.487     10739712      2684928
      671232           16         110.223     21479424      5369856
      671232           32         219.476     42958848     10739712
      671232           64         439.170     85917696     21479424
      738304            1          11.549      1476608       369152
      738304            2          15.980      2953216       738304
      738304            4          30.921      5906432      1476608
      738304            8          61.018     11812864      2953216
      738304           16         121.427     23625728      5906432
      738304           32         242.052     47251456     11812864
      738304           64         492.698     94502912     23625728
      812096            1          12.538      1624192       406048
      812096            2          17.352      3248384       812096
      812096            4          34.005      6496768      1624192
      812096            8          66.940     12993536      3248384
      812096           16         132.785     25987072      6496768
      812096           32         267.231     51974144     12993536
      812096           64         532.671    103948288     25987072
      893248            1          14.341      1786496       446624
      893248            2          19.029      3572992       893248
      893248            4          37.332      7145984      1786496
      893248            8          73.897     14291968      3572992
      893248           16         146.994     28583936      7145984
      893248           32         293.117     57167872     14291968
      893248           64         585.413    114335744     28583936
      982528            1          15.452      1965056       491264
      982528            2          20.870      3930112       982528
      982528            4          40.966      7860224      1965056
      982528            8          81.183     15720448      3930112
      982528           16         161.704     31440896      7860224
      982528           32         322.548     62881792     15720448
     1080768            1          16.890      2161536       540384
     1080768            2          22.915      4323072      1080768
     1080768            4          44.979      8646144      2161536
     1080768            8          89.181     17292288      4323072
     1080768           16         177.537     34584576      8646144
     1080768           32         354.282     69169152     17292288
     1188800            1          21.783      2377600       594400
     1188800            2          25.513      4755200      1188800
     1188800            4          49.308      9510400      2377600
     1188800            8          97.943     19020800      4755200
     1188800           16         194.785     38041600      9510400
     1188800           32         388.402     76083200     19020800
     1307648            1          20.123      2615296       653824
     1307648            2          27.626      5230592      1307648
     1307648            4          54.284     10461184      2615296
     1307648            8         107.581     20922368      5230592
     1307648           16         214.230     41844736     10461184
     1307648           32         427.369     83689472     20922368
     1438400            1          22.816      2876800       719200
     1438400            2          30.367      5753600      1438400
     1438400            4          59.628     11507200      2876800
     1438400            8         119.256     23014400      5753600
     1438400           16         238.366     46028800     11507200
     1438400           32         477.077     92057600     23014400
     1582208            1          24.536      3164416       791104
     1582208            2          33.798      6328832      1582208
     1582208            4          66.678     12657664      3164416
     1582208            8         131.906     25315328      6328832
     1582208           16         264.096     50630656     12657664
     1582208           32         528.334    101261312     25315328
     1740416            1          27.453      3480832       870208
     1740416            2          37.276      6961664      1740416
     1740416            4          72.868     13923328      3480832
     1740416            8         145.755     27846656      6961664
     1740416           16         300.901     55693312     13923328
     1740416           32         583.895    111386624     27846656
     1914432            1          32.190      3828864       957216
     1914432            2          41.311      7657728      1914432
     1914432            4          80.815     15315456      3828864
     1914432            8         161.444     30630912      7657728
     1914432           16         323.166     61261824     15315456
     1914432           32         646.522    122523648     30630912
     2105856            1          33.983      4211712      1052928
     2105856            2          46.298      8423424      2105856
     2105856            4          90.666     16846848      4211712
     2105856            8         180.693     33693696      8423424
     2105856           16         359.665     67387392     16846848
     2316416            1          36.981      4632832      1158208
     2316416            2          51.481      9265664      2316416
     2316416            4         101.303     18531328      4632832
     2316416            8         200.932     37062656      9265664
     2316416           16         400.314     74125312     18531328
     2548032            1          40.908      5096064      1274016
     2548032            2          57.254     10192128      2548032
     2548032            4         111.949     20384256      5096064
     2548032            8         229.190     40768512     10192128
     2548032           16         448.164     81537024     20384256
     2802816            1          45.221      5605632      1401408
     2802816            2          63.856     11211264      2802816
     2802816            4         124.990     22422528      5605632
     2802816            8         250.304     44845056     11211264
     2802816           16         500.222     89690112     22422528
     3083072            1          51.049      6166144      1541536
     3083072            2          70.041     12332288      3083072
     3083072            4         139.048     24664576      6166144
     3083072            8         276.518     49329152     12332288
     3083072           16         552.873     98658304     24664576
     3391360            1          57.604      6782720      1695680
     3391360            2          77.525     13565440      3391360
     3391360            4         153.974     27130880      6782720
     3391360            8         305.146     54261760     13565440
     3391360           16         609.845    108523520     27130880
     3730496            1          63.402      7460992      1865248
     3730496            2          89.962     14921984      3730496
     3730496            4         168.630     29843968      7460992
     3730496            8         336.324     59687936     14921984
     3730496           16         670.805    119375872     29843968
     4103488            1          69.860      8206976      2051744
     4103488            2          93.981     16413952      4103488
     4103488            4         185.969     32827904      8206976
     4103488            8         369.892     65655808     16413952
     4513792            1          75.299      9027584      2256896
     4513792            2         103.204     18055168      4513792
     4513792            4         204.201     36110336      9027584
     4513792            8         406.569     72220672     18055168
     4965120            1          83.085      9930240      2482560
     4965120            2         113.495     19860480      4965120
     4965120            4         224.574     39720960      9930240
     4965120            8         447.292     79441920     19860480
     5461632            1          91.549     10923264      2730816
     5461632            2         123.772     21846528      5461632
     5461632            4         251.543     43693056     10923264
     5461632            8         491.582     87386112     21846528
     6007744            1          99.821     12015488      3003872
     6007744            2         136.652     24030976      6007744
     6007744            4         271.172     48061952     12015488
     6007744            8         540.036     96123904     24030976
     6608512            1         112.353     13217024      3304256
     6608512            2         149.468     26434048      6608512
     6608512            4         298.154     52868096     13217024
     6608512            8         594.446    105736192     26434048
     7269312            1         121.058     14538624      3634656
     7269312            2         164.802     29077248      7269312
     7269312            4         327.492     58154496     14538624
     7269312            8         657.037    116308992     29077248
     7996224            1         134.284     15992448      3998112
     7996224            2         181.148     31984896      7996224
     7996224            4         360.308     63969792     15992448
     8795840            1         147.671     17591680      4397920
     8795840            2         198.645     35183360      8795840
     8795840            4         396.155     70366720     17591680
     9675392            1         161.930     19350784      4837696
     9675392            2         218.163     38701568      9675392
     9675392            4         435.721     77403136     19350784
    10642880            1         178.363     21285760      5321440
    10642880            2         239.932     42571520     10642880
    10642880            4         478.825     85143040     21285760
    11707136            1         197.696     23414272      5853568
    11707136            2         263.728     46828544     11707136
    11707136            4         531.567     93657088     23414272
    12877824            1         218.933     25755648      6438912
    12877824            2         290.079     51511296     12877824
    12877824            4         578.976    103022592     25755648
    14165568            1         241.804     28331136      7082784
    14165568            2         319.975     56662272     14165568
    14165568            4         636.981    113324544     28331136
    15582080            1         264.547     31164160      7791040
    15582080            2         358.870     62328320     15582080
    15582080            4         714.743    124656640     31164160
    17140288            1         300.194     34280576      8570144
    17140288            2         433.160     68561152     17140288
    18854272            1         342.492     37708544      9427136
    18854272            2         596.614     75417088     18854272
    20739648            1         437.872     41479296     10369824
    20739648            2        1003.272     82958592     20739648
    22813568            1         675.381     45627136     11406784
    22813568            2        1709.201     91254272     22813568
    25094912            1        1052.325     50189824     12547456
    25094912            2        2601.488    100379648     25094912
    27604352            1        1497.871     55208704     13802176
    27604352            2        3424.070    110417408     27604352
    30364736            1        1940.046     60729472     15182368
    30364736            2        4303.642    121458944     30364736
    33401152            1        2379.856     66802304     16700576
    36741248            1        2785.299     73482496     18370624
    40415360            1        3174.885     80830720     20207680
    44456896            1        3539.335     88913792     22228448
    48902528            1        3895.518     97805056     24451264
    53792768            1        4291.088    107585536     26896384
    59172032            1        4715.649    118344064     29586016

META_DATA
MPI_PROCS      1
OPENMP_THREADS 8
FLOPS          4
ERT_VERSION  1.0.0
TIMESTAMP_DATA  1594866803.31
HOSTNAME  ('apollo-PowerEdge-R430', [], ['127.0.1.1'])
UNAME  ('Linux', 'apollo-PowerEdge-R430', '4.19.129-0419129-generic', '#202006220433 SMP Mon Jun 22 09:12:54 UTC 2020', 'x86_64', 'x86_64')
CONFIG  {'ERT_WORKING_SET_MIN': ['1'], 'ERT_CFLAGS': ['-O3'], 'ERT_CC': ['gcc'], 'ERT_MPI_CFLAGS': [], 'ERT_MPI_LDFLAGS': [], 'ERT_MEMORY_MAX': ['62497788'], 'ERT_PROCS_THREADS': ['8'], 'ERT_LDFLAGS': [], 'ERT_LDLIBS': [], 'ERT_SPEC_GBYTES_DRAM': ['1.0'], 'ERT_RUN': ['export', 'KMP_AFFINITY=scatter;', 'export', 'OMP_NUM_THREADS=ERT_OPENMP_THREADS;', 'ERT_CODE'], 'ERT_FLOPS': ['1,2,4,8,16'], 'ERT_OPENMP_CFLAGS': ['-fopenmp'], 'ERT_SPEC_GFLOPS': ['1.0'], 'ERT_MPI': ['False'], 'ERT_TRIALS_MIN': ['1'], 'ERT_DRIVER': ['driver1'], 'ERT_RESULTS': ['Results.x86'], 'ERT_OPENMP': ['True'], 'ERT_MPI_PROCS': ['1'], 'ERT_KERNEL': ['kernel1'], 'ERT_OPENMP_THREADS': ['1-32'], 'ERT_LD': ['gcc'], 'ERT_NUM_EXPERIMENTS': ['6'], 'ERT_OPENMP_LDFLAGS': ['-fopenmp'], 'ERT_ALIGN': ['32'], 'ERT_GNUPLOT': ['gnuplot']}
