          64            1           1.732          128           32
          64            2           3.142          256           64
          64            4           0.765          512          128
          64            8           0.761         1024          256
          64           16           0.805         2048          512
          64           32           1.000         4096         1024
          64           64           1.215         8192         2048
          64          128           1.665        16384         4096
          64          256           2.675        32768         8192
          64          512           4.680        65536        16384
          64         1024           8.762       131072        32768
          64         2048          16.717       262144        65536
          64         4096          32.760       524288       131072
          64         8192          65.018      1048576       262144
          64        16384         129.039      2097152       524288
          64        32768         257.411      4194304      1048576
          64        65536         514.155      8388608      2097152
          64       131072        1027.670     16777216      4194304
          64       262144        2057.726     33554432      8388608
          64       524288        4113.187     67108864     16777216
         128            1           0.761          256           64
         128            2           0.835          512          128
         128            4           0.784         1024          256
         128            8           0.786         2048          512
         128           16           0.892         4096         1024
         128           32           0.941         8192         2048
         128           64           1.219        16384         4096
         128          128           1.693        32768         8192
         128          256           2.800        65536        16384
         128          512           4.701       131072        32768
         128         1024           8.838       262144        65536
         128         2048          16.747       524288       131072
         128         4096          32.909      1048576       262144
         128         8192          64.879      2097152       524288
         128        16384         129.234      4194304      1048576
         128        32768         257.450      8388608      2097152
         128        65536         514.273     16777216      4194304
         128       131072        1027.665     33554432      8388608
         128       262144        2066.638     67108864     16777216
         192            1           0.783          384           96
         192            2           0.796          768          192
         192            4           0.772         1536          384
         192            8           0.960         3072          768
         192           16           0.829         6144         1536
         192           32           0.950        12288         3072
         192           64           1.195        24576         6144
         192          128           1.695        49152        12288
         192          256           2.704        98304        24576
         192          512           4.710       196608        49152
         192         1024           8.723       393216        98304
         192         2048          16.808       786432       196608
         192         4096          32.786      1572864       393216
         192         8192          65.020      3145728       786432
         192        16384         129.078      6291456      1572864
         192        32768         257.437     12582912      3145728
         192        65536         514.177     25165824      6291456
         192       131072        1027.676     50331648     12582912
         192       262144        2064.723    100663296     25165824
         256            1           0.765          512          128
         256            2           0.767         1024          256
         256            4           0.955         2048          512
         256            8           0.808         4096         1024
         256           16           0.821         8192         2048
         256           32           0.946        16384         4096
         256           64           1.195        32768         8192
         256          128           1.690        65536        16384
         256          256           2.692       131072        32768
         256          512           4.708       262144        65536
         256         1024           8.707       524288       131072
         256         2048          16.739      1048576       262144
         256         4096          32.789      2097152       524288
         256         8192          64.878      4194304      1048576
         256        16384         129.063      8388608      2097152
         256        32768         257.432     16777216      4194304
         256        65536         514.170     33554432      8388608
         256       131072        1027.670     67108864     16777216
         320            1           0.756          640          160
         320            2           0.781         1280          320
         320            4           0.814         2560          640
         320            8           0.796         5120         1280
         320           16           0.841        10240         2560
         320           32           0.957        20480         5120
         320           64           1.208        40960        10240
         320          128           1.718        81920        20480
         320          256           2.714       163840        40960
         320          512           4.723       327680        81920
         320         1024           8.738       655360       163840
         320         2048          16.749      1310720       327680
         320         4096          32.805      2621440       655360
         320         8192          64.898      5242880      1310720
         320        16384         129.087     10485760      2621440
         320        32768         257.456     20971520      5242880
         320        65536         514.194     41943040     10485760
         320       131072        1032.586     83886080     20971520
         384            1           0.763          768          192
         384            2           0.783         1536          384
         384            4           0.791         3072          768
         384            8           0.779         6144         1536
         384           16           1.042        12288         3072
         384           32           0.962        24576         6144
         384           64           1.207        49152        12288
         384          128           1.710        98304        24576
         384          256           2.720       196608        49152
         384          512           4.723       393216        98304
         384         1024           8.734       786432       196608
         384         2048          16.764      1572864       393216
         384         4096          32.807      3145728       786432
         384         8192          64.889      6291456      1572864
         384        16384         129.080     12582912      3145728
         384        32768         257.461     25165824      6291456
         384        65536         514.193     50331648     12582912
         384       131072        1027.684    100663296     25165824
         448            1           0.771          896          224
         448            2           0.778         1792          448
         448            4           0.811         3584          896
         448            8           0.821         7168         1792
         448           16           0.854        14336         3584
         448           32           0.967        28672         7168
         448           64           1.243        57344        14336
         448          128           1.728       114688        28672
         448          256           2.736       229376        57344
         448          512           4.746       458752       114688
         448         1024           8.843       917504       229376
         448         2048          16.816      1835008       458752
         448         4096          33.193      3670016       917504
         448         8192          66.478      7340032      1835008
         448        16384         129.409     14680064      3670016
         448        32768         258.873     29360128      7340032
         448        65536         525.306     58720256     14680064
         448       131072        1057.286    117440512     29360128
         512            1           0.748         1024          256
         512            2           0.767         2048          512
         512            4           0.774         4096         1024
         512            8           0.786         8192         2048
         512           16           0.846        16384         4096
         512           32           0.966        32768         8192
         512           64           1.220        65536        16384
         512          128           1.736       131072        32768
         512          256           2.746       262144        65536
         512          512           4.760       524288       131072
         512         1024           8.810      1048576       262144
         512         2048          16.842      2097152       524288
         512         4096          33.039      4194304      1048576
         512         8192          65.239      8388608      2097152
         512        16384         129.751     16777216      4194304
         512        32768         258.394     33554432      8388608
         512        65536         516.847     67108864     16777216
         576            1           0.823         1152          288
         576            2           0.796         2304          576
         576            4           0.786         4608         1152
         576            8           0.810         9216         2304
         576           16           0.881        18432         4608
         576           32           1.021        36864         9216
         576           64           1.288        73728        18432
         576          128           1.786       147456        36864
         576          256           2.842       294912        73728
         576          512           4.986       589824       147456
         576         1024           9.217      1179648       294912
         576         2048          17.797      2359296       589824
         576         4096          34.782      4718592      1179648
         576         8192          68.669      9437184      2359296
         576        16384         136.602     18874368      4718592
         576        32768         272.413     37748736      9437184
         576        65536         543.599     75497472     18874368
         640            1           0.748         1280          320
         640            2           0.757         2560          640
         640            4           0.780         5120         1280
         640            8           0.805        10240         2560
         640           16           0.870        20480         5120
         640           32           1.000        40960        10240
         640           64           1.282        81920        20480
         640          128           1.783       163840        40960
         640          256           2.842       327680        81920
         640          512           5.000       655360       163840
         640         1024           9.237      1310720       327680
         640         2048          17.792      2621440       655360
         640         4096          34.762      5242880      1310720
         640         8192          68.611     10485760      2621440
         640        16384         136.354     20971520      5242880
         640        32768         271.889     41943040     10485760
         640        65536         551.403     83886080     20971520
         704            1           0.764         1408          352
         704            2           0.841         2816          704
         704            4           0.771         5632         1408
         704            8           0.975        11264         2816
         704           16           0.884        22528         5632
         704           32           1.249        45056        11264
         704           64           1.347        90112        22528
         704          128           1.955       180224        45056
         704          256           3.195       360448        90112
         704          512           5.646       720896       180224
         704         1024          10.557      1441792       360448
         704         2048          20.608      2883584       720896
         704         4096          40.243      5767168      1441792
         704         8192          79.286     11534336      2883584
         704        16384         157.806     23068672      5767168
         704        32768         314.776     46137344     11534336
         704        65536         628.415     92274688     23068672
         768            1           0.751         1536          384
         768            2           0.763         3072          768
         768            4           0.781         6144         1536
         768            8           0.830        12288         3072
         768           16           0.883        24576         6144
         768           32           1.039        49152        12288
         768           64           1.392        98304        24576
         768          128           1.953       196608        49152
         768          256           3.178       393216        98304
         768          512           5.629       786432       196608
         768         1024          10.540      1572864       393216
         768         2048          20.459      3145728       786432
         768         4096          40.118      6291456      1572864
         768         8192          79.277     12582912      3145728
         768        16384         157.893     25165824      6291456
         768        32768         314.673     50331648     12582912
         768        65536         628.490    100663296     25165824
         832            1           0.731         1664          416
         832            2           0.940         3328          832
         832            4           0.791         6656         1664
         832            8           0.828        13312         3328
         832           16           0.913        26624         6656
         832           32           1.090        53248        13312
         832           64           1.426       106496        26624
         832          128           2.119       212992        53248
         832          256           3.535       425984       106496
         832          512           6.309       851968       212992
         832         1024          11.878      1703936       425984
         832         2048          23.135      3407872       851968
         832         4096          45.434      6815744      1703936
         832         8192          90.073     13631488      3407872
         832        16384         179.385     27262976      6815744
         832        32768         357.925     54525952     13631488
         832        65536         719.997    109051904     27262976
         896            1           0.730         1792          448
         896            2           0.773         3584          896
         896            4           0.800         7168         1792
         896            8           0.834        14336         3584
         896           16           0.911        28672         7168
         896           32           1.074        57344        14336
         896           64           1.447       114688        28672
         896          128           2.110       229376        57344
         896          256           3.506       458752       114688
         896          512           6.335       917504       229376
         896         1024          11.873      1835008       458752
         896         2048          23.136      3670016       917504
         896         4096          45.485      7340032      1835008
         896         8192          89.963     14680064      3670016
         896        16384         179.127     29360128      7340032
         896        32768         357.456     58720256     14680064
         896        65536         714.043    117440512     29360128
         960            1           0.860         1920          480
         960            2           0.768         3840          960
         960            4           0.800         7680         1920
         960            8           0.841        15360         3840
         960           16           0.930        30720         7680
         960           32           1.120        61440        15360
         960           64           1.496       122880        30720
         960          128           2.281       245760        61440
         960          256           3.837       491520       122880
         960          512           7.020       983040       245760
         960         1024          13.254      1966080       491520
         960         2048          25.774      3932160       983040
         960         4096          50.761      7864320      1966080
         960         8192         100.666     15728640      3932160
         960        16384         200.523     31457280      7864320
         960        32768         400.245     62914560     15728640
        1024            1           0.758         2048          512
        1024            2           0.782         4096         1024
        1024            4           0.806         8192         2048
        1024            8           0.838        16384         4096
        1024           16           0.924        32768         8192
        1024           32           1.108        65536        16384
        1024           64           1.489       131072        32768
        1024          128           2.283       262144        65536
        1024          256           3.902       524288       131072
        1024          512           6.968      1048576       262144
        1024         1024          13.306      2097152       524288
        1024         2048          25.827      4194304      1048576
        1024         4096          50.763      8388608      2097152
        1024         8192         100.688     16777216      4194304
        1024        16384         200.511     33554432      8388608
        1024        32768         400.203     67108864     16777216
        1088            1           0.857         2176          544
        1088            2           0.770         4352         1088
        1088            4           0.787         8704         2176
        1088            8           0.838        17408         4352
        1088           16           0.957        34816         8704
        1088           32           1.161        69632        17408
        1088           64           1.595       139264        34816
        1088          128           2.446       278528        69632
        1088          256           4.188       557056       139264
        1088          512           7.689      1114112       278528
        1088         1024          14.551      2228224       557056
        1088         2048          28.468      4456448      1114112
        1088         4096          55.655      8912896      2228224
        1088         8192         111.387     17825792      4456448
        1088        16384         232.018     35651584      8912896
        1088        32768         442.713     71303168     17825792
        1152            1           0.736         2304          576
        1152            2           0.774         4608         1152
        1152            4           0.808         9216         2304
        1152            8           0.856        18432         4608
        1152           16           0.941        36864         9216
        1152           32           1.171        73728        18432
        1152           64           1.567       147456        36864
        1152          128           2.615       294912        73728
        1152          256           4.174       589824       147456
        1152          512           7.676      1179648       294912
        1152         1024          14.752      2359296       589824
        1152         2048          28.482      4718592      1179648
        1152         4096          56.075      9437184      2359296
        1152         8192         111.373     18874368      4718592
        1152        16384         221.917     37748736      9437184
        1152        32768         442.992     75497472     18874368
        1216            1           0.753         2432          608
        1216            2           0.768         4864         1216
        1216            4           0.803         9728         2432
        1216            8           0.848        19456         4864
        1216           16           0.961        38912         9728
        1216           32           1.180        77824        19456
        1216           64           1.649       155648        38912
        1216          128           2.613       311296        77824
        1216          256           4.531       622592       155648
        1216          512           8.306      1245184       311296
        1216         1024          15.877      2490368       622592
        1216         2048          31.117      4980736      1245184
        1216         4096          61.470      9961472      2490368
        1216         8192         122.047     19922944      4980736
        1216        16384         243.345     39845888      9961472
        1216        32768         485.494     79691776     19922944
        1280            1           0.748         2560          640
        1280            2           0.766         5120         1280
        1280            4           0.799        10240         2560
        1280            8           0.833        20480         5120
        1280           16           0.946        40960        10240
        1280           32           1.181        81920        20480
        1280           64           1.639       163840        40960
        1280          128           2.616       327680        81920
        1280          256           4.517       655360       163840
        1280          512           8.318      1310720       327680
        1280         1024          15.885      2621440       655360
        1280         2048          31.140      5242880      1310720
        1280         4096          61.420     10485760      2621440
        1280         8192         122.214     20971520      5242880
        1280        16384         243.274     41943040     10485760
        1280        32768         485.803     83886080     20971520
        1408            1           0.755         2816          704
        1408            2           0.770         5632         1408
        1408            4           0.988        11264         2816
        1408            8           0.997        22528         5632
        1408           16           0.964        45056        11264
        1408           32           1.286        90112        22528
        1408           64           1.712       180224        45056
        1408          128           2.841       360448        90112
        1408          256           5.004       720896       180224
        1408          512           9.179      1441792       360448
        1408         1024          17.312      2883584       720896
        1408         2048          33.856      5767168      1441792
        1408         4096          66.959     11534336      2883584
        1408         8192         132.787     23068672      5767168
        1408        16384         267.556     46137344     11534336
        1408        32768         528.615     92274688     23068672
        1536            1           0.918         3072          768
        1536            2           0.814         6144         1536
        1536            4           0.858        12288         3072
        1536            8           0.961        24576         6144
        1536           16           0.990        49152        12288
        1536           32           1.305        98304        24576
        1536           64           1.838       196608        49152
        1536          128           3.033       393216        98304
        1536          256           5.384       786432       196608
        1536          512           9.764      1572864       393216
        1536         1024          18.859      3145728       786432
        1536         2048          36.482      6291456      1572864
        1536         4096          72.134     12582912      3145728
        1536         8192         143.448     25165824      6291456
        1536        16384         286.087     50331648     12582912
        1536        32768         571.292    100663296     25165824
        1664            1           0.753         3328          832
        1664            2           0.807         6656         1664
        1664            4           0.833        13312         3328
        1664            8           0.876        26624         6656
        1664           16           0.985        53248        13312
        1664           32           1.290       106496        26624
        1664           64           1.922       212992        53248
        1664          128           3.122       425984       106496
        1664          256           5.524       851968       212992
        1664          512          10.279      1703936       425984
        1664         1024          20.073      3407872       851968
        1664         2048          39.150      6815744      1703936
        1664         4096          77.475     13631488      3407872
        1664         8192         154.180     27262976      6815744
        1664        16384         307.540     54525952     13631488
        1664        32768         614.158    109051904     27262976
        1792            1           0.749         3584          896
        1792            2           0.799         7168         1792
        1792            4           0.866        14336         3584
        1792            8           0.939        28672         7168
        1792           16           1.031        57344        14336
        1792           32           1.337       114688        28672
        1792           64           1.994       229376        57344
        1792          128           3.294       458752       114688
        1792          256           5.904       917504       229376
        1792          512          10.991      1835008       458752
        1792         1024          21.336      3670016       917504
        1792         2048          41.877      7340032      1835008
        1792         4096          82.869     14680064      3670016
        1792         8192         164.842     29360128      7340032
        1792        16384         328.859     58720256     14680064
        1792        32768         662.200    117440512     29360128
        1920            1           0.759         3840          960
        1920            2           0.851         7680         1920
        1920            4           0.962        15360         3840
        1920            8           0.898        30720         7680
        1920           16           1.153        61440        15360
        1920           32           1.366       122880        30720
        1920           64           2.177       245760        61440
        1920          128           3.429       491520       122880
        1920          256           6.200       983040       245760
        1920          512          11.653      1966080       491520
        1920         1024          22.818      3932160       983040
        1920         2048          44.531      7864320      1966080
        1920         4096          88.168     15728640      3932160
        1920         8192         175.719     31457280      7864320
        1920        16384         350.276     62914560     15728640
        2112            1           0.785         4224         1056
        2112            2           0.808         8448         2112
        2112            4           0.851        16896         4224
        2112            8           0.953        33792         8448
        2112           16           1.090        67584        16896
        2112           32           1.493       135168        33792
        2112           64           2.254       270336        67584
        2112          128           3.788       540672       135168
        2112          256           6.868      1081344       270336
        2112          512          12.982      2162688       540672
        2112         1024          25.421      4325376      1081344
        2112         2048          49.829      8650752      2162688
        2112         4096          98.853     17301504      4325376
        2112         8192         197.097     34603008      8650752
        2112        16384         392.655     69206016     17301504
        2304            1           0.772         4608         1152
        2304            2           0.805         9216         2304
        2304            4           0.882        18432         4608
        2304            8           1.015        36864         9216
        2304           16           1.106        73728        18432
        2304           32           1.579       147456        36864
        2304           64           2.348       294912        73728
        2304          128           3.977       589824       147456
        2304          256           7.358      1179648       294912
        2304          512          13.811      2359296       589824
        2304         1024          26.835      4718592      1179648
        2304         2048          52.490      9437184      2359296
        2304         4096         104.187     18874368      4718592
        2304         8192         207.637     37748736      9437184
        2304        16384         414.433     75497472     18874368
        2496            1           0.818         4992         1248
        2496            2           0.798         9984         2496
        2496            4           0.851        19968         4992
        2496            8           0.949        39936         9984
        2496           16           1.125        79872        19968
        2496           32           1.564       159744        39936
        2496           64           2.506       319488        79872
        2496          128           4.296       638976       159744
        2496          256           7.859      1277952       319488
        2496          512          15.003      2555904       638976
        2496         1024          29.349      5111808      1277952
        2496         2048          57.844     10223616      2555904
        2496         4096         114.995     20447232      5111808
        2496         8192         228.997     40894464     10223616
        2496        16384         456.775     81788928     20447232
        2688            1           1.011         5376         1344
        2688            2           0.815        10752         2688
        2688            4           0.864        21504         5376
        2688            8           0.948        43008        10752
        2688           16           1.146        86016        21504
        2688           32           1.605       172032        43008
        2688           64           2.589       344064        86016
        2688          128           4.455       688128       172032
        2688          256           8.204      1376256       344064
        2688          512          15.663      2752512       688128
        2688         1024          30.629      5505024      1376256
        2688         2048          60.496     11010048      2752512
        2688         4096         125.530     22020096      5505024
        2688         8192         239.678     44040192     11010048
        2688        16384         478.679     88080384     22020096
        2944            1           0.771         5888         1472
        2944            2           0.813        11776         2944
        2944            4           0.856        23552         5888
        2944            8           0.949        47104        11776
        2944           16           1.179        94208        23552
        2944           32           1.675       188416        47104
        2944           64           2.758       376832        94208
        2944          128           4.802       753664       188416
        2944          256           8.870      1507328       376832
        2944          512          17.093      3014656       753664
        2944         1024          33.372      6029312      1507328
        2944         2048          65.829     12058624      3014656
        2944         4096         131.051     24117248      6029312
        2944         8192         261.209     48234496     12058624
        2944        16384         521.382     96468992     24117248
        3200            1           0.787         6400         1600
        3200            2           0.823        12800         3200
        3200            4           0.904        25600         6400
        3200            8           0.981        51200        12800
        3200           16           1.212       102400        25600
        3200           32           1.826       204800        51200
        3200           64           2.924       409600       102400
        3200          128           5.132       819200       204800
        3200          256           9.533      1638400       409600
        3200          512          18.435      3276800       819200
        3200         1024          36.108      6553600      1638400
        3200         2048          71.208     13107200      3276800
        3200         4096         141.711     26214400      6553600
        3200         8192         282.605     52428800     13107200
        3200        16384         564.199    104857600     26214400
        3520            1           0.788         7040         1760
        3520            2           0.848        14080         3520
        3520            4           1.084        28160         7040
        3520            8           1.024        56320        14080
        3520           16           1.270       112640        28160
        3520           32           2.045       225280        56320
        3520           64           3.176       450560       112640
        3520          128           5.626       901120       225280
        3520          256          10.539      1802240       450560
        3520          512          20.375      3604480       901120
        3520         1024          40.005      7208960      1802240
        3520         2048          79.382     14417920      3604480
        3520         4096         158.013     28835840      7208960
        3520         8192         314.897     57671680     14417920
        3520        16384         633.741    115343360     28835840
        3840            1           0.828         7680         1920
        3840            2           1.022        15360         3840
        3840            4           0.946        30720         7680
        3840            8           1.178        61440        15360
        3840           16           1.483       122880        30720
        3840           32           2.002       245760        61440
        3840           64           3.342       491520       122880
        3840          128           6.029       983040       245760
        3840          256          11.269      1966080       491520
        3840          512          21.699      3932160       983040
        3840         1024          42.777      7864320      1966080
        3840         2048          84.527     15728640      3932160
        3840         4096         168.313     31457280      7864320
        3840         8192         335.981     62914560     15728640
        4224            1           0.794         8448         2112
        4224            2           0.832        16896         4224
        4224            4           0.921        33792         8448
        4224            8           1.199        67584        16896
        4224           16           1.499       135168        33792
        4224           32           2.498       270336        67584
        4224           64           3.947       540672       135168
        4224          128           7.247      1081344       270336
        4224          256          14.139      2162688       540672
        4224          512          27.277      4325376      1081344
        4224         1024          53.420      8650752      2162688
        4224         2048         106.015     17301504      4325376
        4224         4096         211.384     34603008      8650752
        4224         8192         421.547     69206016     17301504
        4608            1           0.794         9216         2304
        4608            2           0.831        18432         4608
        4608            4           0.943        36864         9216
        4608            8           1.165        73728        18432
        4608           16           1.593       147456        36864
        4608           32           2.459       294912        73728
        4608           64           4.218       589824       147456
        4608          128           7.748      1179648       294912
        4608          256          14.710      2359296       589824
        4608          512          28.843      4718592      1179648
        4608         1024          56.927      9437184      2359296
        4608         2048         113.156     18874368      4718592
        4608         4096         225.420     37748736      9437184
        4608         8192         450.137     75497472     18874368
        5056            1           0.794        10112         2528
        5056            2           0.854        20224         5056
        5056            4           0.976        40448        10112
        5056            8           1.184        80896        20224
        5056           16           1.772       161792        40448
        5056           32           2.546       323584        80896
        5056           64           4.709       647168       161792
        5056          128           7.513      1294336       323584
        5056          256          15.365      2588672       647168
        5056          512          30.319      5177344      1294336
        5056         1024          60.561     10354688      2588672
        5056         2048         121.379     20709376      5177344
        5056         4096         242.469     41418752     10354688
        5056         8192         484.914     82837504     20709376
        5504            1           0.797        11008         2752
        5504            2           0.921        22016         5504
        5504            4           1.170        44032        11008
        5504            8           1.204        88064        22016
        5504           16           1.678       176128        44032
        5504           32           2.690       352256        88064
        5504           64           4.783       704512       176128
        5504          128           8.767      1409024       352256
        5504          256          16.826      2818048       704512
        5504          512          32.415      5636096      1409024
        5504         1024          68.375     11272192      2818048
        5504         2048         130.187     22544384      5636096
        5504         4096         258.621     45088768     11272192
        5504         8192         517.033     90177536     22544384
        6016            1           0.806        12032         3008
        6016            2           0.861        24064         6016
        6016            4           0.989        48128        12032
        6016            8           1.257        96256        24064
        6016           16           1.776       192512        48128
        6016           32           2.852       385024        96256
        6016           64           5.142       770048       192512
        6016          128           9.627      1540096       385024
        6016          256          18.225      3080192       770048
        6016          512          35.603      6160384      1540096
        6016         1024          70.325     12320768      3080192
        6016         2048         139.854     24641536      6160384
        6016         4096         278.924     49283072     12320768
        6016         8192         557.061     98566144     24641536
        6592            1           0.812        13184         3296
        6592            2           0.877        26368         6592
        6592            4           1.036        52736        13184
        6592            8           1.280       105472        26368
        6592           16           1.842       210944        52736
        6592           32           3.018       421888       105472
        6592           64           5.406       843776       210944
        6592          128          10.109      1687552       421888
        6592          256          19.408      3375104       843776
        6592          512          38.214      6750208      1687552
        6592         1024          75.669     13500416      3375104
        6592         2048         150.570     27000832      6750208
        6592         4096         300.307     54001664     13500416
        6592         8192         599.847    108003328     27000832
        7232            1           0.804        14464         3616
        7232            2           0.969        28928         7232
        7232            4           1.021        57856        14464
        7232            8           1.406       115712        28928
        7232           16           2.003       231424        57856
        7232           32           3.208       462848       115712
        7232           64           5.862       925696       231424
        7232          128          10.879      1851392       462848
        7232          256          21.190      3702784       925696
        7232          512          41.345      7405568      1851392
        7232         1024          81.923     14811136      3702784
        7232         2048         163.029     29622272      7405568
        7232         4096         325.282     59244544     14811136
        7232         8192         653.955    118489088     29622272
        7936            1           0.821        15872         3968
        7936            2           0.935        31744         7936
        7936            4           1.103        63488        15872
        7936            8           1.414       126976        31744
        7936           16           2.089       253952        63488
        7936           32           3.452       507904       126976
        7936           64           6.171      1015808       253952
        7936          128          11.658      2031616       507904
        7936          256          22.633      4063232      1015808
        7936          512          44.465      8126464      2031616
        7936         1024          88.199     16252928      4063232
        7936         2048         175.579     32505856      8126464
        7936         4096         350.240     65011712     16252928
        8704            1           0.834        17408         4352
        8704            2           1.020        34816         8704
        8704            4           1.093        69632        17408
        8704            8           1.556       139264        34816
        8704           16           2.313       278528        69632
        8704           32           3.636       557056       139264
        8704           64           6.638      1114112       278528
        8704          128          12.506      2228224       557056
        8704          256          24.418      4456448      1114112
        8704          512          48.122      8912896      2228224
        8704         1024          95.339     17825792      4456448
        8704         2048         189.911     35651584      8912896
        8704         4096         378.836     71303168     17825792
        9536            1           0.831        19072         4768
        9536            2           0.950        38144         9536
        9536            4           1.170        76288        19072
        9536            8           1.563       152576        38144
        9536           16           2.328       305152        76288
        9536           32           3.926       610304       152576
        9536           64           7.132      1220608       305152
        9536          128          13.544      2441216       610304
        9536          256          26.310      4882432      1220608
        9536          512          52.042      9764864      2441216
        9536         1024         103.298     19529728      4882432
        9536         2048         205.872     39059456      9764864
        9536         4096         410.850     78118912     19529728
       10432            1           0.835        20864         5216
       10432            2           0.968        41728        10432
       10432            4           1.163        83456        20864
       10432            8           1.646       166912        41728
       10432           16           2.403       333824        83456
       10432           32           4.128       667648       166912
       10432           64           7.747      1335296       333824
       10432          128          14.498      2670592       667648
       10432          256          28.483      5341184      1335296
       10432          512          56.037     10682368      2670592
       10432         1024         111.475     21364736      5341184
       10432         2048         221.973     42729472     10682368
       10432         4096         443.152     85458944     21364736
       11456            1           0.843        22912         5728
       11456            2           1.130        45824        11456
       11456            4           1.183        91648        22912
       11456            8           1.745       183296        45824
       11456           16           2.559       366592        91648
       11456           32           4.592       733184       183296
       11456           64           8.259      1466368       366592
       11456          128          15.779      2932736       733184
       11456          256          34.912      5865472      1466368
       11456          512          61.021     11730944      2932736
       11456         1024         121.131     23461888      5865472
       11456         2048         241.564     46923776     11730944
       11456         4096         482.166     93847552     23461888
       12544            1           0.868        25088         6272
       12544            2           0.987        50176        12544
       12544            4           1.237       100352        25088
       12544            8           1.725       200704        50176
       12544           16           2.709       401408       100352
       12544           32           4.750       802816       200704
       12544           64           8.862      1605632       401408
       12544          128          17.014      3211264       802816
       12544          256          33.237      6422528      1605632
       12544          512          65.922     12845056      3211264
       12544         1024         130.952     25690112      6422528
       12544         2048         261.092     51380224     12845056
       12544         4096         521.423    102760448     25690112
       13760            1           1.023        27520         6880
       13760            2           1.002        55040        13760
       13760            4           1.273       110080        27520
       13760            8           1.888       220160        55040
       13760           16           2.936       440320       110080
       13760           32           5.109       880640       220160
       13760           64           9.616      1761280       440320
       13760          128          18.467      3522560       880640
       13760          256          36.185      7045120      1761280
       13760          512          71.649     14090240      3522560
       13760         1024         142.518     28180480      7045120
       13760         2048         284.259     56360960     14090240
       13760         4096         567.747    112721920     28180480
       15104            1           0.891        30208         7552
       15104            2           1.038        60416        15104
       15104            4           1.318       120832        30208
       15104            8           1.894       241664        60416
       15104           16           3.082       483328       120832
       15104           32           5.486       966656       241664
       15104           64          10.334      1933312       483328
       15104          128          19.916      3866624       966656
       15104          256          39.136      7733248      1933312
       15104          512          77.684     15466496      3866624
       15104         1024         154.556     30932992      7733248
       15104         2048         308.351     61865984     15466496
       15104         4096         620.244    123731968     30932992
       16576            1           0.897        33152         8288
       16576            2           1.054        66304        16576
       16576            4           1.381       132608        33152
       16576            8           2.028       265216        66304
       16576           16           3.338       530432       132608
       16576           32           5.965      1060864       265216
       16576           64          11.202      2121728       530432
       16576          128          21.689      4243456      1060864
       16576          256          42.643      8486912      2121728
       16576          512          84.594     16973824      4243456
       16576         1024         168.431     33947648      8486912
       16576         2048         335.983     67895296     16973824
       18176            1           0.917        36352         9088
       18176            2           1.145        72704        18176
       18176            4           1.498       145408        36352
       18176            8           2.341       290816        72704
       18176           16           3.568       581632       145408
       18176           32           6.511      1163264       290816
       18176           64          12.169      2326528       581632
       18176          128          23.496      4653056      1163264
       18176          256          46.374      9306112      2326528
       18176          512          91.947     18612224      4653056
       18176         1024         183.145     37224448      9306112
       18176         2048         365.445     74448896     18612224
       19968            1           0.941        39936         9984
       19968            2           1.127        79872        19968
       19968            4           1.539       159744        39936
       19968            8           2.303       319488        79872
       19968           16           3.839       638976       159744
       19968           32           6.946      1277952       319488
       19968           64          13.145      2555904       638976
       19968          128          25.553      5111808      1277952
       19968          256          50.395     10223616      2555904
       19968          512         100.189     20447232      5111808
       19968         1024         199.644     40894464     10223616
       19968         2048         398.381     81788928     20447232
       21952            1           0.957        43904        10976
       21952            2           1.171        87808        21952
       21952            4           1.584       175616        43904
       21952            8           2.431       351232        87808
       21952           16           4.177       702464       175616
       21952           32           7.467      1404928       351232
       21952           64          14.348      2809856       702464
       21952          128          27.999      5619712      1404928
       21952          256          55.211     11239424      2809856
       21952          512         109.544     22478848      5619712
       21952         1024         218.424     44957696     11239424
       21952         2048         435.828     89915392     22478848
       24128            1           0.958        48256        12064
       24128            2           1.173        96512        24128
       24128            4           1.837       193024        48256
       24128            8           2.560       386048        96512
       24128           16           4.468       772096       193024
       24128           32           8.318      1544192       386048
       24128           64          15.631      3088384       772096
       24128          128          30.500      6176768      1544192
       24128          256          60.257     12353536      3088384
       24128          512         119.886     24707072      6176768
       24128         1024         241.642     49414144     12353536
       24128         2048         476.891     98828288     24707072
       26496            1           0.997        52992        13248
       26496            2           1.240       105984        26496
       26496            4           1.741       211968        52992
       26496            8           2.769       423936       105984
       26496           16           4.783       847872       211968
       26496           32           8.833      1695744       423936
       26496           64          16.888      3391488       847872
       26496          128          33.129      6782976      1695744
       26496          256          65.646     13565952      3391488
       26496          512         130.501     27131904      6782976
       26496         1024         260.208     54263808     13565952
       26496         2048         519.629    108527616     27131904
       29120            1           1.006        58240        14560
       29120            2           1.280       116480        29120
       29120            4           1.827       232960        58240
       29120            8           2.978       465920       116480
       29120           16           5.184       931840       232960
       29120           32           9.613      1863680       465920
       29120           64          18.460      3727360       931840
       29120          128          36.322      7454720      1863680
       29120          256          71.842     14909440      3727360
       29120          512         143.102     29818880      7454720
       29120         1024         285.210     59637760     14909440
       29120         2048         569.524    119275520     29818880
       32000            1           1.048        64000        16000
       32000            2           1.333       128000        32000
       32000            4           1.935       256000        64000
       32000            8           3.149       512000       128000
       32000           16           5.581      1024000       256000
       32000           32          10.442      2048000       512000
       32000           64          20.098      4096000      1024000
       32000          128          39.537      8192000      2048000
       32000          256          78.369     16384000      4096000
       32000          512         156.179     32768000      8192000
       32000         1024         311.499     65536000     16384000
       35200            1           1.141        70400        17600
       35200            2           1.394       140800        35200
       35200            4           2.051       281600        70400
       35200            8           3.373       563200       140800
       35200           16           6.156      1126400       281600
       35200           32          11.483      2252800       563200
       35200           64          22.065      4505600      1126400
       35200          128          43.275      9011200      2252800
       35200          256          85.835     18022400      4505600
       35200          512         171.061     36044800      9011200
       35200         1024         345.882     72089600     18022400
       38720            1           1.237        77440        19360
       38720            2           1.455       154880        38720
       38720            4           2.199       309760        77440
       38720            8           3.630       619520       154880
       38720           16           6.521      1239040       309760
       38720           32          12.353      2478080       619520
       38720           64          24.018      4956160      1239040
       38720          128          47.381      9912320      2478080
       38720          256          94.181     19824640      4956160
       38720          512         187.557     39649280      9912320
       38720         1024         374.320     79298560     19824640
       42560            1           1.137        85120        21280
       42560            2           1.518       170240        42560
       42560            4           2.304       340480        85120
       42560            8           3.893       680960       170240
       42560           16           7.068      1361920       340480
       42560           32          13.458      2723840       680960
       42560           64          26.248      5447680      1361920
       42560          128          51.840     10895360      2723840
       42560          256         102.995     21790720      5447680
       42560          512         204.925     43581440     10895360
       42560         1024         410.122     87162880     21790720
       46784            1           1.191        93568        23392
       46784            2           1.596       187136        46784
       46784            4           2.463       374272        93568
       46784            8           4.204       748544       187136
       46784           16           7.676      1497088       374272
       46784           32          14.736      2994176       748544
       46784           64          28.701      5988352      1497088
       46784          128          56.747     11976704      2994176
       46784          256         112.800     23953408      5988352
       46784          512         224.987     47906816     11976704
       46784         1024         449.333     95813632     23953408
       51456            1           1.210       102912        25728
       51456            2           1.732       205824        51456
       51456            4           2.825       411648       102912
       51456            8           4.580       823296       205824
       51456           16           8.346      1646592       411648
       51456           32          16.035      3293184       823296
       51456           64          31.398      6586368      1646592
       51456          128          62.098     13172736      3293184
       51456          256         123.501     26345472      6586368
       51456          512         246.401     52690944     13172736
       51456         1024         491.979    105381888     26345472
       56576            1           1.260       113152        28288
       56576            2           1.958       226304        56576
       56576            4           2.814       452608       113152
       56576            8           4.913       905216       226304
       56576           16           9.113      1810432       452608
       56576           32          17.520      3620864       905216
       56576           64          34.417      7241728      1810432
       56576          128          68.065     14483456      3620864
       56576          256         138.024     28966912      7241728
       56576          512         270.476     57933824     14483456
       56576         1024         539.676    115867648     28966912
       62208            1           1.488       124416        31104
       62208            2           1.918       248832        62208
       62208            4           3.016       497664       124416
       62208            8           5.318       995328       248832
       62208           16           9.946      1990656       497664
       62208           32          19.147      3981312       995328
       62208           64          37.688      7962624      1990656
       62208          128          74.637     15925248      3981312
       62208          256         148.641     31850496      7962624
       62208          512         296.376     63700992     15925248
       68416            1           1.961       136832        34208
       68416            2           2.006       273664        68416
       68416            4           3.294       547328       136832
       68416            8           5.815      1094656       273664
       68416           16          11.045      2189312       547328
       68416           32          21.020      4378624      1094656
       68416           64          41.352      8757248      2189312
       68416          128          81.829     17514496      4378624
       68416          256         162.940     35028992      8757248
       68416          512         325.273     70057984     17514496
       75200            1           1.839       150400        37600
       75200            2           2.118       300800        75200
       75200            4           3.506       601600       150400
       75200            8           6.289      1203200       300800
       75200           16          11.914      2406400       601600
       75200           32          22.938      4812800      1203200
       75200           64          45.375      9625600      2406400
       75200          128          89.788     19251200      4812800
       75200          256         178.783     38502400      9625600
       75200          512         356.952     77004800     19251200
       82688            1           1.294       165376        41344
       82688            2           2.248       330752        82688
       82688            4           3.767       661504       165376
       82688            8           6.812      1323008       330752
       82688           16          12.892      2646016       661504
       82688           32          25.101      5292032      1323008
       82688           64          49.524     10584064      2646016
       82688          128          98.503     21168128      5292032
       82688          256         196.154     42336256     10584064
       82688          512         391.500     84672512     21168128
       90944            1           1.583       181888        45472
       90944            2           2.395       363776        90944
       90944            4           4.155       727552       181888
       90944            8           7.482      1455104       363776
       90944           16          14.079      2910208       727552
       90944           32          27.508      5820416      1455104
       90944           64          54.349     11640832      2910208
       90944          128         108.001     23281664      5820416
       90944          256         229.714     46563328     11640832
       90944          512         450.479     93126656     23281664
      100032            1           1.758       200064        50016
      100032            2           2.601       400128       100032
      100032            4           4.449       800256       200064
      100032            8          14.927      1600512       400128
      100032           16          15.578      3201024       800256
      100032           32          30.306      6402048      1600512
      100032           64          59.602     12804096      3201024
      100032          128         118.540     25608192      6402048
      100032          256         236.598     51216384     12804096
      100032          512         472.195    102432768     25608192
      110016            1           2.057       220032        55008
      110016            2           2.755       440064       110016
      110016            4           4.765       880128       220032
      110016            8           8.870      1760256       440064
      110016           16          16.937      3520512       880128
      110016           32          33.042      7041024      1760256
      110016           64          65.407     14082048      3520512
      110016          128         130.140     28164096      7041024
      110016          256         259.578     56328192     14082048
      110016          512         518.515    112656384     28164096
      120960            1           1.498       241920        60480
      120960            2           3.050       483840       120960
      120960            4           5.268       967680       241920
      120960            8           9.603      1935360       483840
      120960           16          18.450      3870720       967680
      120960           32          36.316      7741440      1935360
      120960           64          71.903     15482880      3870720
      120960          128         142.966     30965760      7741440
      120960          256         284.872     61931520     15482880
      120960          512         569.281    123863040     30965760
      133056            1           2.251       266112        66528
      133056            2           3.171       532224       133056
      133056            4           5.677      1064448       266112
      133056            8          10.482      2128896       532224
      133056           16          20.221      4257792      1064448
      133056           32          39.742      8515584      2128896
      133056           64          78.835     17031168      4257792
      133056          128         159.540     34062336      8515584
      133056          256         313.121     68124672     17031168
      146304            1           2.370       292608        73152
      146304            2           3.432       585216       146304
      146304            4           6.098      1170432       292608
      146304            8          11.453      2340864       585216
      146304           16          22.329      4681728      1170432
      146304           32          43.582      9363456      2340864
      146304           64          86.455     18726912      4681728
      146304          128         172.228     37453824      9363456
      146304          256         343.726     74907648     18726912
      160896            1           2.139       321792        80448
      160896            2           3.792       643584       160896
      160896            4           6.618      1287168       321792
      160896            8          12.500      2574336       643584
      160896           16          24.267      5148672      1287168
      160896           32          47.817     10297344      2574336
      160896           64          94.921     20594688      5148672
      160896          128         189.168     41189376     10297344
      160896          256         377.596     82378752     20594688
      176960            1           2.849       353920        88480
      176960            2           4.144       707840       176960
      176960            4           7.399      1415680       353920
      176960            8          13.684      2831360       707840
      176960           16          26.618      5662720      1415680
      176960           32          52.502     11325440      2831360
      176960           64         104.287     22650880      5662720
      176960          128         208.051     45301760     11325440
      176960          256         415.048     90603520     22650880
      194624            1           2.426       389248        97312
      194624            2           4.325       778496       194624
      194624            4           7.873      1556992       389248
      194624            8          15.179      3113984       778496
      194624           16          29.239      6227968      1556992
      194624           32          57.629     12455936      3113984
      194624           64         114.607     24911872      6227968
      194624          128         228.466     49823744     12455936
      194624          256         456.220     99647488     24911872
      214080            1           3.381       428160       107040
      214080            2           4.744       856320       214080
      214080            4           8.657      1712640       428160
      214080            8          16.459      3425280       856320
      214080           16          32.084      6850560      1712640
      214080           32          63.349     13701120      3425280
      214080           64         125.966     27402240      6850560
      214080          128         254.097     54804480     13701120
      214080          256         501.340    109608960     27402240
      235456            1           3.096       470912       117728
      235456            2           5.199       941824       235456
      235456            4           9.456      1883648       470912
      235456            8          18.064      3767296       941824
      235456           16          35.220      7534592      1883648
      235456           32          69.593     15069184      3767296
      235456           64         138.341     30138368      7534592
      235456          128         275.887     60276736     15069184
      235456          256         550.897    120553472     30138368
      258944            1           3.494       517888       129472
      258944            2           5.718      1035776       258944
      258944            4          10.459      2071552       517888
      258944            8          19.909      4143104      1035776
      258944           16          38.755      8286208      2071552
      258944           32          76.506     16572416      4143104
      258944           64         152.089     33144832      8286208
      258944          128         303.298     66289664     16572416
      284800            1           4.411       569600       142400
      284800            2           6.502      1139200       284800
      284800            4          12.146      2278400       569600
      284800            8          23.446      4556800      1139200
      284800           16          45.673      9113600      2278400
      284800           32          91.711     18227200      4556800
      284800           64         183.668     36454400      9113600
      284800          128         367.580     72908800     18227200
      313280            1           4.835       626560       156640
      313280            2           7.198      1253120       313280
      313280            4          13.769      2506240       626560
      313280            8          26.466      5012480      1253120
      313280           16          52.265     10024960      2506240
      313280           32         103.483     20049920      5012480
      313280           64         205.368     40099840     10024960
      313280          128         414.583     80199680     20049920
      344576            1           5.352       689152       172288
      344576            2           7.802      1378304       344576
      344576            4          14.942      2756608       689152
      344576            8          28.575      5513216      1378304
      344576           16          57.086     11026432      2756608
      344576           32         113.394     22052864      5513216
      344576           64         226.457     44105728     11026432
      344576          128         452.026     88211456     22052864
      379008            1           5.610       758016       189504
      379008            2           8.532      1516032       379008
      379008            4          16.244      3032064       758016
      379008            8          31.922      6064128      1516032
      379008           16          62.586     12128256      3032064
      379008           32         124.561     24256512      6064128
      379008           64         248.418     48513024     12128256
      379008          128         497.037     97026048     24256512
      416896            1           6.054       833792       208448
      416896            2           9.307      1667584       416896
      416896            4          17.789      3335168       833792
      416896            8          35.068      6670336      1667584
      416896           16          68.858     13340672      3335168
      416896           32         136.560     26681344      6670336
      416896           64         273.392     53362688     13340672
      416896          128         546.467    106725376     26681344
      458560            1           6.947       917120       229280
      458560            2          10.133      1834240       458560
      458560            4          19.486      3668480       917120
      458560            8          38.337      7336960      1834240
      458560           16          75.312     14673920      3668480
      458560           32         150.261     29347840      7336960
      458560           64         300.560     58695680     14673920
      458560          128         604.241    117391360     29347840
      504384            1           7.700      1008768       252192
      504384            2          11.043      2017536       504384
      504384            4          21.424      4035072      1008768
      504384            8          41.712      8070144      2017536
      504384           16          82.776     16140288      4035072
      504384           32         165.441     32280576      8070144
      504384           64         330.187     64561152     16140288
      554816            1           8.231      1109632       277408
      554816            2          12.082      2219264       554816
      554816            4          23.393      4438528      1109632
      554816            8          45.916      8877056      2219264
      554816           16          90.970     17754112      4438528
      554816           32         181.776     35508224      8877056
      554816           64         363.423     71016448     17754112
      610240            1           9.626      1220480       305120
      610240            2          13.206      2440960       610240
      610240            4          25.707      4881920      1220480
      610240            8          50.624      9763840      2440960
      610240           16         100.634     19527680      4881920
      610240           32         199.710     39055360      9763840
      610240           64         399.467     78110720     19527680
      671232            1          10.295      1342464       335616
      671232            2          14.471      2684928       671232
      671232            4          28.203      5369856      1342464
      671232            8          55.448     10739712      2684928
      671232           16         109.733     21479424      5369856
      671232           32         219.602     42958848     10739712
      671232           64         439.575     85917696     21479424
      738304            1          11.303      1476608       369152
      738304            2          15.858      2953216       738304
      738304            4          30.912      5906432      1476608
      738304            8          61.145     11812864      2953216
      738304           16         120.724     23625728      5906432
      738304           32         241.534     47251456     11812864
      738304           64         485.372     94502912     23625728
      812096            1          12.428      1624192       406048
      812096            2          17.391      3248384       812096
      812096            4          33.935      6496768      1624192
      812096            8          66.480     12993536      3248384
      812096           16         132.874     25987072      6496768
      812096           32         266.741     51974144     12993536
      812096           64         531.904    103948288     25987072
      893248            1          14.972      1786496       446624
      893248            2          19.009      3572992       893248
      893248            4          37.272      7145984      1786496
      893248            8          73.797     14291968      3572992
      893248           16         146.703     28583936      7145984
      893248           32         292.776     57167872     14291968
      893248           64         584.369    114335744     28583936
      982528            1          15.621      1965056       491264
      982528            2          20.903      3930112       982528
      982528            4          40.953      7860224      1965056
      982528            8          80.974     15720448      3930112
      982528           16         161.247     31440896      7860224
      982528           32         321.418     62881792     15720448
     1080768            1          17.637      2161536       540384
     1080768            2          22.944      4323072      1080768
     1080768            4          44.829      8646144      2161536
     1080768            8          89.018     17292288      4323072
     1080768           16         176.546     34584576      8646144
     1080768           32         356.047     69169152     17292288
     1188800            1          19.743      2377600       594400
     1188800            2          25.065      4755200      1188800
     1188800            4          49.260      9510400      2377600
     1188800            8          97.407     19020800      4755200
     1188800           16         194.413     38041600      9510400
     1188800           32         389.393     76083200     19020800
     1307648            1          20.996      2615296       653824
     1307648            2          27.543      5230592      1307648
     1307648            4          54.171     10461184      2615296
     1307648            8         106.975     20922368      5230592
     1307648           16         214.002     41844736     10461184
     1307648           32         428.275     83689472     20922368
     1438400            1          23.154      2876800       719200
     1438400            2          30.307      5753600      1438400
     1438400            4          59.497     11507200      2876800
     1438400            8         117.965     23014400      5753600
     1438400           16         235.874     46028800     11507200
     1438400           32         472.086     92057600     23014400
     1582208            1          24.862      3164416       791104
     1582208            2          33.349      6328832      1582208
     1582208            4          65.228     12657664      3164416
     1582208            8         130.859     25315328      6328832
     1582208           16         262.158     50630656     12657664
     1582208           32         523.275    101261312     25315328
     1740416            1          27.683      3480832       870208
     1740416            2          36.801      6961664      1740416
     1740416            4          72.265     13923328      3480832
     1740416            8         144.685     27846656      6961664
     1740416           16         293.168     55693312     13923328
     1740416           32         578.008    111386624     27846656
     1914432            1          30.347      3828864       957216
     1914432            2          40.880      7657728      1914432
     1914432            4          81.476     15315456      3828864
     1914432            8         163.134     30630912      7657728
     1914432           16         325.885     61261824     15315456
     1914432           32         650.942    122523648     30630912
     2105856            1          34.181      4211712      1052928
     2105856            2          46.169      8423424      2105856
     2105856            4          90.539     16846848      4211712
     2105856            8         180.479     33693696      8423424
     2105856           16         358.489     67387392     16846848
     2316416            1          37.516      4632832      1158208
     2316416            2          51.297      9265664      2316416
     2316416            4         100.948     18531328      4632832
     2316416            8         200.135     37062656      9265664
     2316416           16         400.191     74125312     18531328
     2548032            1          41.298      5096064      1274016
     2548032            2          57.927     10192128      2548032
     2548032            4         113.171     20384256      5096064
     2548032            8         231.399     40768512     10192128
     2548032           16         453.353     81537024     20384256
     2802816            1          46.617      5605632      1401408
     2802816            2          63.590     11211264      2802816
     2802816            4         125.933     22422528      5605632
     2802816            8         250.267     44845056     11211264
     2802816           16         500.396     89690112     22422528
     3083072            1          51.074      6166144      1541536
     3083072            2          70.765     12332288      3083072
     3083072            4         139.052     24664576      6166144
     3083072            8         277.341     49329152     12332288
     3083072           16         553.007     98658304     24664576
     3391360            1          56.050      6782720      1695680
     3391360            2          77.150     13565440      3391360
     3391360            4         152.993     27130880      6782720
     3391360            8         304.965     54261760     13565440
     3391360           16         608.443    108523520     27130880
     3730496            1          61.807      7460992      1865248
     3730496            2          89.258     14921984      3730496
     3730496            4         168.192     29843968      7460992
     3730496            8         335.050     59687936     14921984
     3730496           16         669.635    119375872     29843968
     4103488            1          68.995      8206976      2051744
     4103488            2          93.569     16413952      4103488
     4103488            4         184.561     32827904      8206976
     4103488            8         368.329     65655808     16413952
     4513792            1          74.524      9027584      2256896
     4513792            2         102.819     18055168      4513792
     4513792            4         203.094     36110336      9027584
     4513792            8         405.107     72220672     18055168
     4965120            1          83.040      9930240      2482560
     4965120            2         112.924     19860480      4965120
     4965120            4         224.846     39720960      9930240
     4965120            8         447.649     79441920     19860480
     5461632            1          93.494     10923264      2730816
     5461632            2         124.567     21846528      5461632
     5461632            4         251.296     43693056     10923264
     5461632            8         491.883     87386112     21846528
     6007744            1         100.405     12015488      3003872
     6007744            2         136.830     24030976      6007744
     6007744            4         271.641     48061952     12015488
     6007744            8         541.043     96123904     24030976
     6608512            1         111.331     13217024      3304256
     6608512            2         149.758     26434048      6608512
     6608512            4         298.419     52868096     13217024
     6608512            8         594.863    105736192     26434048
     7269312            1         121.511     14538624      3634656
     7269312            2         165.172     29077248      7269312
     7269312            4         328.122     58154496     14538624
     7269312            8         659.319    116308992     29077248
     7996224            1         133.512     15992448      3998112
     7996224            2         180.649     31984896      7996224
     7996224            4         360.740     63969792     15992448
     8795840            1         147.445     17591680      4397920
     8795840            2         199.254     35183360      8795840
     8795840            4         396.521     70366720     17591680
     9675392            1         161.429     19350784      4837696
     9675392            2         218.880     38701568      9675392
     9675392            4         435.864     77403136     19350784
    10642880            1         178.969     21285760      5321440
    10642880            2         240.815     42571520     10642880
    10642880            4         479.469     85143040     21285760
    11707136            1         197.864     23414272      5853568
    11707136            2         265.554     46828544     11707136
    11707136            4         531.979     93657088     23414272
    12877824            1         218.090     25755648      6438912
    12877824            2         293.387     51511296     12877824
    12877824            4         583.470    103022592     25755648
    14165568            1         240.765     28331136      7082784
    14165568            2         325.573     56662272     14165568
    14165568            4         647.709    113324544     28331136
    15582080            1         268.138     31164160      7791040
    15582080            2         365.974     62328320     15582080
    15582080            4         727.344    124656640     31164160
    17140288            1         317.444     34280576      8570144
    17140288            2         487.425     68561152     17140288
    18854272            1         343.547     37708544      9427136
    18854272            2         589.140     75417088     18854272
    20739648            1         431.471     41479296     10369824
    20739648            2         994.473     82958592     20739648
    22813568            1         654.433     45627136     11406784
    22813568            2        1694.172     91254272     22813568
    25094912            1        1019.783     50189824     12547456
    25094912            2        2518.993    100379648     25094912
    27604352            1        1463.518     55208704     13802176
    27604352            2        3424.694    110417408     27604352
    30364736            1        1933.222     60729472     15182368
    30364736            2        4261.777    121458944     30364736
    33401152            1        2357.398     66802304     16700576
    36741248            1        2773.888     73482496     18370624
    40415360            1        3151.264     80830720     20207680
    44456896            1        3512.059     88913792     22228448
    48902528            1        3867.642     97805056     24451264
    53792768            1        4287.077    107585536     26896384
    59172032            1        4717.274    118344064     29586016

META_DATA
MPI_PROCS      1
OPENMP_THREADS 8
FLOPS          4
ERT_VERSION  1.0.0
TIMESTAMP_DATA  1594866803.12
HOSTNAME  ('apollo-PowerEdge-R430', [], ['127.0.1.1'])
UNAME  ('Linux', 'apollo-PowerEdge-R430', '4.19.129-0419129-generic', '#202006220433 SMP Mon Jun 22 09:12:54 UTC 2020', 'x86_64', 'x86_64')
CONFIG  {'ERT_WORKING_SET_MIN': ['1'], 'ERT_CFLAGS': ['-O3'], 'ERT_CC': ['gcc'], 'ERT_MPI_CFLAGS': [], 'ERT_MPI_LDFLAGS': [], 'ERT_MEMORY_MAX': ['62497788'], 'ERT_PROCS_THREADS': ['8'], 'ERT_LDFLAGS': [], 'ERT_LDLIBS': [], 'ERT_SPEC_GBYTES_DRAM': ['1.0'], 'ERT_RUN': ['export', 'KMP_AFFINITY=scatter;', 'export', 'OMP_NUM_THREADS=ERT_OPENMP_THREADS;', 'ERT_CODE'], 'ERT_FLOPS': ['1,2,4,8,16'], 'ERT_OPENMP_CFLAGS': ['-fopenmp'], 'ERT_SPEC_GFLOPS': ['1.0'], 'ERT_MPI': ['False'], 'ERT_TRIALS_MIN': ['1'], 'ERT_DRIVER': ['driver1'], 'ERT_RESULTS': ['Results.x86'], 'ERT_OPENMP': ['True'], 'ERT_MPI_PROCS': ['1'], 'ERT_KERNEL': ['kernel1'], 'ERT_OPENMP_THREADS': ['1-32'], 'ERT_LD': ['gcc'], 'ERT_NUM_EXPERIMENTS': ['6'], 'ERT_OPENMP_LDFLAGS': ['-fopenmp'], 'ERT_ALIGN': ['32'], 'ERT_GNUPLOT': ['gnuplot']}
