          64            1           1.869          128           32
          64            2           0.777          256           64
          64            4           0.769          512          128
          64            8           0.764         1024          256
          64           16           1.011         2048          512
          64           32           0.920         4096         1024
          64           64           1.385         8192         2048
          64          128           1.802        16384         4096
          64          256           2.803        32768         8192
          64          512           4.685        65536        16384
          64         1024           8.695       131072        32768
          64         2048          16.788       262144        65536
          64         4096          56.467       524288       131072
          64         8192          64.873      1048576       262144
          64        16384         129.041      2097152       524288
          64        32768         257.658      4194304      1048576
          64        65536         514.335      8388608      2097152
          64       131072        1027.639     16777216      4194304
          64       262144        2076.214     33554432      8388608
          64       524288        4138.114     67108864     16777216
         128            1           0.755          256           64
         128            2           0.747          512          128
         128            4           0.760         1024          256
         128            8           0.760         2048          512
         128           16           0.817         4096         1024
         128           32           0.941         8192         2048
         128           64           1.197        16384         4096
         128          128           1.697        32768         8192
         128          256           2.695        65536        16384
         128          512           4.704       131072        32768
         128         1024           8.718       262144        65536
         128         2048          16.735       524288       131072
         128         4096          32.810      1048576       262144
         128         8192          64.876      2097152       524288
         128        16384         129.067      4194304      1048576
         128        32768         257.440      8388608      2097152
         128        65536         514.180     16777216      4194304
         128       131072        1027.668     33554432      8388608
         128       262144        2065.995     67108864     16777216
         192            1           0.768          384           96
         192            2           0.781          768          192
         192            4           0.785         1536          384
         192            8           0.777         3072          768
         192           16           0.816         6144         1536
         192           32           0.954        12288         3072
         192           64           1.200        24576         6144
         192          128           1.711        49152        12288
         192          256           2.706        98304        24576
         192          512           4.705       196608        49152
         192         1024           8.712       393216        98304
         192         2048          16.745       786432       196608
         192         4096          32.795      1572864       393216
         192         8192          64.897      3145728       786432
         192        16384         129.073      6291456      1572864
         192        32768         257.447     12582912      3145728
         192        65536         514.187     25165824      6291456
         192       131072        1027.673     50331648     12582912
         192       262144        2072.924    100663296     25165824
         256            1           0.911          512          128
         256            2           0.838         1024          256
         256            4           0.969         2048          512
         256            8           0.789         4096         1024
         256           16           0.831         8192         2048
         256           32           0.959        16384         4096
         256           64           1.199        32768         8192
         256          128           1.710        65536        16384
         256          256           2.700       131072        32768
         256          512           4.719       262144        65536
         256         1024           8.723       524288       131072
         256         2048          16.755      1048576       262144
         256         4096          32.788      2097152       524288
         256         8192          64.889      4194304      1048576
         256        16384         129.257      8388608      2097152
         256        32768         257.578     16777216      4194304
         256        65536         514.194     33554432      8388608
         256       131072        1027.675     67108864     16777216
         320            1           0.748          640          160
         320            2           0.765         1280          320
         320            4           0.781         2560          640
         320            8           0.884         5120         1280
         320           16           0.837        10240         2560
         320           32           0.951        20480         5120
         320           64           1.379        40960        10240
         320          128           1.722        81920        20480
         320          256           2.804       163840        40960
         320          512           4.720       327680        81920
         320         1024           8.815       655360       163840
         320         2048          16.765      1310720       327680
         320         4096          32.815      2621440       655360
         320         8192          65.054      5242880      1310720
         320        16384         129.079     10485760      2621440
         320        32768         257.465     20971520      5242880
         320        65536         514.195     41943040     10485760
         320       131072        1033.348     83886080     20971520
         384            1           0.755          768          192
         384            2           0.788         1536          384
         384            4           0.773         3072          768
         384            8           0.789         6144         1536
         384           16           0.847        12288         3072
         384           32           0.960        24576         6144
         384           64           1.210        49152        12288
         384          128           1.721        98304        24576
         384          256           2.720       196608        49152
         384          512           4.718       393216        98304
         384         1024           8.737       786432       196608
         384         2048          16.761      1572864       393216
         384         4096          32.819      3145728       786432
         384         8192          64.896      6291456      1572864
         384        16384         129.083     12582912      3145728
         384        32768         257.457     25165824      6291456
         384        65536         514.211     50331648     12582912
         384       131072        1027.688    100663296     25165824
         448            1           0.748          896          224
         448            2           0.778         1792          448
         448            4           0.795         3584          896
         448            8           0.804         7168         1792
         448           16           0.854        14336         3584
         448           32           0.976        28672         7168
         448           64           1.221        57344        14336
         448          128           1.729       114688        28672
         448          256           2.727       229376        57344
         448          512           4.740       458752       114688
         448         1024           8.833       917504       229376
         448         2048          17.167      1835008       458752
         448         4096          33.167      3670016       917504
         448         8192          65.834      7340032      1835008
         448        16384         131.372     14680064      3670016
         448        32768         260.981     29360128      7340032
         448        65536         530.701     58720256     14680064
         448       131072        1045.204    117440512     29360128
         512            1           0.937         1024          256
         512            2           0.756         2048          512
         512            4           0.812         4096         1024
         512            8           1.040         8192         2048
         512           16           0.933        16384         4096
         512           32           1.080        32768         8192
         512           64           1.388        65536        16384
         512          128           1.854       131072        32768
         512          256           2.732       262144        65536
         512          512           4.894       524288       131072
         512         1024           8.795      1048576       262144
         512         2048          16.922      2097152       524288
         512         4096          33.256      4194304      1048576
         512         8192          65.974      8388608      2097152
         512        16384         128.787     16777216      4194304
         512        32768         261.551     33554432      8388608
         512        65536         522.203     67108864     16777216
         576            1           0.740         1152          288
         576            2           0.768         2304          576
         576            4           0.764         4608         1152
         576            8           0.894         9216         2304
         576           16           0.871        18432         4608
         576           32           1.017        36864         9216
         576           64           1.267        73728        18432
         576          128           1.971       147456        36864
         576          256           3.019       294912        73728
         576          512           5.006       589824       147456
         576         1024           9.201      1179648       294912
         576         2048          17.998      2359296       589824
         576         4096          34.701      4718592      1179648
         576         8192          68.707      9437184      2359296
         576        16384         136.385     18874368      4718592
         576        32768         271.875     37748736      9437184
         576        65536         543.054     75497472     18874368
         640            1           0.749         1280          320
         640            2           0.847         2560          640
         640            4           0.781         5120         1280
         640            8           1.002        10240         2560
         640           16           0.875        20480         5120
         640           32           1.029        40960        10240
         640           64           1.412        81920        20480
         640          128           1.822       163840        40960
         640          256           2.844       327680        81920
         640          512           5.056       655360       163840
         640         1024           9.245      1310720       327680
         640         2048          17.797      2621440       655360
         640         4096          34.748      5242880      1310720
         640         8192          68.719     10485760      2621440
         640        16384         136.471     20971520      5242880
         640        32768         271.941     41943040     10485760
         640        65536         547.998     83886080     20971520
         704            1           0.743         1408          352
         704            2           0.755         2816          704
         704            4           0.780         5632         1408
         704            8           0.973        11264         2816
         704           16           0.972        22528         5632
         704           32           1.066        45056        11264
         704           64           1.338        90112        22528
         704          128           2.027       180224        45056
         704          256           3.206       360448        90112
         704          512           5.718       720896       180224
         704         1024          10.663      1441792       360448
         704         2048          20.578      2883584       720896
         704         4096          40.165      5767168      1441792
         704         8192          79.405     11534336      2883584
         704        16384         157.752     23068672      5767168
         704        32768         314.647     46137344     11534336
         704        65536         628.248     92274688     23068672
         768            1           0.743         1536          384
         768            2           0.755         3072          768
         768            4           0.765         6144         1536
         768            8           0.831        12288         3072
         768           16           0.882        24576         6144
         768           32           1.040        49152        12288
         768           64           1.341        98304        24576
         768          128           1.952       196608        49152
         768          256           3.174       393216        98304
         768          512           5.657       786432       196608
         768         1024          10.564      1572864       393216
         768         2048          20.453      3145728       786432
         768         4096          40.275      6291456      1572864
         768         8192          79.303     12582912      3145728
         768        16384         157.776     25165824      6291456
         768        32768         314.663     50331648     12582912
         768        65536         628.472    100663296     25165824
         832            1           0.744         1664          416
         832            2           0.761         3328          832
         832            4           0.783         6656         1664
         832            8           0.831        13312         3328
         832           16           0.911        26624         6656
         832           32           1.078        53248        13312
         832           64           1.438       106496        26624
         832          128           2.121       212992        53248
         832          256           3.515       425984       106496
         832          512           6.323       851968       212992
         832         1024          11.891      1703936       425984
         832         2048          23.152      3407872       851968
         832         4096          45.501      6815744      1703936
         832         8192          90.136     13631488      3407872
         832        16384         179.405     27262976      6815744
         832        32768         357.920     54525952     13631488
         832        65536         726.142    109051904     27262976
         896            1           0.765         1792          448
         896            2           0.878         3584          896
         896            4           0.870         7168         1792
         896            8           0.849        14336         3584
         896           16           0.901        28672         7168
         896           32           1.116        57344        14336
         896           64           1.427       114688        28672
         896          128           2.185       229376        57344
         896          256           3.520       458752       114688
         896          512           6.310       917504       229376
         896         1024          11.889      1835008       458752
         896         2048          23.190      3670016       917504
         896         4096          45.419      7340032      1835008
         896         8192          90.044     14680064      3670016
         896        16384         179.386     29360128      7340032
         896        32768         357.452     58720256     14680064
         896        65536         714.076    117440512     29360128
         960            1           0.751         1920          480
         960            2           0.778         3840          960
         960            4           0.828         7680         1920
         960            8           0.861        15360         3840
         960           16           0.919        30720         7680
         960           32           1.101        61440        15360
         960           64           1.503       122880        30720
         960          128           2.295       245760        61440
         960          256           3.846       491520       122880
         960          512           6.956       983040       245760
         960         1024          13.220      1966080       491520
         960         2048          25.791      3932160       983040
         960         4096          50.738      7864320      1966080
         960         8192         100.662     15728640      3932160
         960        16384         200.552     31457280      7864320
         960        32768         400.244     62914560     15728640
        1024            1           0.752         2048          512
        1024            2           0.765         4096         1024
        1024            4           0.806         8192         2048
        1024            8           0.834        16384         4096
        1024           16           0.924        32768         8192
        1024           32           1.113        65536        16384
        1024           64           1.511       131072        32768
        1024          128           2.318       262144        65536
        1024          256           3.843       524288       131072
        1024          512           6.983      1048576       262144
        1024         1024          13.224      2097152       524288
        1024         2048          25.816      4194304      1048576
        1024         4096          50.797      8388608      2097152
        1024         8192         100.721     16777216      4194304
        1024        16384         200.551     33554432      8388608
        1024        32768         400.288     67108864     16777216
        1088            1           0.952         2176          544
        1088            2           0.765         4352         1088
        1088            4           0.805         8704         2176
        1088            8           0.838        17408         4352
        1088           16           0.929        34816         8704
        1088           32           1.160        69632        17408
        1088           64           1.594       139264        34816
        1088          128           2.444       278528        69632
        1088          256           4.193       557056       139264
        1088          512           7.643      1114112       278528
        1088         1024          14.639      2228224       557056
        1088         2048          28.507      4456448      1114112
        1088         4096          56.112      8912896      2228224
        1088         8192         111.373     17825792      4456448
        1088        16384         225.855     35651584      8912896
        1088        32768         443.029     71303168     17825792
        1152            1           0.929         2304          576
        1152            2           0.771         4608         1152
        1152            4           0.794         9216         2304
        1152            8           0.844        18432         4608
        1152           16           0.954        36864         9216
        1152           32           1.166        73728        18432
        1152           64           1.594       147456        36864
        1152          128           2.419       294912        73728
        1152          256           4.188       589824       147456
        1152          512           7.656      1179648       294912
        1152         1024          14.687      2359296       589824
        1152         2048          28.491      4718592      1179648
        1152         4096          56.117      9437184      2359296
        1152         8192         111.425     18874368      4718592
        1152        16384         221.940     37748736      9437184
        1152        32768         443.058     75497472     18874368
        1216            1           0.741         2432          608
        1216            2           0.796         4864         1216
        1216            4           0.795         9728         2432
        1216            8           0.855        19456         4864
        1216           16           0.975        38912         9728
        1216           32           1.210        77824        19456
        1216           64           1.648       155648        38912
        1216          128           2.616       311296        77824
        1216          256           4.530       622592       155648
        1216          512           8.340      1245184       311296
        1216         1024          16.001      2490368       622592
        1216         2048          31.121      4980736      1245184
        1216         4096          61.450      9961472      2490368
        1216         8192         122.085     19922944      4980736
        1216        16384         243.306     39845888      9961472
        1216        32768         485.457     79691776     19922944
        1280            1           0.736         2560          640
        1280            2           0.880         5120         1280
        1280            4           0.849        10240         2560
        1280            8           1.026        20480         5120
        1280           16           0.957        40960        10240
        1280           32           1.185        81920        20480
        1280           64           1.683       163840        40960
        1280          128           2.647       327680        81920
        1280          256           4.592       655360       163840
        1280          512           8.311      1310720       327680
        1280         1024          16.030      2621440       655360
        1280         2048          31.139      5242880      1310720
        1280         4096          61.494     10485760      2621440
        1280         8192         122.200     20971520      5242880
        1280        16384         243.317     41943040     10485760
        1280        32768         485.814     83886080     20971520
        1408            1           0.740         2816          704
        1408            2           0.774         5632         1408
        1408            4           0.825        11264         2816
        1408            8           0.864        22528         5632
        1408           16           0.992        45056        11264
        1408           32           1.346        90112        22528
        1408           64           1.730       180224        45056
        1408          128           2.786       360448        90112
        1408          256           5.044       720896       180224
        1408          512           8.984      1441792       360448
        1408         1024          17.228      2883584       720896
        1408         2048          33.942      5767168      1441792
        1408         4096          66.789     11534336      2883584
        1408         8192         132.837     23068672      5767168
        1408        16384         271.787     46137344     11534336
        1408        32768         528.633     92274688     23068672
        1536            1           0.837         3072          768
        1536            2           0.929         6144         1536
        1536            4           0.993        12288         3072
        1536            8           1.017        24576         6144
        1536           16           1.147        49152        12288
        1536           32           1.356        98304        24576
        1536           64           1.899       196608        49152
        1536          128           2.948       393216        98304
        1536          256           5.294       786432       196608
        1536          512           9.644      1572864       393216
        1536         1024          18.708      3145728       786432
        1536         2048          36.577      6291456      1572864
        1536         4096          72.261     12582912      3145728
        1536         8192         143.465     25165824      6291456
        1536        16384         286.193     50331648     12582912
        1536        32768         571.425    100663296     25165824
        1664            1           0.757         3328          832
        1664            2           0.797         6656         1664
        1664            4           0.828        13312         3328
        1664            8           0.933        26624         6656
        1664           16           1.014        53248        13312
        1664           32           1.402       106496        26624
        1664           64           1.923       212992        53248
        1664          128           3.322       425984       106496
        1664          256           5.574       851968       212992
        1664          512          10.381      1703936       425984
        1664         1024          20.008      3407872       851968
        1664         2048          39.286      6815744      1703936
        1664         4096          77.495     13631488      3407872
        1664         8192         154.167     27262976      6815744
        1664        16384         307.603     54525952     13631488
        1664        32768         614.194    109051904     27262976
        1792            1           0.758         3584          896
        1792            2           0.804         7168         1792
        1792            4           0.843        14336         3584
        1792            8           0.901        28672         7168
        1792           16           1.053        57344        14336
        1792           32           1.431       114688        28672
        1792           64           2.124       229376        57344
        1792          128           3.389       458752       114688
        1792          256           5.898       917504       229376
        1792          512          11.090      1835008       458752
        1792         1024          21.379      3670016       917504
        1792         2048          41.882      7340032      1835008
        1792         4096          82.903     14680064      3670016
        1792         8192         164.945     29360128      7340032
        1792        16384         328.964     58720256     14680064
        1792        32768         660.031    117440512     29360128
        1920            1           0.790         3840          960
        1920            2           0.804         7680         1920
        1920            4           0.842        15360         3840
        1920            8           0.901        30720         7680
        1920           16           1.039        61440        15360
        1920           32           1.370       122880        30720
        1920           64           2.091       245760        61440
        1920          128           3.454       491520       122880
        1920          256           6.163       983040       245760
        1920          512          11.621      1966080       491520
        1920         1024          22.684      3932160       983040
        1920         2048          44.540      7864320      1966080
        1920         4096          88.212     15728640      3932160
        1920         8192         175.766     31457280      7864320
        1920        16384         350.332     62914560     15728640
        2112            1           0.946         4224         1056
        2112            2           0.865         8448         2112
        2112            4           0.961        16896         4224
        2112            8           0.925        33792         8448
        2112           16           1.336        67584        16896
        2112           32           1.532       135168        33792
        2112           64           2.298       270336        67584
        2112          128           3.756       540672       135168
        2112          256           6.883      1081344       270336
        2112          512          13.081      2162688       540672
        2112         1024          25.364      4325376      1081344
        2112         2048          49.866      8650752      2162688
        2112         4096          98.954     17301504      4325376
        2112         8192         196.912     34603008      8650752
        2112        16384         393.127     69206016     17301504
        2304            1           0.879         4608         1152
        2304            2           0.920         9216         2304
        2304            4           0.926        18432         4608
        2304            8           1.110        36864         9216
        2304           16           1.199        73728        18432
        2304           32           1.594       147456        36864
        2304           64           2.336       294912        73728
        2304          128           3.968       589824       147456
        2304          256           7.214      1179648       294912
        2304          512          13.699      2359296       589824
        2304         1024          26.679      4718592      1179648
        2304         2048          52.581      9437184      2359296
        2304         4096         104.291     18874368      4718592
        2304         8192         207.762     37748736      9437184
        2304        16384         414.662     75497472     18874368
        2496            1           0.789         4992         1248
        2496            2           0.827         9984         2496
        2496            4           0.877        19968         4992
        2496            8           0.959        39936         9984
        2496           16           1.182        79872        19968
        2496           32           1.817       159744        39936
        2496           64           2.512       319488        79872
        2496          128           4.075       638976       159744
        2496          256           8.485      1277952       319488
        2496          512          17.250      2555904       638976
        2496         1024          34.672      5111808      1277952
        2496         2048          69.626     10223616      2555904
        2496         4096         139.614     20447232      5111808
        2496         8192         279.458     40894464     10223616
        2496        16384         559.078     81788928     20447232
        2688            1           0.770         5376         1344
        2688            2           0.825        10752         2688
        2688            4           0.870        21504         5376
        2688            8           0.961        43008        10752
        2688           16           1.151        86016        21504
        2688           32           1.604       172032        43008
        2688           64           2.546       344064        86016
        2688          128           4.478       688128       172032
        2688          256          56.147      1376256       344064
        2688          512          15.957      2752512       688128
        2688         1024          30.825      5505024      1376256
        2688         2048          60.590     11010048      2752512
        2688         4096         120.368     22020096      5505024
        2688         8192         239.715     44040192     11010048
        2688        16384         478.820     88080384     22020096
        2944            1           0.792         5888         1472
        2944            2           0.982        11776         2944
        2944            4           1.100        23552         5888
        2944            8           1.097        47104        11776
        2944           16           1.226        94208        23552
        2944           32           1.876       188416        47104
        2944           64           2.786       376832        94208
        2944          128           4.867       753664       188416
        2944          256           8.879      1507328       376832
        2944          512          17.064      3014656       753664
        2944         1024          33.550      6029312      1507328
        2944         2048          65.875     12058624      3014656
        2944         4096         130.951     24117248      6029312
        2944         8192         261.224     48234496     12058624
        2944        16384         521.420     96468992     24117248
        3200            1           0.800         6400         1600
        3200            2           0.890        12800         3200
        3200            4           0.957        25600         6400
        3200            8           0.985        51200        12800
        3200           16           1.386       102400        25600
        3200           32           1.751       204800        51200
        3200           64           2.923       409600       102400
        3200          128           5.136       819200       204800
        3200          256           9.547      1638400       409600
        3200          512          18.466      3276800       819200
        3200         1024          36.019      6553600      1638400
        3200         2048          71.311     13107200      3276800
        3200         4096         141.646     26214400      6553600
        3200         8192         282.570     52428800     13107200
        3200        16384         564.201    104857600     26214400
        3520            1           0.815         7040         1760
        3520            2           1.009        14080         3520
        3520            4           1.044        28160         7040
        3520            8           1.013        56320        14080
        3520           16           1.277       112640        28160
        3520           32           1.950       225280        56320
        3520           64           3.176       450560       112640
        3520          128           5.678       901120       225280
        3520          256          10.538      1802240       450560
        3520          512          20.451      3604480       901120
        3520         1024          40.147      7208960      1802240
        3520         2048          79.185     14417920      3604480
        3520         4096         157.647     28835840      7208960
        3520         8192         314.616     57671680     14417920
        3520        16384         634.491    115343360     28835840
        3840            1           0.800         7680         1920
        3840            2           0.935        15360         3840
        3840            4           0.929        30720         7680
        3840            8           1.101        61440        15360
        3840           16           1.306       122880        30720
        3840           32           1.994       245760        61440
        3840           64           3.336       491520       122880
        3840          128           6.043       983040       245760
        3840          256          11.138      1966080       491520
        3840          512          21.728      3932160       983040
        3840         1024          42.801      7864320      1966080
        3840         2048          84.695     15728640      3932160
        3840         4096         168.615     31457280      7864320
        3840         8192         335.945     62914560     15728640
        4224            1           0.817         8448         2112
        4224            2           0.847        16896         4224
        4224            4           0.923        33792         8448
        4224            8           1.132        67584        16896
        4224           16           1.566       135168        33792
        4224           32           2.297       270336        67584
        4224           64           3.946       540672       135168
        4224          128           7.256      1081344       270336
        4224          256          14.005      2162688       540672
        4224          512          27.111      4325376      1081344
        4224         1024          53.450      8650752      2162688
        4224         2048         106.000     17301504      4325376
        4224         4096         211.202     34603008      8650752
        4224         8192         421.590     69206016     17301504
        4608            1           0.800         9216         2304
        4608            2           0.836        18432         4608
        4608            4           0.936        36864         9216
        4608            8           1.148        73728        18432
        4608           16           1.555       147456        36864
        4608           32           2.423       294912        73728
        4608           64           3.856       589824       147456
        4608          128           6.979      1179648       294912
        4608          256          13.231      2359296       589824
        4608          512          25.854      4718592      1179648
        4608         1024          50.786      9437184      2359296
        4608         2048         100.711     18874368      4718592
        4608         4096         200.518     37748736      9437184
        4608         8192         400.139     75497472     18874368
        5056            1           0.975        10112         2528
        5056            2           0.864        20224         5056
        5056            4           0.974        40448        10112
        5056            8           1.120        80896        20224
        5056           16           1.539       161792        40448
        5056           32           2.108       323584        80896
        5056           64           4.183       647168       161792
        5056          128           7.382      1294336       323584
        5056          256          15.011      2588672       647168
        5056          512          30.178      5177344      1294336
        5056         1024          60.612     10354688      2588672
        5056         2048         121.144     20709376      5177344
        5056         4096         242.422     41418752     10354688
        5056         8192         484.946     82837504     20709376
        5504            1           0.887        11008         2752
        5504            2           0.867        22016         5504
        5504            4           0.995        44032        11008
        5504            8           1.235        88064        22016
        5504           16           1.735       176128        44032
        5504           32           2.744       352256        88064
        5504           64           4.791       704512       176128
        5504          128          14.534      1409024       352256
        5504          256          16.904      2818048       704512
        5504          512          32.289      5636096      1409024
        5504         1024          65.410     11272192      2818048
        5504         2048         129.230     22544384      5636096
        5504         4096         258.535     45088768     11272192
        5504         8192         517.053     90177536     22544384
        6016            1           0.876        12032         3008
        6016            2           0.881        24064         6016
        6016            4           0.993        48128        12032
        6016            8           1.296        96256        24064
        6016           16           1.808       192512        48128
        6016           32           2.860       385024        96256
        6016           64           5.091       770048       192512
        6016          128           9.394      1540096       385024
        6016          256          17.385      3080192       770048
        6016          512          35.640      6160384      1540096
        6016         1024          70.406     12320768      3080192
        6016         2048         139.901     24641536      6160384
        6016         4096         278.969     49283072     12320768
        6016         8192         557.097     98566144     24641536
        6592            1           0.845        13184         3296
        6592            2           0.885        26368         6592
        6592            4           1.037        52736        13184
        6592            8           1.306       105472        26368
        6592           16           1.858       210944        52736
        6592           32           3.029       421888       105472
        6592           64           5.416       843776       210944
        6592          128          10.050      1687552       421888
        6592          256          19.413      3375104       843776
        6592          512          38.303      6750208      1687552
        6592         1024          75.685     13500416      3375104
        6592         2048         150.555     27000832      6750208
        6592         4096         300.311     54001664     13500416
        6592         8192         599.860    108003328     27000832
        7232            1           0.917        14464         3616
        7232            2           0.878        28928         7232
        7232            4           1.045        57856        14464
        7232            8           1.359       115712        28928
        7232           16           1.962       231424        57856
        7232           32           3.208       462848       115712
        7232           64           5.799       925696       231424
        7232          128          10.872      1851392       462848
        7232          256          20.961      3702784       925696
        7232          512          41.396      7405568      1851392
        7232         1024          81.901     14811136      3702784
        7232         2048         163.027     29622272      7405568
        7232         4096         331.729     59244544     14811136
        7232         8192         649.822    118489088     29622272
        7936            1           0.805        15872         3968
        7936            2           0.902        31744         7936
        7936            4           1.087        63488        15872
        7936            8           1.393       126976        31744
        7936           16           2.047       253952        63488
        7936           32           3.483       507904       126976
        7936           64           6.372      1015808       253952
        7936          128          11.666      2031616       507904
        7936          256          22.549      4063232      1015808
        7936          512          44.513      8126464      2031616
        7936         1024          88.187     16252928      4063232
        7936         2048         175.536     32505856      8126464
        7936         4096         350.424     65011712     16252928
        8704            1           0.921        17408         4352
        8704            2           1.107        34816         8704
        8704            4           1.199        69632        17408
        8704            8           1.469       139264        34816
        8704           16           2.296       278528        69632
        8704           32           3.640       557056       139264
        8704           64           6.652      1114112       278528
        8704          128          12.560      2228224       557056
        8704          256          24.341      4456448      1114112
        8704          512          48.097      8912896      2228224
        8704         1024          95.370     17825792      4456448
        8704         2048         190.057     35651584      8912896
        8704         4096         378.909     71303168     17825792
        9536            1           0.840        19072         4768
        9536            2           0.946        38144         9536
        9536            4           1.211        76288        19072
        9536            8           1.731       152576        38144
        9536           16           2.436       305152        76288
        9536           32           3.931       610304       152576
        9536           64           7.245      1220608       305152
        9536          128          13.496      2441216       610304
        9536          256          26.440      4882432      1220608
        9536          512          52.097      9764864      2441216
        9536         1024         103.324     19529728      4882432
        9536         2048         205.828     39059456      9764864
        9536         4096         410.861     78118912     19529728
       10432            1           0.854        20864         5216
       10432            2           0.937        41728        10432
       10432            4           1.150        83456        20864
       10432            8           1.569       166912        41728
       10432           16           2.404       333824        83456
       10432           32           4.138       667648       166912
       10432           64           7.643      1335296       333824
       10432          128          14.549      2670592       667648
       10432          256          28.422      5341184      1335296
       10432          512          56.109     10682368      2670592
       10432         1024         111.379     21364736      5341184
       10432         2048         221.878     42729472     10682368
       10432         4096         445.372     85458944     21364736
       11456            1           0.847        22912         5728
       11456            2           1.005        45824        11456
       11456            4           1.205        91648        22912
       11456            8           1.878       183296        45824
       11456           16           2.617       366592        91648
       11456           32           4.500       733184       183296
       11456           64           8.381      1466368       366592
       11456          128          15.781      2932736       733184
       11456          256          30.771      5865472      1466368
       11456          512          60.960     11730944      2932736
       11456         1024         121.361     23461888      5865472
       11456         2048         241.475     46923776     11730944
       11456         4096         482.184     93847552     23461888
       12544            1           0.954        25088         6272
       12544            2           1.060        50176        12544
       12544            4           1.337       100352        25088
       12544            8           1.739       200704        50176
       12544           16           2.752       401408       100352
       12544           32           4.747       802816       200704
       12544           64           9.013      1605632       401408
       12544          128          17.002      3211264       802816
       12544          256          33.331      6422528      1605632
       12544          512          65.892     12845056      3211264
       12544         1024         131.109     25690112      6422528
       12544         2048         261.260     51380224     12845056
       12544         4096         521.427    102760448     25690112
       13760            1           0.894        27520         6880
       13760            2           1.108        55040        13760
       13760            4           1.301       110080        27520
       13760            8           1.981       220160        55040
       13760           16           2.969       440320       110080
       13760           32           5.106       880640       220160
       13760           64           9.608      1761280       440320
       13760          128          18.470      3522560       880640
       13760          256          36.252      7045120      1761280
       13760          512          71.718     14090240      3522560
       13760         1024         142.578     28180480      7045120
       13760         2048         284.273     56360960     14090240
       13760         4096         567.753    112721920     28180480
       15104            1           0.888        30208         7552
       15104            2           1.044        60416        15104
       15104            4           1.327       120832        30208
       15104            8           1.909       241664        60416
       15104           16           3.090       483328       120832
       15104           32           5.492       966656       241664
       15104           64          10.293      1933312       483328
       15104          128          19.944      3866624       966656
       15104          256          39.309      7733248      1933312
       15104          512          77.801     15466496      3866624
       15104         1024         154.818     30932992      7733248
       15104         2048         308.378     61865984     15466496
       15104         4096         621.806    123731968     30932992
       16576            1           0.895        33152         8288
       16576            2           1.053        66304        16576
       16576            4           1.368       132608        33152
       16576            8           2.011       265216        66304
       16576           16           3.295       530432       132608
       16576           32           5.917      1060864       265216
       16576           64          11.236      2121728       530432
       16576          128          21.641      4243456      1060864
       16576          256          42.656      8486912      2121728
       16576          512          84.588     16973824      4243456
       16576         1024         168.383     33947648      8486912
       16576         2048         335.982     67895296     16973824
       18176            1           1.001        36352         9088
       18176            2           1.179        72704        18176
       18176            4           1.606       145408        36352
       18176            8           2.126       290816        72704
       18176           16           3.614       581632       145408
       18176           32           6.500      1163264       290816
       18176           64          12.209      2326528       581632
       18176          128          23.504      4653056      1163264
       18176          256          46.625      9306112      2326528
       18176          512          91.961     18612224      4653056
       18176         1024         183.107     37224448      9306112
       18176         2048         365.542     74448896     18612224
       19968            1           1.109        39936         9984
       19968            2           1.118        79872        19968
       19968            4           1.605       159744        39936
       19968            8           2.322       319488        79872
       19968           16           3.886       638976       159744
       19968           32           6.894      1277952       319488
       19968           64          13.314      2555904       638976
       19968          128          25.541      5111808      1277952
       19968          256          50.389     10223616      2555904
       19968          512         100.219     20447232      5111808
       19968         1024         199.663     40894464     10223616
       19968         2048         398.451     81788928     20447232
       21952            1           1.007        43904        10976
       21952            2           1.163        87808        21952
       21952            4           1.579       175616        43904
       21952            8           2.458       351232        87808
       21952           16           4.088       702464       175616
       21952           32           7.533      1404928       351232
       21952           64          14.339      2809856       702464
       21952          128          28.034      5619712      1404928
       21952          256          55.174     11239424      2809856
       21952          512         109.609     22478848      5619712
       21952         1024         218.548     44957696     11239424
       21952         2048         435.833     89915392     22478848
       24128            1           0.974        48256        12064
       24128            2           1.187        96512        24128
       24128            4           1.727       193024        48256
       24128            8           2.553       386048        96512
       24128           16           4.545       772096       193024
       24128           32           8.188      1544192       386048
       24128           64          15.651      3088384       772096
       24128          128          30.497      6176768      1544192
       24128          256          60.233     12353536      3088384
       24128          512         129.711     24707072      6176768
       24128         1024         238.824     49414144     12353536
       24128         2048         477.005     98828288     24707072
       26496            1           0.996        52992        13248
       26496            2           1.325       105984        26496
       26496            4           1.762       211968        52992
       26496            8           2.763       423936       105984
       26496           16           4.776       847872       211968
       26496           32           8.882      1695744       423936
       26496           64          16.904      3391488       847872
       26496          128          33.118      6782976      1695744
       26496          256          65.546     13565952      3391488
       26496          512         130.513     27131904      6782976
       26496         1024         260.279     54263808     13565952
       26496         2048         519.775    108527616     27131904
       29120            1           1.083        58240        14560
       29120            2           1.295       116480        29120
       29120            4           1.820       232960        58240
       29120            8           2.921       465920       116480
       29120           16           5.120       931840       232960
       29120           32           9.565      1863680       465920
       29120           64          18.511      3727360       931840
       29120          128          36.316      7454720      1863680
       29120          256          71.798     14909440      3727360
       29120          512         143.019     29818880      7454720
       29120         1024         285.225     59637760     14909440
       29120         2048         569.567    119275520     29818880
       32000            1           1.093        64000        16000
       32000            2           1.333       128000        32000
       32000            4           1.928       256000        64000
       32000            8           3.130       512000       128000
       32000           16           5.536      1024000       256000
       32000           32          10.399      2048000       512000
       32000           64          20.138      4096000      1024000
       32000          128          39.624      8192000      2048000
       32000          256          78.482     16384000      4096000
       32000          512         156.240     32768000      8192000
       32000         1024         311.531     65536000     16384000
       35200            1           1.170        70400        17600
       35200            2           1.423       140800        35200
       35200            4           2.278       281600        70400
       35200            8           3.367       563200       140800
       35200           16           6.032      1126400       281600
       35200           32          11.422      2252800       563200
       35200           64          21.974      4505600      1126400
       35200          128          43.366      9011200      2252800
       35200          256          86.077     18022400      4505600
       35200          512         171.125     36044800      9011200
       35200         1024         344.455     72089600     18022400
       38720            1           1.369        77440        19360
       38720            2           1.467       154880        38720
       38720            4           2.188       309760        77440
       38720            8           3.654       619520       154880
       38720           16           6.569      1239040       309760
       38720           32          12.394      2478080       619520
       38720           64          24.087      4956160      1239040
       38720          128          47.392      9912320      2478080
       38720          256          94.096     19824640      4956160
       38720          512         187.551     39649280      9912320
       38720         1024         374.322     79298560     19824640
       42560            1           1.144        85120        21280
       42560            2           1.532       170240        42560
       42560            4           2.321       340480        85120
       42560            8           3.929       680960       170240
       42560           16           7.123      1361920       340480
       42560           32          13.549      2723840       680960
       42560           64          26.439      5447680      1361920
       42560          128          51.853     10895360      2723840
       42560          256         103.111     21790720      5447680
       42560          512         205.603     43581440     10895360
       42560         1024         409.971     87162880     21790720
       46784            1           1.184        93568        23392
       46784            2           1.709       187136        46784
       46784            4           2.547       374272        93568
       46784            8           4.314       748544       187136
       46784           16           7.739      1497088       374272
       46784           32          14.743      2994176       748544
       46784           64          28.895      5988352      1497088
       46784          128          56.841     11976704      2994176
       46784          256         112.970     23953408      5988352
       46784          512         224.985     47906816     11976704
       46784         1024         449.245     95813632     23953408
       51456            1           1.223       102912        25728
       51456            2           1.677       205824        51456
       51456            4           2.637       411648       102912
       51456            8           4.541       823296       205824
       51456           16           8.366      1646592       411648
       51456           32          16.031      3293184       823296
       51456           64          31.390      6586368      1646592
       51456          128          62.095     13172736      3293184
       51456          256         123.620     26345472      6586368
       51456          512         246.466     52690944     13172736
       51456         1024         492.015    105381888     26345472
       56576            1           1.258       113152        28288
       56576            2           1.778       226304        56576
       56576            4           2.829       452608       113152
       56576            8           4.946       905216       226304
       56576           16           9.116      1810432       452608
       56576           32          17.521      3620864       905216
       56576           64          34.413      7241728      1810432
       56576          128          70.783     14483456      3620864
       56576          256         135.648     28966912      7241728
       56576          512         270.312     57933824     14483456
       56576         1024         539.754    115867648     28966912
       62208            1           1.316       124416        31104
       62208            2           1.877       248832        62208
       62208            4           3.041       497664       124416
       62208            8           5.342       995328       248832
       62208           16           9.954      1990656       497664
       62208           32          19.338      3981312       995328
       62208           64          37.684      7962624      1990656
       62208          128          74.721     15925248      3981312
       62208          256         148.616     31850496      7962624
       62208          512         296.539     63700992     15925248
       68416            1           1.524       136832        34208
       68416            2           1.999       273664        68416
       68416            4           3.418       547328       136832
       68416            8           5.879      1094656       273664
       68416           16          10.831      2189312       547328
       68416           32          20.977      4378624      1094656
       68416           64          41.232      8757248      2189312
       68416          128          81.820     17514496      4378624
       68416          256         163.042     35028992      8757248
       68416          512         325.284     70057984     17514496
       75200            1           1.671       150400        37600
       75200            2           2.107       300800        75200
       75200            4           3.497       601600       150400
       75200            8           6.273      1203200       300800
       75200           16          11.811      2406400       601600
       75200           32          22.926      4812800      1203200
       75200           64          45.201      9625600      2406400
       75200          128          89.738     19251200      4812800
       75200          256         178.878     38502400      9625600
       75200          512         356.932     77004800     19251200
       82688            1           1.523       165376        41344
       82688            2           2.252       330752        82688
       82688            4           3.769       661504       165376
       82688            8           6.806      1323008       330752
       82688           16          12.892      2646016       661504
       82688           32          25.105      5292032      1323008
       82688           64          49.529     10584064      2646016
       82688          128          98.364     21168128      5292032
       82688          256         196.161     42336256     10584064
       82688          512         391.507     84672512     21168128
       90944            1           1.652       181888        45472
       90944            2           2.406       363776        90944
       90944            4           4.074       727552       181888
       90944            8           7.440      1455104       363776
       90944           16          14.108      2910208       727552
       90944           32          27.498      5820416      1455104
       90944           64          54.343     11640832      2910208
       90944          128         113.603     23281664      5820416
       90944          256         215.452     46563328     11640832
       90944          512         430.117     93126656     23281664
      100032            1           1.808       200064        50016
      100032            2           2.593       400128       100032
      100032            4           4.447       800256       200064
      100032            8           8.102      1600512       400128
      100032           16          15.464      3201024       800256
      100032           32          30.139      6402048      1600512
      100032           64          59.617     12804096      3201024
      100032          128         118.546     25608192      6402048
      100032          256         236.484     51216384     12804096
      100032          512         472.221    102432768     25608192
      110016            1           1.453       220032        55008
      110016            2           2.757       440064       110016
      110016            4           4.779       880128       220032
      110016            8           8.835      1760256       440064
      110016           16          17.115      3520512       880128
      110016           32          33.043      7041024      1760256
      110016           64          65.627     14082048      3520512
      110016          128         130.138     28164096      7041024
      110016          256         259.585     56328192     14082048
      110016          512         518.513    112656384     28164096
      120960            1           1.899       241920        60480
      120960            2           2.978       483840       120960
      120960            4           5.193       967680       241920
      120960            8           9.628      1935360       483840
      120960           16          18.499      3870720       967680
      120960           32          36.325      7741440      1935360
      120960           64          71.909     15482880      3870720
      120960          128         142.854     30965760      7741440
      120960          256         284.941     61931520     15482880
      120960          512         569.192    123863040     30965760
      133056            1           2.194       266112        66528
      133056            2           3.251       532224       133056
      133056            4           5.806      1064448       266112
      133056            8          10.508      2128896       532224
      133056           16          20.262      4257792      1064448
      133056           32          39.738      8515584      2128896
      133056           64          81.422     17031168      4257792
      133056          128         156.951     34062336      8515584
      133056          256         313.067     68124672     17031168
      146304            1           2.504       292608        73152
      146304            2           3.602       585216       146304
      146304            4           6.098      1170432       292608
      146304            8          11.512      2340864       585216
      146304           16          22.141      4681728      1170432
      146304           32          43.583      9363456      2340864
      146304           64          86.446     18726912      4681728
      146304          128         172.331     37453824      9363456
      146304          256         343.702     74907648     18726912
      160896            1           2.234       321792        80448
      160896            2           3.690       643584       160896
      160896            4           6.620      1287168       321792
      160896            8          12.507      2574336       643584
      160896           16          24.347      5148672      1287168
      160896           32          47.824     10297344      2574336
      160896           64          94.934     20594688      5148672
      160896          128         189.163     41189376     10297344
      160896          256         377.586     82378752     20594688
      176960            1           3.096       353920        88480
      176960            2           3.995       707840       176960
      176960            4           7.231      1415680       353920
      176960            8          13.685      2831360       707840
      176960           16          26.664      5662720      1415680
      176960           32          52.503     11325440      2831360
      176960           64         104.291     22650880      5662720
      176960          128         208.007     45301760     11325440
      176960          256         415.044     90603520     22650880
      194624            1           2.574       389248        97312
      194624            2           4.338       778496       194624
      194624            4           7.872      1556992       389248
      194624            8          15.206      3113984       778496
      194624           16          29.216      6227968      1556992
      194624           32          57.628     12455936      3113984
      194624           64         114.587     24911872      6227968
      194624          128         228.415     49823744     12455936
      194624          256         456.076     99647488     24911872
      214080            1           3.047       428160       107040
      214080            2           4.672       856320       214080
      214080            4           8.803      1712640       428160
      214080            8          16.489      3425280       856320
      214080           16          32.077      6850560      1712640
      214080           32          63.332     13701120      3425280
      214080           64         130.629     27402240      6850560
      214080          128         251.263     54804480     13701120
      214080          256         501.390    109608960     27402240
      235456            1           3.786       470912       117728
      235456            2           5.372       941824       235456
      235456            4           9.472      1883648       470912
      235456            8          18.084      3767296       941824
      235456           16          35.222      7534592      1883648
      235456           32          69.604     15069184      3767296
      235456           64         138.393     30138368      7534592
      235456          128         275.877     60276736     15069184
      235456          256         551.022    120553472     30138368
      258944            1           3.405       517888       129472
      258944            2           5.723      1035776       258944
      258944            4          10.461      2071552       517888
      258944            8          19.883      4143104      1035776
      258944           16          38.743      8286208      2071552
      258944           32          76.533     16572416      4143104
      258944           64         152.094     33144832      8286208
      258944          128         303.280     66289664     16572416
      284800            1           4.595       569600       142400
      284800            2           6.539      1139200       284800
      284800            4          12.276      2278400       569600
      284800            8          23.478      4556800      1139200
      284800           16          45.790      9113600      2278400
      284800           32          91.691     18227200      4556800
      284800           64         183.461     36454400      9113600
      284800          128         367.370     72908800     18227200
      313280            1           5.106       626560       156640
      313280            2           7.231      1253120       313280
      313280            4          13.646      2506240       626560
      313280            8          26.503      5012480      1253120
      313280           16          52.157     10024960      2506240
      313280           32         103.475     20049920      5012480
      313280           64         206.141     40099840     10024960
      313280          128         413.768     80199680     20049920
      344576            1           5.329       689152       172288
      344576            2           7.834      1378304       344576
      344576            4          14.964      2756608       689152
      344576            8          29.030      5513216      1378304
      344576           16          57.159     11026432      2756608
      344576           32         113.259     22052864      5513216
      344576           64         226.113     44105728     11026432
      344576          128         451.741     88211456     22052864
      379008            1           5.794       758016       189504
      379008            2           8.534      1516032       379008
      379008            4          16.381      3032064       758016
      379008            8          31.724      6064128      1516032
      379008           16          62.653     12128256      3032064
      379008           32         124.105     24256512      6064128
      379008           64         248.447     48513024     12128256
      379008          128         497.023     97026048     24256512
      416896            1           6.415       833792       208448
      416896            2           9.294      1667584       416896
      416896            4          17.834      3335168       833792
      416896            8          34.857      6670336      1667584
      416896           16          68.413     13340672      3335168
      416896           32         136.511     26681344      6670336
      416896           64         273.070     53362688     13340672
      416896          128         546.357    106725376     26681344
      458560            1           6.847       917120       229280
      458560            2          10.362      1834240       458560
      458560            4          19.462      3668480       917120
      458560            8          37.880      7336960      1834240
      458560           16          75.687     14673920      3668480
      458560           32         150.071     29347840      7336960
      458560           64         300.399     58695680     14673920
      458560          128         603.954    117391360     29347840
      504384            1           8.494      1008768       252192
      504384            2          11.087      2017536       504384
      504384            4          21.549      4035072      1008768
      504384            8          42.043      8070144      2017536
      504384           16          83.149     16140288      4035072
      504384           32         165.147     32280576      8070144
      504384           64         330.384     64561152     16140288
      554816            1           8.380      1109632       277408
      554816            2          12.117      2219264       554816
      554816            4          23.433      4438528      1109632
      554816            8          45.704      8877056      2219264
      554816           16          91.056     17754112      4438528
      554816           32         181.490     35508224      8877056
      554816           64         363.425     71016448     17754112
      610240            1           9.920      1220480       305120
      610240            2          13.215      2440960       610240
      610240            4          25.688      4881920      1220480
      610240            8          50.675      9763840      2440960
      610240           16          99.823     19527680      4881920
      610240           32         199.855     39055360      9763840
      610240           64         399.394     78110720     19527680
      671232            1          10.809      1342464       335616
      671232            2          14.471      2684928       671232
      671232            4          28.181      5369856      1342464
      671232            8          55.143     10739712      2684928
      671232           16         109.863     21479424      5369856
      671232           32         220.002     42958848     10739712
      671232           64         439.682     85917696     21479424
      738304            1          11.949      1476608       369152
      738304            2          15.831      2953216       738304
      738304            4          30.916      5906432      1476608
      738304            8          61.073     11812864      2953216
      738304           16         121.260     23625728      5906432
      738304           32         245.364     47251456     11812864
      738304           64         484.853     94502912     23625728
      812096            1          13.101      1624192       406048
      812096            2          17.388      3248384       812096
      812096            4          33.952      6496768      1624192
      812096            8          66.579     12993536      3248384
      812096           16         133.319     25987072      6496768
      812096           32         266.561     51974144     12993536
      812096           64         533.599    103948288     25987072
      893248            1          14.774      1786496       446624
      893248            2          19.009      3572992       893248
      893248            4          37.226      7145984      1786496
      893248            8          73.242     14291968      3572992
      893248           16         146.750     28583936      7145984
      893248           32         293.664     57167872     14291968
      893248           64         587.479    114335744     28583936
      982528            1          16.168      1965056       491264
      982528            2          20.860      3930112       982528
      982528            4          40.903      7860224      1965056
      982528            8          80.712     15720448      3930112
      982528           16         161.293     31440896      7860224
      982528           32         322.806     62881792     15720448
     1080768            1          17.885      2161536       540384
     1080768            2          22.920      4323072      1080768
     1080768            4          44.862      8646144      2161536
     1080768            8          89.874     17292288      4323072
     1080768           16         180.093     34584576      8646144
     1080768           32         362.796     69169152     17292288
     1188800            1          20.341      2377600       594400
     1188800            2          25.172      4755200      1188800
     1188800            4          49.034      9510400      2377600
     1188800            8          97.991     19020800      4755200
     1188800           16         196.139     38041600      9510400
     1188800           32         392.529     76083200     19020800
     1307648            1          21.281      2615296       653824
     1307648            2          27.075      5230592      1307648
     1307648            4          54.377     10461184      2615296
     1307648            8         108.753     20922368      5230592
     1307648           16         217.713     41844736     10461184
     1307648           32         435.259     83689472     20922368
     1438400            1          22.970      2876800       719200
     1438400            2          30.444      5753600      1438400
     1438400            4          60.929     11507200      2876800
     1438400            8         122.062     23014400      5753600
     1438400           16         244.319     46028800     11507200
     1438400           32         489.055     92057600     23014400
     1582208            1          24.928      3164416       791104
     1582208            2          33.407      6328832      1582208
     1582208            4          66.994     12657664      3164416
     1582208            8         134.399     25315328      6328832
     1582208           16         268.666     50630656     12657664
     1582208           32         537.641    101261312     25315328
     1740416            1          27.942      3480832       870208
     1740416            2          36.791      6961664      1740416
     1740416            4          77.222     13923328      3480832
     1740416            8         147.544     27846656      6961664
     1740416           16         294.993     55693312     13923328
     1740416           32         590.013    111386624     27846656
     1914432            1          30.160      3828864       957216
     1914432            2          40.732      7657728      1914432
     1914432            4          81.689     15315456      3828864
     1914432            8         163.472     30630912      7657728
     1914432           16         327.098     61261824     15315456
     1914432           32         654.168    122523648     30630912
     2105856            1          34.300      4211712      1052928
     2105856            2          45.348      8423424      2105856
     2105856            4          90.866     16846848      4211712
     2105856            8         180.984     33693696      8423424
     2105856           16         361.616     67387392     16846848
     2316416            1          37.460      4632832      1158208
     2316416            2          52.016      9265664      2316416
     2316416            4         103.088     18531328      4632832
     2316416            8         204.060     37062656      9265664
     2316416           16         406.250     74125312     18531328
     2548032            1          41.135      5096064      1274016
     2548032            2          64.397     10192128      2548032
     2548032            4         114.536     20384256      5096064
     2548032            8         227.007     40768512     10192128
     2548032           16         451.667     81537024     20384256
     2802816            1          46.301      5605632      1401408
     2802816            2          64.483     11211264      2802816
     2802816            4         127.022     22422528      5605632
     2802816            8         252.055     44845056     11211264
     2802816           16         502.212     89690112     22422528
     3083072            1          50.729      6166144      1541536
     3083072            2          70.297     12332288      3083072
     3083072            4         139.071     24664576      6166144
     3083072            8         277.390     49329152     12332288
     3083072           16         552.634     98658304     24664576
     3391360            1          56.700      6782720      1695680
     3391360            2          77.506     13565440      3391360
     3391360            4         154.046     27130880      6782720
     3391360            8         305.906     54261760     13565440
     3391360           16         614.296    108523520     27130880
     3730496            1          61.623      7460992      1865248
     3730496            2          85.596     14921984      3730496
     3730496            4         168.617     29843968      7460992
     3730496            8         335.892     59687936     14921984
     3730496           16         670.597    119375872     29843968
     4103488            1          69.034      8206976      2051744
     4103488            2          93.293     16413952      4103488
     4103488            4         185.352     32827904      8206976
     4103488            8         369.425     65655808     16413952
     4513792            1          75.300      9027584      2256896
     4513792            2         103.114     18055168      4513792
     4513792            4         203.752     36110336      9027584
     4513792            8         405.336     72220672     18055168
     4965120            1          84.432      9930240      2482560
     4965120            2         113.234     19860480      4965120
     4965120            4         224.123     39720960      9930240
     4965120            8         446.381     79441920     19860480
     5461632            1          92.169     10923264      2730816
     5461632            2         127.279     21846528      5461632
     5461632            4         246.895     43693056     10923264
     5461632            8         491.573     87386112     21846528
     6007744            1         100.539     12015488      3003872
     6007744            2         136.568     24030976      6007744
     6007744            4         271.107     48061952     12015488
     6007744            8         539.068     96123904     24030976
     6608512            1         112.249     13217024      3304256
     6608512            2         150.100     26434048      6608512
     6608512            4         297.481     52868096     13217024
     6608512            8         593.636    105736192     26434048
     7269312            1         120.671     14538624      3634656
     7269312            2         164.319     29077248      7269312
     7269312            4         327.106     58154496     14538624
     7269312            8         657.778    116308992     29077248
     7996224            1         133.224     15992448      3998112
     7996224            2         180.454     31984896      7996224
     7996224            4         359.617     63969792     15992448
     8795840            1         146.125     17591680      4397920
     8795840            2         198.616     35183360      8795840
     8795840            4         396.105     70366720     17591680
     9675392            1         162.008     19350784      4837696
     9675392            2         218.791     38701568      9675392
     9675392            4         435.597     77403136     19350784
    10642880            1         178.943     21285760      5321440
    10642880            2         239.825     42571520     10642880
    10642880            4         478.308     85143040     21285760
    11707136            1         197.645     23414272      5853568
    11707136            2         264.189     46828544     11707136
    11707136            4         531.076     93657088     23414272
    12877824            1         216.203     25755648      6438912
    12877824            2         292.003     51511296     12877824
    12877824            4         581.746    103022592     25755648
    14165568            1         241.728     28331136      7082784
    14165568            2         322.720     56662272     14165568
    14165568            4         642.892    113324544     28331136
    15582080            1         264.136     31164160      7791040
    15582080            2         366.837     62328320     15582080
    15582080            4         734.558    124656640     31164160
    17140288            1         300.699     34280576      8570144
    17140288            2         441.808     68561152     17140288
    18854272            1         345.083     37708544      9427136
    18854272            2         622.693     75417088     18854272
    20739648            1         447.479     41479296     10369824
    20739648            2        1042.767     82958592     20739648
    22813568            1         699.440     45627136     11406784
    22813568            2        1731.511     91254272     22813568
    25094912            1        1048.721     50189824     12547456
    25094912            2        2565.259    100379648     25094912
    27604352            1        1482.253     55208704     13802176
    27604352            2        3397.243    110417408     27604352
    30364736            1        1926.423     60729472     15182368
    30364736            2        4213.611    121458944     30364736
    33401152            1        2332.058     66802304     16700576
    36741248            1        2785.658     73482496     18370624
    40415360            1        3153.970     80830720     20207680
    44456896            1        3512.044     88913792     22228448
    48902528            1        3890.840     97805056     24451264
    53792768            1        4286.970    107585536     26896384
    59172032            1        4729.119    118344064     29586016

META_DATA
MPI_PROCS      1
OPENMP_THREADS 8
FLOPS          4
ERT_VERSION  1.0.0
TIMESTAMP_DATA  1594866803.5
HOSTNAME  ('apollo-PowerEdge-R430', [], ['127.0.1.1'])
UNAME  ('Linux', 'apollo-PowerEdge-R430', '4.19.129-0419129-generic', '#202006220433 SMP Mon Jun 22 09:12:54 UTC 2020', 'x86_64', 'x86_64')
CONFIG  {'ERT_WORKING_SET_MIN': ['1'], 'ERT_CFLAGS': ['-O3'], 'ERT_CC': ['gcc'], 'ERT_MPI_CFLAGS': [], 'ERT_MPI_LDFLAGS': [], 'ERT_MEMORY_MAX': ['62497788'], 'ERT_PROCS_THREADS': ['8'], 'ERT_LDFLAGS': [], 'ERT_LDLIBS': [], 'ERT_SPEC_GBYTES_DRAM': ['1.0'], 'ERT_RUN': ['export', 'KMP_AFFINITY=scatter;', 'export', 'OMP_NUM_THREADS=ERT_OPENMP_THREADS;', 'ERT_CODE'], 'ERT_FLOPS': ['1,2,4,8,16'], 'ERT_OPENMP_CFLAGS': ['-fopenmp'], 'ERT_SPEC_GFLOPS': ['1.0'], 'ERT_MPI': ['False'], 'ERT_TRIALS_MIN': ['1'], 'ERT_DRIVER': ['driver1'], 'ERT_RESULTS': ['Results.x86'], 'ERT_OPENMP': ['True'], 'ERT_MPI_PROCS': ['1'], 'ERT_KERNEL': ['kernel1'], 'ERT_OPENMP_THREADS': ['1-32'], 'ERT_LD': ['gcc'], 'ERT_NUM_EXPERIMENTS': ['6'], 'ERT_OPENMP_LDFLAGS': ['-fopenmp'], 'ERT_ALIGN': ['32'], 'ERT_GNUPLOT': ['gnuplot']}
