8 4194304 25208.002 25208.394 25244.272 2.6583798495 2.66216340478 2.66220480306 0.664594962374 0.665540851194 0.665551200766
16 2097152 12604.315 12604.718 12608.381 5.32255997023 5.32410673527 5.32427696388 1.33063999256 1.33102668382 1.33106924097
24 2097152 12604.29 12606.569 12660.669 7.95086705134 7.98498750929 7.98643128649 1.98771676283 1.99624687732 1.99660782162
32 1048576 6301.357 6303.348 6303.588 10.6461374062 10.6465427579 10.6499066788 2.66153435155 2.66163568948 2.66247666971
40 1048576 6301.296 6303.318 6303.581 13.3076865356 13.3082417863 13.3125122197 3.32692163391 3.32706044658 3.32812805493
48 1048576 6301.299 6303.591 6315.979 15.9378769309 15.9691985092 15.9750070581 3.98446923272 3.99229962731 3.99375176452
56 1048576 6302.671 6318.822 6374.041 18.4248127679 18.5858237501 18.6334511194 4.60620319198 4.64645593751 4.65836277984
64 524288 3161.281 3218.291 3225.528 20.8055437745 20.8523293885 21.2283767245 5.20138594363 5.21308234712 5.30709418112
72 524288 3327.357 3327.694 3329.315 22.676578215 22.6876245232 22.6899223618 5.66914455376 5.67190613079 5.67248059045
80 524288 3327.355 3327.62 3372.799 24.8713546227 25.2090322813 25.2110400002 6.21783865567 6.30225807033 6.30276000006
88 524288 3849.918 3852.641 3856.869 23.9247659176 23.9510216498 23.967961915 5.98119147941 5.98775541246 5.99199047876
96 524288 3852.211 3852.259 3852.538 26.129085813 26.130978213 26.1313038149 6.53227145326 6.53274455326 6.53282595372
104 524288 4377.192 4382.478 4401.459 24.7763080379 24.8836169856 24.9136670267 6.19407700946 6.22090424641 6.22841675668
112 524288 4377.114 4377.355 4379.635 26.8151368778 26.8291038767 26.8305810632 6.70378421946 6.70727596916 6.70764526581
120 262144 2452.748 2455.865 2456.741 25.6089510453 25.6180856847 25.6506416477 6.40223776133 6.40452142117 6.41266041191
128 262144 2450.156 2452.483 2452.765 27.3604947885 27.3636408489 27.3896290685 6.84012369713 6.84091021222 6.84740726713
136 262144 2712.623 2715.284 2717.886 26.234789833 26.2599300847 26.285690271 6.55869745825 6.56498252117 6.57142256775
144 262144 2712.621 2715.012 2719.234 27.76424243 27.8074174258 27.8319278661 6.94106060751 6.95185435644 6.95798196652
152 262144 2977.418 2977.609 2981.401 26.7296401926 26.7636805235 26.7653974014 6.68241004816 6.69092013088 6.69134935034
160 262144 2977.35 2977.63 2979.563 28.1538198722 28.1720966003 28.174745999 7.03845496806 7.04302415008 7.04368649974
176 262144 3237.513 3239.962 3240.263 28.4775303733 28.4801760021 28.5017196842 7.11938259333 7.12004400052 7.12542992105
192 262144 3499.957 3502.318 3502.578 28.7397728188 28.7419063603 28.7612950673 7.18494320469 7.18547659008 7.19032376683
208 262144 3762.418 3764.736 3765.022 28.9644798888 28.9666802666 28.9845264402 7.24111997221 7.24167006664 7.24613161004
224 262144 4027.142 4027.286 4027.425 29.1601983898 29.1612048412 29.1622475691 7.29004959745 7.29030121029 7.29056189228
240 131072 2143.972 2146.366 2146.733 29.3071192365 29.3121303636 29.3448608471 7.32677980913 7.3280325909 7.33621521177
264 131072 2406.438 2408.981 2409.498 28.7221720043 28.728336172 28.7586948012 7.18054300107 7.182084043 7.1896737003
288 131072 2537.601 2539.983 2562.313 29.4645782931 29.7236131108 29.7515141269 7.36614457328 7.4309032777 7.43787853173
312 131072 2800.044 2803.948 2806.028 29.1475808509 29.1692028525 29.2098724163 7.28689521273 7.29230071314 7.30246810407
336 131072 2931.317 2933.613 2933.864 30.0219723886 30.0245410693 30.0480582619 7.50549309716 7.50613526733 7.51201456547
368 131072 3196.028 3196.221 3205.885 30.091220365 30.1822032957 30.1840259222 7.52280509126 7.54555082393 7.54600648054
400 131072 3458.47 3458.567 3458.952 30.3148468091 30.3182213905 30.3190717282 7.57871170227 7.57955534763 7.57976793206
440 131072 3852.233 3856.936 3877.695 29.7453409822 29.9054378916 29.9419479559 7.43633524555 7.47635947291 7.48548698897
480 65536 2056.458 2058.85 2059.064 30.5549317554 30.5581076815 30.5936518032 7.63873293885 7.63952692037 7.64841295081
528 65536 2581.364 2583.652 2583.932 26.7832187534 26.7861213507 26.8098633126 6.69580468836 6.69653033768 6.70246582814
576 65536 2450.161 2513.556 2620.559 28.809682209 30.0361209378 30.8132698219 7.20242055226 7.50903023446 7.70331745547
632 65536 2712.618 2975.929 2978.335 27.8133601492 27.8358468902 30.537843515 6.9533400373 6.95896172254 7.63446087875
688 65536 2909.39 3171.881 3174.373 28.4079835608 28.4303023979 30.9953412915 7.10199589021 7.10757559946 7.74883532287
752 65536 3412.471 3414.866 3435.477 28.6906720668 28.8638394596 28.8840971835 7.1726680167 7.2159598649 7.22102429588
824 65536 3677.187 3677.226 3693.184 29.2439607666 29.3708703245 29.37118183 7.31099019166 7.34271758113 7.34279545751
904 65536 3983.394 3983.74 3984.073 29.7406920004 29.7431780186 29.745761529 7.43517300009 7.43579450466 7.43644038225
992 32768 2143.94 2146.22 2146.543 30.2867037837 30.2912618464 30.3234754704 7.57167594593 7.5728154616 7.5808688676
1088 32768 2318.905 2321.418 2321.65 30.7122813516 30.7153507038 30.7486369644 7.67807033791 7.67883767594 7.68715924111
1192 32768 2515.772 2518.106 2518.368 31.0196571748 31.0228846601 31.0516660492 7.7549142937 7.75572116503 7.76291651231
1304 32768 2712.599 2714.935 2715.166 31.474666374 31.4773443931 31.5044516348 7.8686665935 7.86933609829 7.87611290869
1432 32768 2953.184 2955.498 2955.709 31.7512826872 31.7535494864 31.7784303315 7.93782067179 7.9383873716 7.94460758287
1568 32768 3193.763 3196.036 3196.479 32.1480128604 32.1524688708 32.1753517716 8.0370032151 8.0381172177 8.04383794289
1720 32768 3478.08 3480.46 3480.652 32.3852887333 32.3870752717 32.4092372803 8.09632218332 8.09676881791 8.10230932008
1888 32768 3775.373 3775.851 3795.98 32.5955268468 32.769293068 32.7734419884 8.14888171171 8.19232326699 8.1933604971
2072 16384 2056.447 2056.492 2059.112 32.9730951983 33.0151033897 33.0158258394 8.24327379958 8.25377584741 8.25395645986
2272 16384 2236.877 2239.195 2239.739 33.2399873378 33.2480628083 33.2825166516 8.30999683445 8.31201570207 8.32062916289
2496 16384 2439.192 2441.506 2441.759 33.495905206 33.4993762047 33.5311562189 8.37397630151 8.37484405117 8.38278905474
2744 16384 2668.87 2671.168 2674.239 33.6227958683 33.6614514699 33.6904352779 8.40569896707 8.41536286748 8.42260881946
3016 16384 2920.369 2922.808 2922.963 33.8109952127 33.8127882502 33.8410276236 8.45274880318 8.45319706255 8.46025690589
3312 16384 3182.817 3185.207 3185.557 34.0686467076 34.0723902717 34.0979754727 8.51716167691 8.51809756791 8.52449386817
3640 16384 3489.024 3491.595 3495.337 34.1241831617 34.1607546121 34.1859270673 8.53104579043 8.54018865304 8.54648176682
4000 8192 1906.105 1908.363 1908.708 34.3352676261 34.3414748662 34.3821562821 8.58381690651 8.58536871654 8.59553907051
4400 8192 2089.275 2091.547 2091.841 34.4622750964 34.4671193141 34.5046008783 8.61556877411 8.61677982852 8.62615021957
4840 8192 2291.56 2294.095 2314.189 34.266241867 34.5663802066 34.6046186877 8.56656046676 8.64159505164 8.65115467193
5320 8192 2510.299 2512.611 2512.882 34.686419816 34.6901609521 34.7221107924 8.67160495399 8.67254023802 8.68052769809
5848 8192 2750.853 2753.146 2753.448 34.7976907499 34.8015078023 34.8305169342 8.69942268748 8.70037695059 8.70762923355
6432 8192 3013.326 3015.6 3015.854 34.9426358173 34.9455789893 34.9719505955 8.73565895431 8.73639474731 8.74298764886
7072 8192 3305.847 3308.161 3308.575 35.020408484 35.0247911151 35.0493074846 8.755102121 8.75619777877 8.76232687115
7776 4096 1813.157 1815.42 1815.733 35.082796865 35.0888455564 35.1326399203 8.77069921624 8.7722113891 8.78315998008
8552 4096 1990.841 1993.356 2000.216 35.0252092774 35.1457461688 35.1901452703 8.75630231935 8.78643654219 8.79753631757
9400 4096 2184.951 2187.693 2194.062 35.0969115731 35.1990887204 35.2432617482 8.77422789329 8.7997721801 8.81081543705
10336 4096 2396.844 2399.13 2399.43 35.2885943745 35.2930070484 35.3266679016 8.82214859362 8.8232517621 8.83166697541
11368 4096 2633.276 2635.9 2636.102 35.3274099409 35.3301172275 35.3653228906 8.83185248522 8.83252930688 8.84133072264
12504 4096 2891.669 2893.996 2894.279 35.3914629516 35.3949238354 35.4234070359 8.84786573789 8.84873095885 8.85585175897
13752 4096 3175.989 3178.379 3201.353 35.1902411262 35.4446036801 35.4712765063 8.79756028154 8.86115092001 8.86781912658
15120 4096 3488.568 3488.62 3495.968 35.4302556545 35.5048815864 35.5054108161 8.85756391363 8.8762203966 8.87635270403
16632 2048 1916.339 1916.376 1919.278 35.4949475792 35.5486981678 35.5493845296 8.87373689481 8.88717454195 8.88734613239
18288 2048 2104.313 2106.698 2121.565 35.3077317923 35.5568989955 35.5971987057 8.82693294808 8.88922474887 8.89929967643
20112 2048 2312.098 2314.504 2314.769 35.5883252281 35.5923999267 35.6294378525 8.89708130703 8.89809998168 8.90735946314
22120 2048 2541.748 2544.278 2561.171 35.3758183269 35.6106997742 35.6461458807 8.84395458171 8.90267494354 8.91153647018
24328 2048 2793.281 2795.805 2811.646 35.4409794121 35.6417876068 35.6739934149 8.86024485301 8.9104469017 8.91849835373
26760 2048 3070.046 3072.659 3073.104 35.6671821064 35.6723476312 35.7027093405 8.91679552661 8.91808690779 8.92567733513
29432 2048 3374.267 3376.728 3399.911 35.4578316903 35.7012682099 35.727306701 8.86445792258 8.92531705248 8.93182667525
32368 1024 1854.582 1857.166 1861.295 35.6148079697 35.6939896595 35.7437223051 8.90370199243 8.92349741488 8.93593057627
35600 1024 2114.897 2119.793 2209.887 32.9920941659 34.3943017078 34.4739247349 8.24802354148 8.59857542694 8.61848118372
39160 1024 2360.618 2368.22 2509.501 31.9584172312 33.8649618701 33.974018668 7.98960430779 8.46624046752 8.493504667
43072 1024 2596.007 2600.748 2772.298 31.8188939284 33.9177252083 33.9796680055 7.95472348211 8.47943130207 8.49491700138
47376 1024 2852.41 2856.535 3026.404 32.0598466034 33.9663431395 34.0154634151 8.01496165086 8.49158578488 8.50386585379
52112 1024 3135.149 3144.478 3336.638 31.9859019768 33.9405701042 34.0415642127 7.9964754942 8.48514252604 8.51039105318
57320 1024 3451.268 3455.843 3671.623 31.9726072094 33.9689505571 34.0139797895 7.99315180235 8.49223763927 8.50349494736
63048 512 1896.274 1902.54 2022.342 31.9239535153 33.9341890315 34.0463203103 7.98098837882 8.48354725788 8.51158007756
69352 512 2086.0 2089.798 2227.369 31.8835576862 33.9824461503 34.0443183126 7.97088942156 8.49561153757 8.51107957814
76280 512 2296.549 2298.463 2443.587 31.9655981146 33.9838927144 34.0122157202 7.99139952864 8.4959731786 8.50305393005
83904 512 2522.219 2525.812 2678.342 32.0786874865 34.0158713317 34.064328276 8.01967187163 8.50396783292 8.516082069
92288 512 2774.199 2777.893 2963.437 31.8896308577 34.0196371854 34.0649362212 7.97240771442 8.50490929636 8.51623405531
101512 512 3051.812 3055.239 3255.288 31.9321325794 34.0229644882 34.0611702163 7.98303314484 8.50574112205 8.51529255406
111656 512 3358.309 3360.625 3584.124 31.9006105816 34.0221667101 34.0456295118 7.97515264539 8.50554167752 8.51140737794
122816 256 1846.836 1848.99 1972.806 31.8742907311 34.0087247632 34.0483897866 7.96857268277 8.50218119081 8.51209744666
135096 256 2031.316 2033.963 2167.678 31.9093297067 34.0070846913 34.0513991915 7.97733242668 8.50177117283 8.51284979787
148600 256 2234.665 2237.341 2388.566 31.8530867474 34.006081326 34.0468034359 7.96327168686 8.5015203315 8.51170085897
163456 256 2457.057 2460.822 2631.871 31.7984703658 34.0087466708 34.060858987 7.94961759144 8.50218666771 8.51521474675
179800 256 2703.228 2708.752 2881.291 31.9501223583 33.9852448655 34.0546931298 7.98753058959 8.49631121638 8.51367328246
197776 256 2978.135 3000.433 3201.326 31.6310528825 33.7488995755 34.0015855561 7.90776322062 8.43722489387 8.50039638902
217552 256 3274.524 3291.633 3528.957 31.5636104379 33.8393204832 34.0161269241 7.89090260947 8.45983012079 8.50403173102
239304 256 3628.267 3702.265 3976.045 30.8154580745 33.0942404177 33.7691928405 7.70386451864 8.27356010442 8.44229821014
263232 128 2018.521 2048.598 2253.591 29.902228044 32.8943950936 33.3845384814 7.47555701101 8.22359877341 8.34613462035
289552 128 2248.838 2276.744 2537.394 29.213165949 32.5575962866 32.9616059494 7.30329148725 8.13939907166 8.24040148735
318504 128 2482.535 2540.052 2767.466 29.4627012581 32.1005333749 32.8442595975 7.36567531453 8.02513334373 8.21106489939
350352 128 2760.158 2826.356 3100.514 28.9274978278 31.7334801419 32.4945571956 7.23187445694 7.93337003548 8.12363929891
385384 128 3066.396 3086.284 3418.781 28.8577431547 31.9666965192 32.1740257945 7.21443578866 7.99167412979 8.04350644861
423920 128 3378.316 3405.375 3783.374 28.6843225121 31.8683023162 32.1235550493 7.17108062803 7.96707557905 8.03088876233
466312 128 3716.654 3789.129 4172.144 28.6125963054 31.5048318492 32.119178164 7.15314907635 7.8762079623 8.029794541
512936 64 2043.294 2061.449 2297.181 28.5810338846 31.8493486863 32.132335337 7.14525847114 7.96233717157 8.03308383424
564224 64 2256.656 2268.176 2546.291 28.3630865443 31.8408589104 32.0034032657 7.09077163608 7.9602147276 8.00085081643
620640 64 2489.678 2494.426 2778.57 28.5909370647 31.8477758009 31.9085118638 7.14773426619 7.96194395023 7.97712796595
682704 64 2735.717 2738.741 3055.328 28.6012212109 31.907402708 31.9426724329 7.15030530274 7.97685067701 7.98566810821
750968 64 3006.858 3014.269 3360.178 28.6067892832 31.8896236534 31.9682219779 7.1516973208 7.97240591334 7.99205549447
826064 64 3310.193 3313.219 3730.995 28.3399447064 31.9134328277 31.9426063677 7.08498617661 7.97835820693 7.98565159192
908664 64 3641.292 3644.508 4064.054 28.6189583111 31.9134961427 31.9416822381 7.15473957777 7.97837403567 7.98542055952
999528 32 2002.039 2006.51 2236.535 28.6021868649 31.8811229448 31.9523206091 7.15054671624 7.9702807362 7.98808015228
1099480 32 2202.235 2206.519 2459.758 28.607171925 31.8903757457 31.9524119815 7.15179298126 7.97259393642 7.98810299537
1209424 32 2420.537 2425.216 2706.354 28.6005215873 31.915976144 31.9776710705 7.15013039684 7.978994036 7.99441776763
1330360 32 2662.932 2669.046 2976.186 28.6081044666 31.900177067 31.973418773 7.15202611665 7.97504426675 7.99335469325
1463392 32 2929.027 2935.073 3272.352 28.6207253987 31.9096281421 31.975494934 7.15518134968 7.97740703553 7.9938737335
1609728 32 3225.839 3238.387 3599.257 28.6232941966 31.8129340317 31.9366812789 7.15582354914 7.95323350792 7.98417031972
1770696 32 3548.321 3550.655 3989.298 28.4071393012 31.9165179382 31.9375118542 7.1017848253 7.97912948456 7.98437796355
1947760 32 3899.41 3936.288 4352.589 28.639653319 31.668577096 31.9680772219 7.15991332974 7.917144274 7.99201930548
2142536 16 2145.265 2149.728 2397.21 28.6003946254 31.8929427351 31.9592926748 7.15009865635 7.97323568377 7.9898231687
2356784 16 2358.661 2364.538 2759.654 27.3284578429 31.8950627987 31.9745347042 6.83211446073 7.97376569968 7.99363367606
2592456 16 2594.124 2600.954 2961.523 28.0121383491 31.8954475935 31.9794242681 7.00303458727 7.97386189836 7.99485606702
2851696 16 2858.983 2860.547 3191.869 28.5896043979 31.9009867693 31.9184381299 7.14740109948 7.97524669233 7.97960953248
3136864 16 3143.698 3144.938 3509.281 28.6040496615 31.9178463932 31.9304360661 7.15101241536 7.97946159829 7.98260901651
3450544 16 3457.462 3459.094 4079.98 27.0632228589 31.9209041443 31.9359715306 6.76580571473 7.98022603607 7.98399288264
3795592 16 3802.698 3803.774 4244.442 28.6159980511 31.9311673091 31.9402024563 7.15399951277 7.98279182727 7.98505061406
4175144 8 2089.904 2094.391 2336.414 28.5918094995 31.8958131505 31.9642930967 7.14795237488 7.97395328761 7.99107327418
4592656 8 2298.446 2303.737 2601.725 28.2437598132 31.8970854746 31.9705122505 7.0609399533 7.97427136865 7.99262806261
5051920 8 2529.041 2533.638 2824.869 28.6139711257 31.9030263992 31.9610160531 7.15349278144 7.9757565998 7.99025401328
5557112 8 2785.419 2787.118 3119.811 28.4997366828 31.9016963042 31.9211551296 7.12493417069 7.97542407605 7.98028878241
6112816 8 3059.823 3065.429 3422.79 28.5746586849 31.9058298202 31.9642855159 7.14366467122 7.97645745506 7.99107137897
6724096 8 3370.007 3371.173 3773.956 28.5073636259 31.9133832645 31.9244250828 7.12684090647 7.97834581613 7.9811062707
7396504 8 3702.669 3707.135 4160.026 28.4479145082 31.9233219184 31.9618264555 7.11197862706 7.9808304796 7.99045661386
8136152 4 2036.543 2042.363 2297.18 28.3343995682 31.8695628544 31.9606391812 7.08359989204 7.9673907136 7.9901597953
8949760 4 2241.045 2246.03 2534.675 28.2474400071 31.8776151699 31.9485240145 7.06186000178 7.96940379247 7.98713100362
9844736 4 2465.141 2470.462 2794.684 28.1813213945 31.879821669 31.9486341755 7.04533034862 7.96995541725 7.98715854387
10829208 4 2715.891 2733.089 3093.974 28.0007731157 31.6980764256 31.8988000623 7.00019327894 7.9245191064 7.97470001557
11912128 4 2981.751 3039.123 3427.234 27.8058119171 31.3567512733 31.9600878812 6.95145297928 7.83918781833 7.99002197031
13103336 4 3297.976 3341.573 3783.445 27.7066768514 31.3704617556 31.7851579272 6.92666921285 7.8426154389 7.94628948179
14413664 4 3671.025 3712.236 4157.138 27.7376675973 31.0619561903 31.4106583311 6.93441689932 7.76548904757 7.85266458278
15855024 2 2061.776 2097.981 2359.84 26.8747440504 30.2291088432 30.7599351239 6.71868601261 7.5572772108 7.68998378097
17440520 2 2376.96 2432.977 2785.992 25.0403016233 28.6735468523 29.3492864836 6.26007540582 7.16838671307 7.33732162089
19184568 2 2830.494 2883.901 3295.867 23.2831822401 26.6091908148 27.1112646768 5.82079556002 6.6522977037 6.77781616919
21103024 2 3411.763 3477.727 3999.139 21.1075674039 24.2722030798 24.7414887845 5.27689185097 6.06805076994 6.18537219613
23213320 2 4222.348 4258.094 4818.823 19.2688712576 21.8063011291 21.9909112181 4.81721781439 5.45157528227 5.49772780453
25534648 2 5127.386 5145.7 5752.587 17.755245075 19.8493095206 19.9202072947 4.43881126874 4.96232738014 4.98005182368
28088112 2 5953.815 6103.671 6663.874 16.8599298246 18.4073564909 18.8706649434 4.21498245615 4.60183912272 4.71766623585
30896920 2 6805.563 6916.056 7619.719 16.219453762 17.8696760119 18.1598025027 4.0548634405 4.46741900297 4.53995062569
33986608 1 3802.275 3846.84 4223.973 16.0922468018 17.6698838527 17.876985752 4.02306170044 4.41747096318 4.46924643799
37385264 1 4257.356 4277.291 4744.956 15.7578970174 17.4808139077 17.5626675336 3.93947425435 4.37020347692 4.39066688339
41123784 1 4725.713 4782.844 5329.506 15.4324937433 17.1963727021 17.4042664038 3.85812343583 4.29909317552 4.35106660096
45236160 1 5225.349 5238.106 5803.042 15.5904989142 17.2719528776 17.3141200712 3.89762472855 4.31798821941 4.3285300178
49759776 1 5771.152 5775.108 6401.048 15.5473841159 17.232500587 17.2443130938 3.88684602896 4.30812514675 4.31107827345
54735752 1 6341.046 6357.211 7030.213 15.5715771343 17.2200520008 17.2639504586 3.89289428357 4.3050130002 4.31598761466
60209320 1 6972.193 7000.537 7739.007 15.5599600827 17.2013432684 17.2712717505 3.88999002068 4.3003358171 4.31781793763

META_DATA
TIMESTAMP_DATA  1594852833.95
HOSTNAME  ('apollo-PowerEdge-R430', [], ['127.0.1.1'])
MPI_PROCS      1
OPENMP_THREADS 1
TIMESTAMP_DATA  1594852834.98
CONFIG  {'ERT_WORKING_SET_MIN': ['1'], 'ERT_CFLAGS': ['-O3'], 'ERT_CC': ['gcc'], 'ERT_MPI_CFLAGS': [], 'ERT_MPI_LDFLAGS': [], 'ERT_MEMORY_MAX': ['62497788'], 'ERT_PROCS_THREADS': ['1'], 'ERT_LDFLAGS': [], 'ERT_LDLIBS': [], 'ERT_SPEC_GBYTES_DRAM': ['1.0'], 'ERT_RUN': ['export', 'KMP_AFFINITY=scatter;', 'export', 'OMP_NUM_THREADS=ERT_OPENMP_THREADS;', 'ERT_CODE'], 'ERT_FLOPS': ['1,2,4,8,16'], 'ERT_OPENMP_CFLAGS': ['-fopenmp'], 'ERT_SPEC_GFLOPS': ['1.0'], 'ERT_MPI': ['False'], 'ERT_TRIALS_MIN': ['1'], 'ERT_DRIVER': ['driver1'], 'ERT_RESULTS': ['Results.x86'], 'ERT_OPENMP': ['True'], 'ERT_MPI_PROCS': ['1'], 'ERT_KERNEL': ['kernel1'], 'ERT_OPENMP_THREADS': ['1-32'], 'ERT_LD': ['gcc'], 'ERT_NUM_EXPERIMENTS': ['6'], 'ERT_OPENMP_LDFLAGS': ['-fopenmp'], 'ERT_ALIGN': ['32'], 'ERT_GNUPLOT': ['gnuplot']}
FLOPS          4
TIMESTAMP_DATA  1594852836.0
TIMESTAMP_DATA  1594852837.03
TIMESTAMP_DATA  1594852838.12
UNAME  ('Linux', 'apollo-PowerEdge-R430', '4.19.129-0419129-generic', '#202006220433 SMP Mon Jun 22 09:12:54 UTC 2020', 'x86_64', 'x86_64')
TIMESTAMP_DATA  1594852832.93
ERT_VERSION  1.0.0
