8 4194304 16804.068 16805.969 16843.322 3.98430095916 3.99315647911 3.99360821439 0.498037619895 0.499144559888 0.499201026799
16 2097152 8402.237 8402.477 8434.233 7.95672398427 7.98679532238 7.98702345578 0.994590498033 0.998349415297 0.998377931972
24 2097152 8402.203 8402.462 8415.17 11.9621226903 11.9802143705 11.9805836636 1.49526533629 1.49752679631 1.49757295795
32 1048576 4201.383 4201.613 4236.166 15.8418872159 15.9721668797 15.9730412581 1.98023590199 1.99652085996 1.99663015726
40 1048576 4201.393 4201.668 4223.564 19.8614440316 19.9649472543 19.9662540495 2.48268050395 2.49561840679 2.49578175619
48 1048576 4201.37 4201.613 4238.587 23.7492579485 23.9582503196 23.9596360235 2.96865724356 2.99478128995 2.99495450294
56 1048576 4201.499 4202.145 4204.758 27.9303855299 27.9477533498 27.9520504468 3.49129819124 3.49346916872 3.49400630584
64 524288 2100.144 2101.88 2102.735 31.9150363693 31.9280187261 31.9544107452 3.98937954616 3.99100234076 3.99430134315
72 524288 2275.158 2277.021 2277.38 33.15102091 33.1562475708 33.1833973728 4.14387761375 4.14453094635 4.14792467161
80 524288 2450.169 2452.342 2452.458 34.2048997373 34.206517688 34.2368546823 4.27561246717 4.275814711 4.27960683528
88 524288 2800.073 2802.094 2802.242 32.9288790904 32.9306183162 32.9543865464 4.1161098863 4.11632728952 4.11929831829
96 524288 2802.071 2802.241 2802.513 35.9189398943 35.9224263723 35.9246057648 4.48986748679 4.49030329654 4.4905757206
104 524288 3150.02 3152.054 3182.461 34.2665327242 34.5970925625 34.6194322576 4.28331659053 4.32463657031 4.3274290322
112 524288 3152.039 3152.089 3152.328 37.2551688784 37.2579936671 37.2585846812 4.6568961098 4.65724920838 4.65732308515
120 262144 1750.301 1752.548 1752.769 35.894381975 35.8989083323 35.9449946038 4.48679774688 4.48736354154 4.49312432547
128 262144 1750.291 1752.331 1752.561 38.2918848474 38.2969108005 38.3415466342 4.78648560592 4.78711385007 4.79269332928
136 262144 1925.272 1927.283 1927.523 36.9921230512 36.9967295929 37.035373703 4.6240153814 4.62459119911 4.62942171288
144 262144 1925.273 1927.608 1927.66 39.165346586 39.1664031276 39.2139047294 4.89566832325 4.89580039095 4.90173809117
152 262144 2100.231 2102.278 2102.483 37.9036482102 37.9073443189 37.9442908899 4.73795602628 4.73841803986 4.74303636124
160 262144 2100.261 2102.269 2102.334 39.9014048196 39.9026385301 39.9407883115 4.98767560245 4.98782981626 4.99259853894
176 262144 2275.194 2277.525 2298.18 40.1512013854 40.5153348481 40.5568439439 5.01890017318 5.06441685602 5.06960549298
192 262144 2450.157 2450.173 2452.427 41.0463985268 41.0841585472 41.0844268347 5.13079981586 5.1355198184 5.13555335434
208 262144 2625.132 2626.97 2639.774 41.3110758724 41.5124283871 41.5414935325 5.16388448405 5.18905354838 5.19268669156
224 262144 2802.094 2802.338 2804.786 41.871469695 41.9080467809 41.9116960387 5.23393371188 5.23850584762 5.23896200484
240 131072 1487.84 1490.06 1510.312 41.6566643184 42.2228366643 42.2858371868 5.2070830398 5.27785458304 5.28572964835
264 131072 1662.814 1664.83 1665.172 41.5608813984 41.5694190998 41.6198179712 5.1951101748 5.19617738748 5.2024772464
288 131072 1750.292 1750.325 1764.727 42.7813888494 43.1334020825 43.1342153195 5.34767360617 5.39167526031 5.39177691494
312 131072 1925.261 1925.272 1927.657 42.4291915004 42.4817521888 42.4819949087 5.30364893754 5.3102190236 5.31024936359
336 131072 2012.744 2012.773 2015.011 43.7121107527 43.7607141988 43.7613447115 5.46401384409 5.47008927485 5.47016808894
368 131072 2187.706 2187.745 2189.705 44.0557024805 44.0951719693 44.0959580492 5.50696281006 5.51189649616 5.51199475615
400 131072 2362.69 2364.823 2365.105 44.3352832115 44.3405700976 44.3806000787 5.54191040144 5.5425712622 5.54757500984
440 131072 2625.148 2627.381 2627.422 43.899822716 43.900507768 43.9378503612 5.48747783949 5.487563471 5.49223129515
480 65536 1400.365 1402.405 1402.613 44.8552523041 44.8619050845 44.9272582505 5.60690653801 5.60773813556 5.61590728132
528 65536 1902.373 1904.623 1926.839 35.9168648756 36.3358081888 36.3787837611 4.48960810945 4.5419760236 4.54734797014
576 65536 1662.821 1664.927 1665.609 45.3272478715 45.3458151619 45.4032466513 5.66590598394 5.66822689523 5.67540583142
632 65536 1837.769 1837.795 1839.791 45.0254969179 45.0743983959 45.07503609 5.62818711473 5.63429979949 5.63437951124
688 65536 1969.005 2010.901 2331.432 38.6790333151 44.8443439036 45.79853073 4.83487916439 5.60554298794 5.72481634125
752 65536 2492.911 2493.924 2496.28 39.4852115949 39.5225131159 39.5385731781 4.93565144936 4.94031413948 4.94232164726
824 65536 2649.009 2650.807 2675.366 40.3695524276 40.7435652614 40.7712197278 5.04619405345 5.09294565768 5.09640246598
904 65536 2843.873 2846.171 2862.825 41.3888686874 41.6310502777 41.6646903712 5.17360858592 5.20388128472 5.2080862964
992 32768 1534.75 1534.76 1534.774 42.3591434309 42.3595298288 42.3598058316 5.29489292886 5.2949412286 5.29497572895
1088 32768 1657.342 1657.385 1657.422 43.0205270595 43.0214874637 43.022603663 5.37756588244 5.37768593296 5.37782545787
1192 32768 1772.17 1774.23 1788.325 43.6827265737 44.0297548796 44.0809358019 5.46034082172 5.50371935995 5.51011697523
1304 32768 1903.399 1905.906 1907.903 44.7920801005 44.8390130468 44.8980712925 5.59901001256 5.60487663085 5.61225891156
1432 32768 2056.542 2058.564 2060.67 45.5422517919 45.5888434851 45.6336666112 5.69278147399 5.69860543563 5.7042083264
1568 32768 2227.549 2227.589 2230.871 46.0629269913 46.1307934273 46.131621796 5.75786587391 5.76634917842 5.7664527245
1720 32768 2395.481 2395.531 2397.552 47.0154223975 47.0550871602 47.0560693239 5.87692779969 5.88188589503 5.88200866548
1888 32768 2612.341 2615.427 2615.615 47.3051148583 47.3085152061 47.3644015081 5.91313935728 5.91356440077 5.92055018851
2072 16384 1405.888 1412.756 1416.812 47.9211751453 48.0587560768 48.2935312059 5.99014689317 6.0073445096 6.03669140074
2272 16384 1539.397 1539.432 1539.456 48.3605221585 48.361276107 48.3623756575 6.04506526981 6.04515951338 6.04529695719
2496 16384 1666.73 1667.151 1670.494 48.9609229366 49.0591002255 49.0714920833 6.12011536707 6.13238752818 6.13393651041
2744 16384 1810.455 1812.529 1813.621 49.5778291054 49.6076984148 49.6645274254 6.19722863818 6.20096230184 6.20806592818
3016 16384 1974.208 1977.437 1996.758 49.4943743809 49.9779704739 50.0597140727 6.18679679761 6.24724630924 6.25746425909
3312 16384 2157.258 2159.605 2160.001 50.2442434054 50.2534565349 50.3081300429 6.28053042568 6.28168206686 6.28851625536
3640 16384 2345.11 2357.217 2360.917 50.5208442313 50.600144153 50.8613753726 6.31510552891 6.32501801913 6.35767192157
4000 8192 1284.582 1286.607 1288.114 50.8774844463 50.9370771339 51.0173737449 6.35968555578 6.36713464174 6.37717171812
4400 8192 1404.703 1404.721 1406.774 51.2446206711 51.3195146937 51.3201723069 6.40557758389 6.41493933671 6.41502153836
4840 8192 1533.012 1535.73 1535.748 51.6351380565 51.6357432622 51.7272924152 6.45439225706 6.45446790777 6.4659115519
5320 8192 1679.215 1680.624 1681.053 51.8501677223 51.8634031169 51.9069207933 6.48127096528 6.48292538962 6.48836509917
5848 8192 1832.311 1843.254 1844.668 51.9408543976 51.9806993502 52.2911405324 6.49260679971 6.49758741877 6.53639256655
6432 8192 2013.635 2015.302 2015.336 52.2899843996 52.2908665798 52.3341558922 6.53624804995 6.53635832247 6.54176948653
7072 8192 2206.396 2206.709 2208.859 52.4558824262 52.5069902738 52.5144389312 6.55698530327 6.56337378422 6.5643048664
7776 4096 1209.98 1212.307 1232.035 51.7038817891 52.5452645246 52.646318121 6.46298522363 6.56815806557 6.58078976512
8552 4096 1323.179 1325.226 1325.971 52.8352309364 52.8649332265 52.9467169597 6.60440386705 6.60811665331 6.61833961996
9400 4096 1450.983 1453.686 1453.719 52.9708974018 52.9720998895 53.0707802917 6.62136217522 6.62151248619 6.63384753646
10336 4096 1591.631 1592.435 1592.48 53.1702200342 53.1717225507 53.1985818321 6.64627750427 6.64646531884 6.64982272901
11368 4096 1745.52 1746.945 1748.328 53.2661239767 53.3082930487 53.3518126404 6.65826549709 6.66353663109 6.66897658004
12504 4096 1915.304 1920.507 1921.6 53.3059783514 53.3363158791 53.4812061166 6.66324729392 6.66703948489 6.68515076458
13752 4096 2101.896 2106.403 2149.171 52.4185297494 53.4828254612 53.5975062515 6.55231621867 6.68535318265 6.69968828144
15120 4096 2306.656 2308.771 2309.044 53.6425637623 53.6489067127 53.6980980259 6.70532047029 6.70611333909 6.71226225324
16632 2048 1267.258 1269.561 1270.599 53.6161857518 53.6600226377 53.7575395066 6.70202321897 6.70750282972 6.71969243832
18288 2048 1390.092 1390.163 1392.395 53.797699647 53.8840754645 53.8868276344 6.72471245588 6.73550943307 6.7358534543
20112 2048 1526.657 1526.725 1526.772 53.9561584834 53.9578195156 53.9602228922 6.74451981042 6.74472743945 6.74502786153
22120 2048 1675.537 1676.869 1678.717 53.9718844808 54.0313644059 54.0743176665 6.7464855601 6.75392055074 6.75928970831
24328 2048 1842.273 1844.256 1844.94 54.0112350537 54.0312668089 54.0894254 6.75140438171 6.75390835112 6.761178175
26760 2048 2023.411 2026.131 2028.51 54.0342221631 54.0976669327 54.1703885172 6.75427777038 6.76220836659 6.77129856465
29432 2048 2224.672 2225.436 2248.16 53.6231727279 54.1707207037 54.1893240891 6.70289659099 6.77134008796 6.77366551114
32368 1024 1221.822 1224.22 1224.418 54.1397333264 54.1484896506 54.2547637872 6.7674666658 6.76856120632 6.7818454734
35600 1024 1474.207 1481.568 1497.902 48.6739452915 49.2105661029 49.4562839547 6.08424316144 6.15132076287 6.18203549434
39160 1024 1695.859 1712.379 7573.764 10.5891443145 46.8352391614 47.2914788317 1.32364303931 5.85440489518 5.91143485396
43072 1024 1849.383 1881.585 1889.962 46.6736664547 46.8814621715 47.697775961 5.83420830683 5.86018277144 5.96222199512
47376 1024 2046.178 2065.19 2068.633 46.903461368 46.9816568936 47.4181855147 5.862932671 5.87270711169 5.92727318933
52112 1024 2251.936 2262.765 2279.477 46.8201153159 47.1659125009 47.3927216404 5.85251441449 5.89573906261 5.92409020505
57320 1024 2474.717 2478.586 2492.137 47.1046976952 47.3622299166 47.436276552 5.8880872119 5.92027873957 5.929534569
63048 512 1356.188 1366.004 1367.801 47.2006907438 47.2627840036 47.6048689415 5.90008634297 5.90784800045 5.95060861768
69352 512 1497.288 1503.023 1508.523 47.0768082422 47.2490760288 47.430052201 5.88460103028 5.9061345036 5.92875652513
76280 512 1658.345 1660.035 1664.026 46.9408050115 47.0536585072 47.1016103404 5.86760062643 5.8817073134 5.88770129255
83904 512 1801.077 1813.782 1814.24 47.3574036511 47.3693619189 47.7035107327 5.91967545639 5.92117023986 5.96293884159
92288 512 1983.221 1998.392 2009.02 47.0393087177 47.2894767393 47.6512259602 5.87991358971 5.91118459241 5.95640324502
101512 512 2189.541 2195.036 2204.997 47.1421448646 47.3560743423 47.4749219129 5.89276810807 5.91950929279 5.93436523911
111656 512 2409.43 2415.246 2426.696 47.1158084902 47.339171248 47.4534408553 5.88947606128 5.917396406 5.93168010691
122816 256 1325.84 1328.959 1354.053 46.4396829371 47.3165778628 47.4278887347 5.80496036713 5.91457223285 5.92848609184
135096 256 1457.38 1467.672 1491.372 46.3795431321 47.128481023 47.4613017881 5.79744289151 5.89106012788 5.93266272352
148600 256 1598.409 1610.824 1673.023 45.4764817937 47.2324723247 47.5993315853 5.68456022422 5.90405904059 5.94991644817
163456 256 1762.277 1783.641 1827.115 45.8041622996 46.9205809914 47.4893969563 5.72552028745 5.86507262392 5.93617461954
179800 256 1942.825 1970.328 2084.045 44.172558654 46.721967104 47.3833721514 5.52156983175 5.84024588799 5.92292151892
197776 256 2138.867 2241.571 2285.753 44.3010736506 45.1742603736 47.3434355666 5.53763420632 5.6467825467 5.91792944582
217552 256 2354.117 2492.705 2551.893 43.6486263335 44.6850405483 47.3156703766 5.45607829168 5.58563006854 5.91445879708
239304 256 2628.458 2787.24 2911.323 42.0852128053 43.9587721187 46.6142688983 5.26065160066 5.49484651483 5.82678361229
263232 128 1506.139 1581.078 1604.826 41.9904662562 42.6211685951 44.7418146665 5.24880828202 5.32764607439 5.59272683331
289552 128 1770.624 1826.147 1844.116 40.1955798876 40.5910980879 41.8639485289 5.02444748595 5.07388726099 5.23299356611
318504 128 2042.668 2118.178 2184.288 37.3288797082 38.4939433796 39.9169243362 4.66610996352 4.81174292246 4.98961554203
350352 128 2347.06 2413.698 2471.676 36.2871638516 37.1587961709 38.2138130257 4.53589548145 4.64484952136 4.77672662821
385384 128 2606.558 2717.809 2748.306 35.8978599908 36.3006760225 37.8500321113 4.48723249886 4.53758450281 4.73125401391
423920 128 2852.742 3022.783 3025.831 35.865691111 35.9018560049 38.0418278274 4.48321138887 4.48773200061 4.75522847843
466312 128 3297.773 3322.736 3328.699 35.8626214025 35.9269806569 36.1989354634 4.48282767532 4.49087258211 4.52486693293
512936 64 1826.777 1829.975 1831.268 35.8526485473 35.8779808467 35.9407897078 4.48158106842 4.48474760584 4.49259871347
564224 64 2010.091 2014.142 2017.108 35.8040680023 35.8567926194 35.9290559482 4.47550850029 4.48209907742 4.49113199353
620640 64 2209.791 2211.834 2216.037 35.8486433214 35.9167640971 35.9499699293 4.48108041517 4.48959551214 4.49374624116
682704 64 2430.74 2432.548 2435.723 35.8768677719 35.9236948253 35.9504150999 4.48460847149 4.49046185317 4.49380188749
750968 64 2673.187 2676.508 2700.974 35.5886076652 35.9139236647 35.9585408727 4.44857595815 4.48924045809 4.49481760909
826064 64 2941.657 2944.075 2952.979 35.8066183336 35.9149111351 35.9444326786 4.47582729169 4.48936389188 4.49305408482
908664 64 3233.561 3238.902 3239.964 35.8982359063 35.9100065393 35.9693205107 4.48727948829 4.48875081741 4.49616506384
999528 32 1777.81 1780.546 1783.664 35.8642614304 35.9270650688 35.9823558198 4.4830326788 4.4908831336 4.49779447748
1099480 32 1956.626 1958.61 1961.953 35.8656501965 35.9268665023 35.9632960004 4.48320627456 4.49085831278 4.49541200004
1209424 32 2151.37 2157.06 2157.843 35.8706059709 35.8836267883 35.9785327489 4.48382574636 4.48545334854 4.49731659361
1330360 32 2366.123 2369.181 2374.611 35.8555738182 35.9377523288 35.9841986237 4.48194672727 4.49221904109 4.49802482796
1463392 32 2605.709 2607.343 2610.897 35.8716134723 35.920509116 35.9430343143 4.48395168404 4.4900636395 4.49287928928
1609728 32 2866.994 2869.781 2870.488 35.8902709226 35.8991128591 35.9340103258 4.48628386532 4.48738910739 4.49175129072
1770696 32 3153.184 3156.228 3157.211 35.8938772226 35.9050562887 35.9397180754 4.48673465283 4.48813203609 4.49246475943
1947760 32 3465.013 3471.32 3472.338 35.8999152732 35.9104432896 35.9758073058 4.48748940915 4.4888054112 4.49697591322
2142536 16 1906.005 1907.848 1910.339 35.8895211792 35.936380676 35.9711291418 4.4861901474 4.4920475845 4.49639114273
2356784 16 2096.598 2098.369 2101.538 35.8866163733 35.9408130791 35.9711723468 4.48582704667 4.49260163489 4.49639654335
2592456 16 2306.583 2308.813 2356.617 35.2024075189 35.9312737757 35.966012062 4.40030093986 4.49140922197 4.49575150775
2851696 16 2538.991 2541.116 2542.825 35.886965088 35.9111004771 35.9411561522 4.48587063601 4.48888755964 4.49264451902
3136864 16 2794.179 2795.602 2796.78 35.8911491072 35.9062727813 35.9245588776 4.4863936384 4.48828409766 4.4905698597
3450544 16 3069.667 3072.308 3076.387 35.8919108682 35.9395633511 35.9704840949 4.48648885852 4.49244541888 4.49631051186
3795592 16 3380.55 3381.755 3383.596 35.8964084365 35.9159501501 35.9287524219 4.48705105456 4.48949376877 4.49109405274
4175144 8 1857.901 1858.639 1862.712 35.8629267434 35.9415163461 35.9557931235 4.48286584292 4.49268954326 4.49447414044
4592656 8 2044.563 2047.703 2048.588 35.8698264366 35.8853290736 35.9404410625 4.48372830457 4.4856661342 4.49255513281
5051920 8 2252.068 2253.787 2283.716 35.3943835398 35.8644006732 35.8917759144 4.42429794248 4.48305008415 4.4864719893
5557112 8 2473.658 2475.737 2478.59 35.8727308671 35.9140700325 35.9442542178 4.48409135839 4.48925875406 4.49303177723
6112816 8 2721.738 2727.594 2729.201 35.8365162551 35.8576298379 35.934779909 4.47956453189 4.48220372973 4.49184748863
6724096 8 3006.305 3008.103 3010.392 35.7380487325 35.7652434109 35.7866337581 4.46725609157 4.47065542636 4.47332921976
7396504 8 3311.357 3317.924 3319.52 35.6509567648 35.6681057191 35.7388418102 4.4563695956 4.45851321489 4.46735522627
8136152 4 1826.552 1827.505 1830.824 35.5518695407 35.6164366171 35.6350194246 4.44398369259 4.45205457714 4.45437742807
8949760 4 2016.562 2018.414 2028.882 35.2894254077 35.4724451971 35.5050229053 4.41117817596 4.43405564963 4.43812786317
9844736 4 2222.695 2224.478 2229.519 35.3250580058 35.405109873 35.4335111205 4.41563225072 4.42563873412 4.42918889006
10829208 4 2446.567 2447.097 2451.829 35.3343010463 35.402627685 35.410296959 4.41678763079 4.42532846062 4.42628711987
11912128 4 2690.985 2696.735 2697.953 35.3219733628 35.3379267892 35.4134356007 4.41524667035 4.41724084866 4.42667945009
13103336 4 2967.584 2984.878 3012.746 34.7943995279 35.1192537852 35.3239160206 4.34929994098 4.38990672316 4.41548950257
14413664 4 3281.106 3338.831 3358.615 34.3323995159 34.5358336496 35.1434278563 4.29154993948 4.3169792062 4.39292848204
15855024 2 1870.067 1911.086 1943.076 32.639019781 33.1853699938 33.913274765 4.07987747263 4.14817124923 4.23915934563
17440520 2 2195.324 2267.745 2302.873 30.2934985994 30.7627533078 31.7775781616 3.78668732492 3.84534416348 3.9721972702
19184568 2 2730.205 2789.93 2857.948 26.8508286365 27.5054470901 28.107146533 3.35635357956 3.43818088626 3.51339331662
21103024 2 3414.561 3502.863 3602.443 23.4319032945 24.0980295261 24.7212148209 2.92898791181 3.01225369077 3.09015185261
23213320 2 4312.719 4358.564 4403.233 21.0875236446 21.3036403733 21.5301020076 2.63594045557 2.66295504666 2.69126275095
25534648 2 5279.709 5333.326 5362.246 19.0477258969 19.1510123326 19.3454965037 2.38096573712 2.39387654158 2.41818706296
28088112 2 6199.844 6259.1 6325.35 17.7622499941 17.9502561071 18.121818549 2.22028124926 2.24378201339 2.26522731862
30896920 2 7144.054 7178.115 7208.335 17.1451077121 17.2172889401 17.2993765165 2.14313846401 2.15216111751 2.16242206456
33986608 1 3947.112 3989.195 3990.196 17.0350569245 17.0393314942 17.2210000628 2.12938211557 2.12991643677 2.15262500785
37385264 1 4449.728 4461.693 4468.826 16.7315818517 16.7583309744 16.8033929265 2.09144773146 2.0947913718 2.10042411581
41123784 1 4943.855 4959.385 4963.325 16.5710623423 16.5842272782 16.6363228695 2.07138279279 2.07302840977 2.07954035869
45236160 1 5485.405 5494.414 5535.883 16.3428887496 16.4662364358 16.4932798946 2.0428610937 2.05827955447 2.06165998682
49759776 1 6040.467 6068.567 6069.873 16.3956563836 16.3991848487 16.4754731712 2.04945704795 2.04989810609 2.0594341464
54735752 1 6634.305 6649.344 6666.598 16.4208947352 16.4635043698 16.5008247284 2.0526118419 2.05793804622 2.06260309105
60209320 1 7304.626 7331.353 7359.368 16.3626333131 16.4251591759 16.4852574245 2.04532916413 2.05314489699 2.06065717807

META_DATA
HOSTNAME  ('apollo-PowerEdge-R430', [], ['127.0.1.1'])
MPI_PROCS      1
OPENMP_THREADS 1
TIMESTAMP_DATA  1594866758.58
TIMESTAMP_DATA  1594866760.96
CONFIG  {'ERT_WORKING_SET_MIN': ['1'], 'ERT_CFLAGS': ['-O3'], 'ERT_CC': ['gcc'], 'ERT_MPI_CFLAGS': [], 'ERT_MPI_LDFLAGS': [], 'ERT_MEMORY_MAX': ['62497788'], 'ERT_PROCS_THREADS': ['1'], 'ERT_LDFLAGS': [], 'ERT_LDLIBS': [], 'ERT_SPEC_GBYTES_DRAM': ['1.0'], 'ERT_RUN': ['export', 'KMP_AFFINITY=scatter;', 'export', 'OMP_NUM_THREADS=ERT_OPENMP_THREADS;', 'ERT_CODE'], 'ERT_FLOPS': ['1,2,4,8,16'], 'ERT_OPENMP_CFLAGS': ['-fopenmp'], 'ERT_SPEC_GFLOPS': ['1.0'], 'ERT_MPI': ['False'], 'ERT_TRIALS_MIN': ['1'], 'ERT_DRIVER': ['driver1'], 'ERT_RESULTS': ['Results.x86'], 'ERT_OPENMP': ['True'], 'ERT_MPI_PROCS': ['1'], 'ERT_KERNEL': ['kernel1'], 'ERT_OPENMP_THREADS': ['1-32'], 'ERT_LD': ['gcc'], 'ERT_NUM_EXPERIMENTS': ['6'], 'ERT_OPENMP_LDFLAGS': ['-fopenmp'], 'ERT_ALIGN': ['32'], 'ERT_GNUPLOT': ['gnuplot']}
FLOPS          2
TIMESTAMP_DATA  1594866760.17
UNAME  ('Linux', 'apollo-PowerEdge-R430', '4.19.129-0419129-generic', '#202006220433 SMP Mon Jun 22 09:12:54 UTC 2020', 'x86_64', 'x86_64')
TIMESTAMP_DATA  1594866757.79
TIMESTAMP_DATA  1594866756.99
ERT_VERSION  1.0.0
TIMESTAMP_DATA  1594866759.38
