64 524288 12338.978 12342.443 12382.65 5.41958821415 5.43724317787 5.43877005049 5.41958821415 5.43724317787 5.43877005049
128 262144 6167.523 6170.816 6208.013 10.8100392187 10.8752009459 10.8810074969 10.8100392187 10.8752009459 10.8810074969
192 262144 6167.882 6170.682 6185.216 16.274823062 16.3131556609 16.3205612559 16.274823062 16.3131556609 16.3205612559
256 131072 3085.418 3087.284 3120.07 21.5087687135 21.7371851764 21.7503313976 21.5087687135 21.7371851764 21.7503313976
320 131072 3081.726 3085.456 3086.858 27.1752312546 27.1875794048 27.2204861821 27.1752312546 27.1875794048 27.2204861821
384 131072 3081.74 3087.457 3092.697 32.5487094274 32.6039507595 32.664435027 32.5487094274 32.6039507595 32.664435027
448 131072 3096.598 3101.841 3107.618 37.7911673829 37.8615512529 37.9256564785 37.7911673829 37.8615512529 37.9256564785
512 65536 1552.567 1552.758 1562.82 42.940878668 43.219139106 43.2244560138 42.940878668 43.219139106 43.2244560138
576 65536 1639.231 1639.866 1640.047 46.0337246433 46.0388056097 46.0566399733 46.0337246433 46.0388056097 46.0566399733
640 65536 1636.85 1637.681 1637.834 51.2176936124 51.2224786146 51.2484833674 51.2176936124 51.2224786146 51.2484833674
704 65536 1864.24 1864.284 1869.502 49.3578974508 49.4960467397 49.4972149509 49.3578974508 49.4960467397 49.4972149509
768 65536 1835.915 1841.27 1847.369 54.4900861712 54.6705784594 54.8300416958 54.4900861712 54.6705784594 54.8300416958
832 65536 2173.081 2176.139 2177.278 50.0863481834 50.1125635816 50.1830829132 50.0863481834 50.1125635816 50.1830829132
896 65536 2166.375 2166.528 2171.815 54.0748231318 54.2067824648 54.210610813 54.0748231318 54.2067824648 54.210610813
960 32768 1236.811 1239.935 1240.507 50.7168117552 50.7402081561 50.8683703492 50.7168117552 50.7402081561 50.8683703492
1024 32768 1215.084 1215.182 1222.152 54.9104072161 55.225360481 55.2298145643 54.9104072161 55.225360481 55.2298145643
1088 32768 1392.79 1393.097 1393.104 51.1829468582 51.1832040411 51.194485888 51.1829468582 51.1832040411 51.194485888
1152 32768 1388.816 1392.498 1399.333 53.9524702126 54.2172929512 54.361032707 53.9524702126 54.2172929512 54.361032707
1216 32768 1541.104 1544.963 1588.661 50.1628579036 51.5816728297 51.7108358683 50.1628579036 51.5816728297 51.7108358683
1280 32768 1514.109 1514.291 1517.904 55.264417249 55.3962745602 55.4029333423 55.264417249 55.3962745602 55.4029333423
1408 32768 1693.163 1693.31 1693.474 54.4883995857 54.4936768814 54.4984080092 54.4883995857 54.4936768814 54.4984080092
1536 32768 1811.272 1811.939 1812.041 55.552438383 55.5555656123 55.5760239213 55.552438383 55.5555656123 55.5760239213
1664 32768 1998.677 1998.827 2027.36 53.7901033857 54.5579502378 54.5620447926 53.7901033857 54.5579502378 54.5620447926
1792 32768 2110.116 2110.239 2110.518 55.6453496251 55.6527066365 55.6559506681 55.6453496251 55.6527066365 55.6559506681
1920 16384 1151.834 1155.362 1155.715 54.4377809408 54.4544134219 54.6212040971 54.4377809408 54.4544134219 54.6212040971
2112 16384 1305.075 1306.077 1309.945 52.8312379527 52.9876998064 53.0283822769 52.8312379527 52.9876998064 53.0283822769
2304 16384 1352.941 1353.022 1353.095 55.7961355263 55.7991459119 55.8024865829 55.7961355263 55.7991459119 55.8024865829
2496 16384 1532.519 1536.174 1603.297 51.0129614164 53.2419686832 53.36894877 51.0129614164 53.2419686832 53.36894877
2688 16384 1609.227 1612.486 1623.105 54.2665964309 54.6239682081 54.7345924472 54.2665964309 54.6239682081 54.7345924472
2944 16384 1761.603 1764.72 1765.163 54.6516055458 54.6653248107 54.7620502463 54.6516055458 54.6653248107 54.7620502463
3200 16384 1914.137 1916.682 1917.323 54.6895854272 54.7078753805 54.7806139268 54.6895854272 54.7078753805 54.7806139268
3520 16384 2145.501 2145.898 2157.726 53.4559809726 53.7506256122 53.7605715402 53.4559809726 53.7506256122 53.7605715402
3840 8192 1123.16 1123.25 1123.501 55.998668448 56.0111818384 56.0156700737 55.998668448 56.0111818384 56.0156700737
4224 8192 1294.718 1294.79 1296.981 53.3593136677 53.4496064999 53.4525788627 53.3593136677 53.4496064999 53.4525788627
4608 8192 1408.865 1412.499 1417.076 53.276939275 53.4495755395 53.5874423738 53.276939275 53.4495755395 53.5874423738
5056 8192 1557.503 1558.72 1561.938 53.0350782169 53.1445699035 53.1860959497 53.0350782169 53.1445699035 53.1860959497
5504 8192 1676.881 1677.752 1678.456 53.7264819572 53.7490260778 53.7769442197 53.7264819572 53.7490260778 53.7769442197
6016 8192 1826.926 1827.345 1828.098 53.917319531 53.9395374163 53.9519082875 53.917319531 53.9395374163 53.9519082875
6592 8192 2016.08 2016.162 2016.486 53.560167539 53.5687747314 53.5709535336 53.560167539 53.5687747314 53.5709535336
7232 8192 2203.745 2203.943 2207.066 53.6862459029 53.7623196244 53.7671500106 53.6862459029 53.7623196244 53.7671500106
7936 4096 1200.277 1200.438 1203.353 54.0254704979 54.156659486 54.1639238276 54.0254704979 54.156659486 54.1639238276
8704 4096 1313.92 1317.879 1317.967 54.1008750598 54.1044875895 54.2675109596 54.1008750598 54.1044875895 54.2675109596
9536 4096 1444.557 1444.991 1484.355 52.6281866535 54.0618675134 54.0781097596 52.6281866535 54.0618675134 54.0781097596
10432 4096 1578.958 1579.335 1579.418 54.1078701142 54.1107136865 54.1236334342 54.1078701142 54.1107136865 54.1236334342
11456 4096 1731.401 1734.688 1735.065 54.0887816883 54.1005368112 54.2032446556 54.0887816883 54.1005368112 54.2032446556
12544 4096 1886.055 1889.314 1889.53 54.3841315036 54.3903490897 54.4843326414 54.3841315036 54.3903490897 54.4843326414
13760 4096 2074.69 2077.797 2078.916 54.2214885065 54.2506895524 54.3319339275 54.2214885065 54.2506895524 54.3319339275
15104 4096 2266.843 2269.369 2269.858 54.5108848219 54.5226307401 54.5833866748 54.5108848219 54.5226307401 54.5833866748
16576 2048 1247.028 1250.161 1250.7 54.2858367314 54.3092417697 54.4456868651 54.2858367314 54.3092417697 54.4456868651
18176 2048 1362.309 1362.522 1365.642 54.5156754113 54.6405092909 54.6490524543 54.5156754113 54.6405092909 54.6490524543
19968 2048 1495.626 1495.906 1495.966 54.6729858834 54.675178788 54.6854146692 54.6729858834 54.675178788 54.6854146692
21952 2048 1646.886 1647.107 1650.554 54.4758862782 54.5898912457 54.597216808 54.4758862782 54.5898912457 54.597216808
24128 2048 1808.32 1812.319 1822.572 54.2246276142 54.5313976182 54.6519907981 54.2246276142 54.5313976182 54.6519907981
26496 2048 1981.145 1984.505 1984.555 54.6861215739 54.6874994016 54.7802487955 54.6861215739 54.6874994016 54.7802487955
29120 2048 2179.836 2183.92 2452.59 48.6324742415 54.615333895 54.7176576586 48.6324742415 54.615333895 54.7176576586
32000 1024 1195.871 1200.994 1213.117 54.0228189037 54.5681327301 54.8018975291 54.0228189037 54.5681327301 54.8018975291
35200 1024 1314.851 1318.315 3816.565 18.8886079498 54.6831371865 54.8272009528 18.8886079498 54.6831371865 54.8272009528
38720 1024 1447.329 1447.525 1487.047 53.3261961458 54.7821695653 54.7895882691 53.3261961458 54.7821695653 54.7895882691
42560 1024 1590.408 1595.554 1638.214 53.2060402365 54.6285992201 54.8053581219 53.2060402365 54.6285992201 54.8053581219
46784 1024 1747.735 1750.944 1754.172 54.6204317479 54.7211287169 54.821601673 54.6204317479 54.7211287169 54.821601673
51456 1024 1922.875 1929.913 1948.424 54.0857061913 54.6044759531 54.8043362153 54.0857061913 54.6044759531 54.8043362153
56576 1024 2113.199 2114.62 2122.907 54.5797098036 54.7936026331 54.8304480553 54.5797098036 54.7936026331 54.8304480553
62208 512 1160.274 1160.48 1163.637 54.7430100624 54.891934372 54.9016801204 54.7430100624 54.891934372 54.9016801204
68416 512 1276.375 1276.647 1276.742 54.8724675776 54.8765508398 54.8882452257 54.8724675776 54.8765508398 54.8882452257
75200 512 1402.793 1406.288 1434.862 53.6670425449 54.7574892198 54.8939152106 53.6670425449 54.7574892198 54.8939152106
82688 512 1541.229 1544.723 1546.666 54.7451822178 54.8140423882 54.9383070264 54.7451822178 54.8140423882 54.9383070264
90944 512 1695.526 1695.87 1699.189 54.8065318219 54.9137940998 54.9249353888 54.8065318219 54.9137940998 54.9249353888
100032 512 1864.677 1864.989 1865.128 54.919966887 54.9240601419 54.9332501018 54.919966887 54.9240601419 54.9332501018
110016 512 2050.417 2053.582 2055.468 54.8081429631 54.8584785024 54.9431574163 54.8081429631 54.8584785024 54.9431574163
120960 512 2252.98 2253.285 2256.228 54.8982815567 54.9699838236 54.9774254543 54.8982815567 54.9699838236 54.9774254543
133056 256 1239.919 1239.984 1240.284 54.9266716333 54.9399605156 54.942840621 54.9266716333 54.9399605156 54.942840621
146304 256 1362.636 1365.919 1375.485 54.4590802517 54.8404758994 54.9726031016 54.4590802517 54.8404758994 54.9726031016
160896 256 1498.302 1501.764 1503.484 54.7919046694 54.8546589211 54.9814069527 54.7919046694 54.8546589211 54.9814069527
176960 256 1648.143 1648.709 1663.051 54.4803015662 54.9542217578 54.9730939609 54.4803015662 54.9542217578 54.9730939609
194624 256 1812.398 1812.5 1812.785 54.9692809682 54.9779244138 54.981018518 54.9692809682 54.9779244138 54.981018518
214080 256 1993.311 1993.403 1993.571 54.9812171224 54.985850829 54.9883886659 54.9812171224 54.985850829 54.9883886659
235456 256 2192.275 2192.592 2196.414 54.8864977186 54.9821726979 54.9901230457 54.8864977186 54.9821726979 54.9901230457
258944 128 1205.704 1205.943 1206.03 54.965186604 54.9691519417 54.980048171 54.965186604 54.9691519417 54.980048171
284800 128 1352.372 1375.149 1375.776 52.9946735515 53.0188365043 53.9117935006 52.9946735515 53.0188365043 53.9117935006
313280 128 1518.872 1528.515 1532.271 52.3404019263 52.4690173142 52.8021321086 52.3404019263 52.4690173142 52.8021321086
344576 128 1680.121 1680.529 1680.75 52.4833889633 52.4902908548 52.5030375788 52.4833889633 52.4902908548 52.5030375788
379008 128 1848.477 1848.61 1848.672 52.4841875682 52.4859478203 52.4897242433 52.4841875682 52.4859478203 52.4897242433
416896 128 2033.093 2033.235 2033.276 52.4893698642 52.4904283076 52.4940944659 52.4893698642 52.4904283076 52.4940944659
458560 128 2235.683 2236.473 2240.048 52.4057341628 52.4895046799 52.5080523491 52.4057341628 52.4895046799 52.5080523491
504384 64 1229.676 1230.156 1230.312 52.4754306225 52.482085199 52.5025714091 52.4754306225 52.482085199 52.5025714091
554816 64 1355.955 1356.643 1356.763 52.3425594595 52.347189349 52.3737498663 52.3425594595 52.347189349 52.3737498663
610240 64 1488.048 1488.278 1491.551 52.368789267 52.4839579702 52.4920701483 52.368789267 52.4839579702 52.4920701483
671232 64 1636.204 1636.662 1636.897 52.4881504456 52.4956869531 52.5103813461 52.4881504456 52.4956869531 52.5103813461
738304 64 1799.918 1799.947 1807.76 52.2762490596 52.5031637043 52.5040096271 52.2762490596 52.5031637043 52.5040096271
812096 64 1979.65 1980.023 1980.107 52.4962984324 52.4985255222 52.5084171444 52.4962984324 52.4985255222 52.5084171444
893248 64 2177.541 2177.709 2178.044 52.4946897308 52.5027650618 52.5068157155 52.4946897308 52.5027650618 52.5068157155
982528 32 1197.826 1201.192 1201.652 52.3294531195 52.3494928371 52.4965996731 52.3294531195 52.3494928371 52.4965996731
1080768 32 1317.457 1318.18 1322.1 52.317640118 52.47322217 52.5020186617 52.317640118 52.47322217 52.5020186617
1188800 32 1448.963 1449.55 1450.207 52.4636827708 52.487461626 52.5087252055 52.4636827708 52.487461626 52.5087252055
1307648 32 1594.769 1597.191 1598.452 52.3565749863 52.3979110826 52.4774885893 52.3565749863 52.3979110826 52.4774885893
1438400 32 1757.706 1760.278 1766.066 52.1257982431 52.297193966 52.3737189268 52.1257982431 52.297193966 52.3737189268
1582208 32 1937.528 1940.562 1943.969 52.0899829164 52.1814360994 52.263147681 52.0899829164 52.1814360994 52.263147681
1740416 32 2136.531 2137.677 2173.466 51.248385758 52.1063865121 52.1343355187 51.248385758 52.1063865121 52.1343355187
1914432 32 2350.444 2354.072 2367.899 51.7436123754 52.047536354 52.1278737124 51.7436123754 52.047536354 52.1278737124
2105856 16 1298.057 1301.528 1304.873 51.6428740575 51.7755991419 51.9140469178 51.6428740575 51.7755991419 51.9140469178
2316416 16 1426.288 1431.821 1435.949 51.6211313912 51.7699572782 51.9707885084 51.6211313912 51.7699572782 51.9707885084
2548032 16 1572.944 1576.186 1576.789 51.7108021428 51.7305850959 51.8372071733 51.7108021428 51.7305850959 51.8372071733
2802816 16 1735.33 1742.664 1789.033 50.1332910013 51.4672432552 51.6847585186 50.1332910013 51.4672432552 51.6847585186
3083072 16 1911.55 1918.219 1921.081 51.3556190499 51.4322420954 51.6116784808 51.3556190499 51.4322420954 51.6116784808
3391360 16 2103.905 2111.676 2112.181 51.3798391331 51.3921264436 51.5819488047 51.3798391331 51.3921264436 51.5819488047
3730496 16 2315.869 2322.029 2370.362 50.3618738404 51.4101555149 51.5469018325 50.3618738404 51.4101555149 51.5469018325
4103488 8 1274.229 1279.727 1281.803 51.221449786 51.3045422969 51.5259093931 51.221449786 51.3045422969 51.5259093931
4513792 8 1399.966 1401.453 1406.71 51.3401283847 51.5327106938 51.5874471237 51.3401283847 51.5327106938 51.5874471237
4965120 8 1540.067 1540.957 1541.802 51.525370962 51.5536254419 51.583418124 51.525370962 51.5536254419 51.583418124
5461632 8 1695.573 1700.652 1704.299 51.273932567 51.3838880618 51.5378058037 51.273932567 51.3838880618 51.5378058037
6007744 8 1869.593 1870.347 1874.379 51.2830670852 51.3936205421 51.4143474007 51.2830670852 51.3936205421 51.4143474007
6608512 8 2057.014 2058.512 2102.853 50.2822555832 51.3653512829 51.4027575894 50.2822555832 51.3653512829 51.4027575894
7269312 8 2261.257 2262.167 2265.107 51.3481226273 51.4148566397 51.4355475738 51.3481226273 51.4148566397 51.4355475738
7996224 4 1239.325 1240.031 1248.376 51.2424077361 51.5872522542 51.6166397031 51.2424077361 51.5872522542 51.6166397031
8795840 4 1363.258 1365.552 1370.12 51.3580708259 51.5298721689 51.6165832146 51.3580708259 51.5298721689 51.6165832146
9675392 4 1500.845 1508.416 1551.072 49.9029935425 51.3141838856 51.5730378553 49.9029935425 51.3141838856 51.5730378553
10642880 4 1649.076 1649.671 1659.699 51.3002899923 51.6121335709 51.6307556474 51.3002899923 51.6121335709 51.6307556474
11707136 4 1813.973 1814.705 1817.851 51.5207726046 51.6100897942 51.6309162264 51.5207726046 51.6100897942 51.6309162264
12877824 4 1998.268 2002.926 2004.28 51.4012972239 51.4360450661 51.555943447 51.4012972239 51.4360450661 51.555943447
14165568 4 2197.635 2204.381 2209.381 51.2924407334 51.408782783 51.5665904484 51.2924407334 51.408782783 51.5665904484
15582080 4 2422.265 2430.106 2440.368 51.0810828531 51.2967911688 51.4628415966 51.0810828531 51.2967911688 51.4628415966
17140288 2 1336.699 1360.681 1405.923 48.7659366836 50.3873810246 51.2913917045 48.7659366836 50.3873810246 51.2913917045
18854272 2 1490.955 1497.373 1504.599 50.1243773258 50.3662667886 50.5830746065 50.1243773258 50.3662667886 50.5830746065
20739648 2 1701.57 1723.441 1745.284 47.5330043706 48.1354406678 48.754145877 47.5330043706 48.1354406678 48.754145877
22813568 2 2032.249 2092.128 2129.436 42.8537284051 43.6179201273 44.9030960281 42.8537284051 43.6179201273 44.9030960281
25094912 2 2638.47 2654.179 2691.316 37.2976075645 37.8194718593 38.044642539 37.2976075645 37.8194718593 38.044642539
27604352 2 3449.422 3467.023 3541.765 31.1758143186 31.8479017878 32.0104087004 31.1758143186 31.8479017878 32.0104087004
30364736 2 4255.247 4338.557 4475.495 27.1386615335 27.995239892 28.5433357923 27.1386615335 27.995239892 28.5433357923
33401152 1 2375.875 2405.75 2423.208 27.5677135434 27.767766393 28.1169270269 27.5677135434 27.767766393 28.1169270269
36741248 1 2802.701 2832.725 2883.568 25.4831847212 25.9405681808 26.218457124 25.4831847212 25.9405681808 26.218457124
40415360 1 3158.952 3199.576 3216.049 25.1335474055 25.2629473405 25.5878278619 25.1335474055 25.2629473405 25.5878278619
44456896 1 3513.997 3561.267 3651.636 24.3490293118 24.9668985785 25.3027512545 24.3490293118 24.9668985785 25.3027512545
48902528 1 3913.716 3935.428 3950.055 24.7604289054 24.8524572169 24.9903304174 24.7604289054 24.8524572169 24.9903304174
53792768 1 4310.8 4364.533 4385.854 24.5301225257 24.6499536147 24.9572088707 24.5301225257 24.6499536147 24.9572088707
59172032 1 4723.285 4789.817 4872.372 24.2887989669 24.7074291147 25.0554569542 24.2887989669 24.7074291147 25.0554569542

META_DATA
OPENMP_THREADS 8
TIMESTAMP_DATA  1594852877.7
CONFIG  {'ERT_WORKING_SET_MIN': ['1'], 'ERT_CFLAGS': ['-O3'], 'ERT_CC': ['gcc'], 'ERT_MPI_CFLAGS': [], 'ERT_MPI_LDFLAGS': [], 'ERT_MEMORY_MAX': ['62497788'], 'ERT_PROCS_THREADS': ['8'], 'ERT_LDFLAGS': [], 'ERT_LDLIBS': [], 'ERT_SPEC_GBYTES_DRAM': ['1.0'], 'ERT_RUN': ['export', 'KMP_AFFINITY=scatter;', 'export', 'OMP_NUM_THREADS=ERT_OPENMP_THREADS;', 'ERT_CODE'], 'ERT_FLOPS': ['1,2,4,8,16'], 'ERT_OPENMP_CFLAGS': ['-fopenmp'], 'ERT_SPEC_GFLOPS': ['1.0'], 'ERT_MPI': ['False'], 'ERT_TRIALS_MIN': ['1'], 'ERT_DRIVER': ['driver1'], 'ERT_RESULTS': ['Results.x86'], 'ERT_OPENMP': ['True'], 'ERT_MPI_PROCS': ['1'], 'ERT_KERNEL': ['kernel1'], 'ERT_OPENMP_THREADS': ['1-32'], 'ERT_LD': ['gcc'], 'ERT_NUM_EXPERIMENTS': ['6'], 'ERT_OPENMP_LDFLAGS': ['-fopenmp'], 'ERT_ALIGN': ['32'], 'ERT_GNUPLOT': ['gnuplot']}
HOSTNAME  ('apollo-PowerEdge-R430', [], ['127.0.1.1'])
TIMESTAMP_DATA  1594852878.23
MPI_PROCS      1
UNAME  ('Linux', 'apollo-PowerEdge-R430', '4.19.129-0419129-generic', '#202006220433 SMP Mon Jun 22 09:12:54 UTC 2020', 'x86_64', 'x86_64')
FLOPS          16
TIMESTAMP_DATA  1594852879.79
TIMESTAMP_DATA  1594852879.28
TIMESTAMP_DATA  1594852880.31
ERT_VERSION  1.0.0
TIMESTAMP_DATA  1594852878.75
