          64            1           1.625          128          128
          64            2           0.760          256          256
          64            4           0.782          512          512
          64            8           0.955         1024         1024
          64           16           1.153         2048         2048
          64           32           1.467         4096         4096
          64           64           2.294         8192         8192
          64          128           3.740        16384        16384
          64          256           6.785        32768        32768
          64          512          12.908        65536        65536
          64         1024          24.742       131072       131072
          64         2048          48.811       262144       262144
          64         4096          96.955       524288       524288
          64         8192         193.231      1048576      1048576
          64        16384         385.782      2097152      2097152
          64        32768         795.510      4194304      4194304
          64        65536        1541.150      8388608      8388608
          64       131072        3086.165     16777216     16777216
          64       262144        6174.635     33554432     33554432
          64       524288       12382.650     67108864     67108864
         128            1           0.768          256          256
         128            2           0.928          512          512
         128            4           0.811         1024         1024
         128            8           0.911         2048         2048
         128           16           1.090         4096         4096
         128           32           1.450         8192         8192
         128           64           2.206        16384        16384
         128          128           3.713        32768        32768
         128          256           6.712        65536        65536
         128          512          12.730       131072       131072
         128         1024          24.769       262144       262144
         128         2048          48.848       524288       524288
         128         4096          96.986      1048576      1048576
         128         8192         198.704      2097152      2097152
         128        16384         385.831      4194304      4194304
         128        32768         770.923      8388608      8388608
         128        65536        1541.157     16777216     16777216
         128       131072        3088.923     33554432     33554432
         128       262144        6170.772     67108864     67108864
         192            1           0.785          384          384
         192            2           0.785          768          768
         192            4           0.817         1536         1536
         192            8           0.900         3072         3072
         192           16           1.078         6144         6144
         192           32           1.453        12288        12288
         192           64           2.210        24576        24576
         192          128           3.721        49152        49152
         192          256           6.724        98304        98304
         192          512          12.796       196608       196608
         192         1024          24.833       393216       393216
         192         2048          48.976       786432       786432
         192         4096          97.101      1572864      1572864
         192         8192         193.386      3145728      3145728
         192        16384         386.101      6291456      6291456
         192        32768         771.044     12582912     12582912
         192        65536        1541.340     25165824     25165824
         192       131072        3087.221     50331648     50331648
         192       262144        6185.216    100663296    100663296
         256            1           0.768          512          512
         256            2           0.785         1024         1024
         256            4           0.796         2048         2048
         256            8           0.896         4096         4096
         256           16           1.078         8192         8192
         256           32           1.545        16384        16384
         256           64           2.211        32768        32768
         256          128           3.793        65536        65536
         256          256           6.723       131072       131072
         256          512          12.767       262144       262144
         256         1024          24.861       524288       524288
         256         2048          48.965      1048576      1048576
         256         4096          97.091      2097152      2097152
         256         8192         193.463      4194304      4194304
         256        16384         385.916      8388608      8388608
         256        32768         771.039     16777216     16777216
         256        65536        1541.347     33554432     33554432
         256       131072        3087.284     67108864     67108864
         320            1           0.743          640          640
         320            2           0.789         1280         1280
         320            4           0.816         2560         2560
         320            8           0.913         5120         5120
         320           16           1.087        10240        10240
         320           32           1.462        20480        20480
         320           64           2.211        40960        40960
         320          128           3.727        81920        81920
         320          256           6.734       163840       163840
         320          512          12.763       327680       327680
         320         1024          24.797       655360       655360
         320         2048          48.953      1310720      1310720
         320         4096          97.098      2621440      2621440
         320         8192         193.376      5242880      5242880
         320        16384         385.923     10485760     10485760
         320        32768         782.266     20971520     20971520
         320        65536        1541.267     41943040     41943040
         320       131072        3085.456     83886080     83886080
         384            1           0.761          768          768
         384            2           0.805         1536         1536
         384            4           0.810         3072         3072
         384            8           0.942         6144         6144
         384           16           1.176        12288        12288
         384           32           1.506        24576        24576
         384           64           2.291        49152        49152
         384          128           3.727        98304        98304
         384          256           6.968       196608       196608
         384          512          12.753       393216       393216
         384         1024          24.802       786432       786432
         384         2048          48.965      1572864      1572864
         384         4096          97.104      3145728      3145728
         384         8192         193.371      6291456      6291456
         384        16384         385.926     12582912     12582912
         384        32768         771.040     25165824     25165824
         384        65536        1547.892     50331648     50331648
         384       131072        3081.740    100663296    100663296
         448            1           0.775          896          896
         448            2           0.993         1792         1792
         448            4           0.927         3584         3584
         448            8           0.906         7168         7168
         448           16           1.206        14336        14336
         448           32           1.552        28672        28672
         448           64           2.240        57344        57344
         448          128           3.753       114688       114688
         448          256           6.860       229376       229376
         448          512          12.841       458752       458752
         448         1024          24.909       917504       917504
         448         2048          49.156      1835008      1835008
         448         4096          97.543      3670016      3670016
         448         8192         194.249      7340032      7340032
         448        16384         387.788     14680064     14680064
         448        32768         778.068     29360128     29360128
         448        65536        1548.917     58720256     58720256
         448       131072        3101.393    117440512    117440512
         512            1           0.770         1024         1024
         512            2           0.795         2048         2048
         512            4           0.830         4096         4096
         512            8           1.006         8192         8192
         512           16           1.112        16384        16384
         512           32           1.662        32768        32768
         512           64           2.236        65536        65536
         512          128           3.843       131072       131072
         512          256           6.800       262144       262144
         512          512          13.002       524288       524288
         512         1024          25.285      1048576      1048576
         512         2048          49.386      2097152      2097152
         512         4096          97.859      4194304      4194304
         512         8192         195.046      8388608      8388608
         512        16384         388.955     16777216     16777216
         512        32768         777.009     33554432     33554432
         512        65536        1562.820     67108864     67108864
         576            1           0.774         1152         1152
         576            2           0.885         2304         2304
         576            4           0.848         4608         4608
         576            8           1.018         9216         9216
         576           16           1.291        18432        18432
         576           32           1.536        36864        36864
         576           64           2.333        73728        73728
         576          128           3.925       147456       147456
         576          256           7.233       294912       294912
         576          512          13.690       589824       589824
         576         1024          26.432      1179648      1179648
         576         2048          52.250      2359296      2359296
         576         4096         102.413      4718592      4718592
         576         8192         205.780      9437184      9437184
         576        16384         410.616     18874368     18874368
         576        32768         820.540     37748736     37748736
         576        65536        1639.231     75497472     75497472
         640            1           0.775         1280         1280
         640            2           0.790         2560         2560
         640            4           0.995         5120         5120
         640            8           1.103        10240        10240
         640           16           1.207        20480        20480
         640           32           1.713        40960        40960
         640           64           2.327        81920        81920
         640          128           3.966       163840       163840
         640          256           7.118       327680       327680
         640          512          13.536       655360       655360
         640         1024          26.588      1310720      1310720
         640         2048          51.997      2621440      2621440
         640         4096         106.832      5242880      5242880
         640         8192         205.550     10485760     10485760
         640        16384         410.018     20971520     20971520
         640        32768         819.347     41943040     41943040
         640        65536        1637.681     83886080     83886080
         704            1           0.788         1408         1408
         704            2           0.800         2816         2816
         704            4           0.846         5632         5632
         704            8           0.957        11264        11264
         704           16           1.187        22528        22528
         704           32           1.644        45056        45056
         704           64           2.543        90112        90112
         704          128           4.371       180224       180224
         704          256           8.018       360448       360448
         704          512          15.391       720896       720896
         704         1024          29.952      1441792      1441792
         704         2048          59.070      2883584      2883584
         704         4096         117.238      5767168      5767168
         704         8192         233.735     11534336     11534336
         704        16384         474.388     23068672     23068672
         704        32768         932.462     46137344     46137344
         704        65536        1864.284     92274688     92274688
         768            1           0.784         1536         1536
         768            2           0.859         3072         3072
         768            4           1.015         6144         6144
         768            8           1.160        12288        12288
         768           16           1.181        24576        24576
         768           32           1.819        49152        49152
         768           64           2.562        98304        98304
         768          128           4.311       196608       196608
         768          256           7.969       393216       393216
         768          512          15.234       786432       786432
         768         1024          29.648      1572864      1572864
         768         2048          58.279      3145728      3145728
         768         4096         115.667      6291456      6291456
         768         8192         230.273     12582912     12582912
         768        16384         459.576     25165824     25165824
         768        32768         922.026     50331648     50331648
         768        65536        1835.921    100663296    100663296
         832            1           0.770         1664         1664
         832            2           0.821         3328         3328
         832            4           0.894         6656         6656
         832            8           0.997        13312        13312
         832           16           1.461        26624        26624
         832           32           1.782        53248        53248
         832           64           2.853       106496       106496
         832          128           4.990       212992       212992
         832          256           9.214       425984       425984
         832          512          17.722       851968       851968
         832         1024          34.889      1703936      1703936
         832         2048          68.692      3407872      3407872
         832         4096         136.767      6815744      6815744
         832         8192         272.541     13631488     13631488
         832        16384         544.022     27262976     27262976
         832        32768        1093.720     54525952     54525952
         832        65536        2173.081    109051904    109051904
         896            1           0.772         1792         1792
         896            2           0.807         3584         3584
         896            4           0.988         7168         7168
         896            8           1.156        14336        14336
         896           16           1.353        28672        28672
         896           32           1.791        57344        57344
         896           64           2.949       114688       114688
         896          128           5.038       229376       229376
         896          256           9.184       458752       458752
         896          512          17.648       917504       917504
         896         1024          34.647      1835008      1835008
         896         2048          68.678      3670016      3670016
         896         4096         136.161      7340032      7340032
         896         8192         271.493     14680064     14680064
         896        16384         545.452     29360128     29360128
         896        32768        1083.630     58720256     58720256
         896        65536        2166.375    117440512    117440512
         960            1           0.808         1920         1920
         960            2           0.813         3840         3840
         960            4           0.931         7680         7680
         960            8           1.080        15360        15360
         960           16           1.334        30720        30720
         960           32           2.119        61440        61440
         960           64           3.135       122880       122880
         960          128           5.629       245760       245760
         960          256          10.556       491520       491520
         960          512          20.075       983040       983040
         960         1024          39.594      1966080      1966080
         960         2048          78.113      3932160      3932160
         960         4096         155.348      7864320      7864320
         960         8192         316.532     15728640     15728640
         960        16384         619.056     31457280     31457280
         960        32768        1237.098     62914560     62914560
        1024            1           0.791         2048         2048
        1024            2           0.827         4096         4096
        1024            4           0.891         8192         8192
        1024            8           1.028        16384        16384
        1024           16           1.338        32768        32768
        1024           32           1.910        65536        65536
        1024           64           3.095       131072       131072
        1024          128           5.477       262144       262144
        1024          256          10.214       524288       524288
        1024          512          19.693      1048576      1048576
        1024         1024          38.775      2097152      2097152
        1024         2048          76.736      4194304      4194304
        1024         4096         152.597      8388608      8388608
        1024         8192         304.376     16777216     16777216
        1024        16384         608.049     33554432     33554432
        1024        32768        1218.075     67108864     67108864
        1088            1           0.789         2176         2176
        1088            2           0.901         4352         4352
        1088            4           0.948         8704         8704
        1088            8           1.109        17408        17408
        1088           16           1.420        34816        34816
        1088           32           2.088        69632        69632
        1088           64           3.455       139264       139264
        1088          128           6.170       278528       278528
        1088          256          11.732       557056       557056
        1088          512          22.487      1114112      1114112
        1088         1024          44.315      2228224      2228224
        1088         2048          87.868      4456448      4456448
        1088         4096         174.812      8912896      8912896
        1088         8192         348.786     17825792     17825792
        1088        16384         696.848     35651584     35651584
        1088        32768        1392.790     71303168     71303168
        1152            1           0.861         2304         2304
        1152            2           0.829         4608         4608
        1152            4           0.906         9216         9216
        1152            8           1.081        18432        18432
        1152           16           1.421        36864        36864
        1152           32           2.256        73728        73728
        1152           64           3.449       147456       147456
        1152          128           6.159       294912       294912
        1152          256          11.653       589824       589824
        1152          512          22.408      1179648      1179648
        1152         1024          44.209      2359296      2359296
        1152         2048          87.554      4718592      4718592
        1152         4096         174.469      9437184      9437184
        1152         8192         347.830     18874368     18874368
        1152        16384         698.217     37748736     37748736
        1152        32768        1389.133     75497472     75497472
        1216            1           0.858         2432         2432
        1216            2           0.833         4864         4864
        1216            4           0.975         9728         9728
        1216            8           1.161        19456        19456
        1216           16           1.636        38912        38912
        1216           32           2.325        77824        77824
        1216           64           3.720       155648       155648
        1216          128           6.756       311296       311296
        1216          256          12.952       622592       622592
        1216          512          24.974      1245184      1245184
        1216         1024          49.161      2490368      2490368
        1216         2048          97.130      4980736      4980736
        1216         4096         193.608      9961472      9961472
        1216         8192         386.050     19922944     19922944
        1216        16384         771.279     39845888     39845888
        1216        32768        1544.754     79691776     79691776
        1280            1           0.792         2560         2560
        1280            2           1.028         5120         5120
        1280            4           0.928        10240        10240
        1280            8           1.148        20480        20480
        1280           16           1.527        40960        40960
        1280           32           2.313        81920        81920
        1280           64           3.683       163840       163840
        1280          128           6.775       327680       327680
        1280          256          12.540       655360       655360
        1280          512          24.376      1310720      1310720
        1280         1024          48.130      2621440      2621440
        1280         2048          95.436      5242880      5242880
        1280         4096         190.179     10485760     10485760
        1280         8192         379.148     20971520     20971520
        1280        16384         757.611     41943040     41943040
        1280        32768        1517.280     83886080     83886080
        1408            1           0.845         2816         2816
        1408            2           0.842         5632         5632
        1408            4           0.945        11264        11264
        1408            8           1.153        22528        22528
        1408           16           1.558        45056        45056
        1408           32           2.388        90112        90112
        1408           64           4.012       180224       180224
        1408          128           7.334       360448       360448
        1408          256          13.959       720896       720896
        1408          512          27.196      1441792      1441792
        1408         1024          53.731      2883584      2883584
        1408         2048         106.598      5767168      5767168
        1408         4096         212.343     11534336     11534336
        1408         8192         423.903     23068672     23068672
        1408        16384         847.055     46137344     46137344
        1408        32768        1693.294     92274688     92274688
        1536            1           0.885         3072         3072
        1536            2           0.842         6144         6144
        1536            4           0.960        12288        12288
        1536            8           1.172        24576        24576
        1536           16           1.618        49152        49152
        1536           32           2.485        98304        98304
        1536           64           4.265       196608       196608
        1536          128           7.812       393216       393216
        1536          256          14.883       786432       786432
        1536          512          29.031      1572864      1572864
        1536         1024          57.419      3145728      3145728
        1536         2048         114.055      6291456      6291456
        1536         4096         230.332     12582912     12582912
        1536         8192         453.584     25165824     25165824
        1536        16384         906.314     50331648     50331648
        1536        32768        1811.718    100663296    100663296
        1664            1           0.967         3328         3328
        1664            2           0.858         6656         6656
        1664            4           0.982        13312        13312
        1664            8           1.229        26624        26624
        1664           16           1.712        53248        53248
        1664           32           2.672       106496       106496
        1664           64           4.622       212992       212992
        1664          128           8.545       425984       425984
        1664          256          16.349       851968       851968
        1664          512          32.049      1703936      1703936
        1664         1024          63.264      3407872      3407872
        1664         2048         125.710      6815744      6815744
        1664         4096         250.551     13631488     13631488
        1664         8192         503.430     27262976     27262976
        1664        16384         999.793     54525952     54525952
        1664        32768        1998.812    109051904    109051904
        1792            1           0.878         3584         3584
        1792            2           0.868         7168         7168
        1792            4           1.011        14336        14336
        1792            8           1.331        28672        28672
        1792           16           1.759        57344        57344
        1792           32           2.781       114688       114688
        1792           64           4.873       229376       229376
        1792          128           8.950       458752       458752
        1792          256          17.298       917504       917504
        1792          512          33.711      1835008      1835008
        1792         1024          66.753      3670016      3670016
        1792         2048         132.851      7340032      7340032
        1792         4096         264.535     14680064     14680064
        1792         8192         531.171     29360128     29360128
        1792        16384        1055.417     58720256     58720256
        1792        32768        2110.239    117440512    117440512
        1920            1           0.805         3840         3840
        1920            2           1.075         7680         7680
        1920            4           1.072        15360        15360
        1920            8           1.300        30720        30720
        1920           16           1.994        61440        61440
        1920           32           3.027       122880       122880
        1920           64           5.329       245760       245760
        1920          128           9.743       491520       491520
        1920          256          18.807       983040       983040
        1920          512          36.797      1966080      1966080
        1920         1024          72.838      3932160      3932160
        1920         2048         144.733      7864320      7864320
        1920         4096         291.740     15728640     15728640
        1920         8192         576.422     31457280     31457280
        1920        16384        1151.834     62914560     62914560
        2112            1           0.834         4224         4224
        2112            2           0.920         8448         8448
        2112            4           1.080        16896        16896
        2112            8           1.369        33792        33792
        2112           16           2.002        67584        67584
        2112           32           3.280       135168       135168
        2112           64           5.820       270336       270336
        2112          128          10.923       540672       540672
        2112          256          21.138      1081344      1081344
        2112          512          41.618      2162688      2162688
        2112         1024          82.367      4325376      4325376
        2112         2048         163.132      8650752      8650752
        2112         4096         327.203     17301504     17301504
        2112         8192         653.482     34603008     34603008
        2112        16384        1309.620     69206016     69206016
        2304            1           0.835         4608         4608
        2304            2           0.921         9216         9216
        2304            4           1.073        18432        18432
        2304            8           1.387        36864        36864
        2304           16           2.068        73728        73728
        2304           32           3.368       147456       147456
        2304           64           6.013       294912       294912
        2304          128          11.293       589824       589824
        2304          256          22.044      1179648      1179648
        2304          512          43.086      2359296      2359296
        2304         1024          85.440      4718592      4718592
        2304         2048         169.903      9437184      9437184
        2304         4096         338.967     18874368     18874368
        2304         8192         677.133     37748736     37748736
        2304        16384        1353.042     75497472     75497472
        2496            1           0.859         4992         4992
        2496            2           0.985         9984         9984
        2496            4           1.111        19968        19968
        2496            8           1.526        39936        39936
        2496           16           2.220        79872        79872
        2496           32           3.716       159744       159744
        2496           64           6.711       319488       319488
        2496          128          12.710       638976       638976
        2496          256          24.643      1277952      1277952
        2496          512          48.712      2555904      2555904
        2496         1024          96.537      5111808      5111808
        2496         2048         192.298     10223616     10223616
        2496         4096         386.921     20447232     20447232
        2496         8192         766.873     40894464     40894464
        2496        16384        1532.600     81788928     81788928
        2688            1           0.859         5376         5376
        2688            2           0.956        10752        10752
        2688            4           1.152        21504        21504
        2688            8           1.516        43008        43008
        2688           16           2.298        86016        86016
        2688           32           3.876       172032       172032
        2688           64           6.993       344064       344064
        2688          128          13.307       688128       688128
        2688          256          25.863      1376256      1376256
        2688          512          51.088      2752512      2752512
        2688         1024         101.306      5505024      5505024
        2688         2048         201.894     11010048     11010048
        2688         4096         402.917     22020096     22020096
        2688         8192         808.227     44040192     44040192
        2688        16384        1609.280     88080384     88080384
        2944            1           0.845         5888         5888
        2944            2           1.161        11776        11776
        2944            4           1.163        23552        23552
        2944            8           1.639        47104        47104
        2944           16           2.447        94208        94208
        2944           32           4.155       188416       188416
        2944           64           7.771       376832       376832
        2944          128          14.585       753664       753664
        2944          256          28.243      1507328      1507328
        2944          512          55.831      3014656      3014656
        2944         1024         110.954      6029312      6029312
        2944         2048         221.000     12058624     12058624
        2944         4096         441.107     24117248     24117248
        2944         8192         881.234     48234496     48234496
        2944        16384        1764.720     96468992     96468992
        3200            1           1.130         6400         6400
        3200            2           0.970        12800        12800
        3200            4           1.307        25600        25600
        3200            8           1.842        51200        51200
        3200           16           2.646       102400       102400
        3200           32           4.674       204800       204800
        3200           64           8.193       409600       409600
        3200          128          15.673       819200       819200
        3200          256          30.625      1638400      1638400
        3200          512          60.586      3276800      3276800
        3200         1024         120.496      6553600      6553600
        3200         2048         239.851     13107200     13107200
        3200         4096         479.178     26214400     26214400
        3200         8192         957.330     52428800     52428800
        3200        16384        1916.442    104857600    104857600
        3520            1           0.876         7040         7040
        3520            2           1.016        14080        14080
        3520            4           1.254        28160        28160
        3520            8           1.769        56320        56320
        3520           16           2.826       112640       112640
        3520           32           4.924       225280       225280
        3520           64           9.092       450560       450560
        3520          128          17.648       901120       901120
        3520          256          34.178      1802240      1802240
        3520          512          67.718      3604480      3604480
        3520         1024         134.815      7208960      7208960
        3520         2048         268.487     14417920     14417920
        3520         4096         536.247     28835840     28835840
        3520         8192        1071.183     57671680     57671680
        3520        16384        2157.726    115343360    115343360
        3840            1           0.878         7680         7680
        3840            2           1.013        15360        15360
        3840            4           1.304        30720        30720
        3840            8           1.835        61440        61440
        3840           16           2.920       122880       122880
        3840           32           5.111       245760       245760
        3840           64           9.500       491520       491520
        3840          128          18.256       983040       983040
        3840          256          35.926      1966080      1966080
        3840          512          70.910      3932160      3932160
        3840         1024         141.192      7864320      7864320
        3840         2048         281.350     15728640     15728640
        3840         4096         562.106     31457280     31457280
        3840         8192        1123.160     62914560     62914560
        4224            1           0.988         8448         8448
        4224            2           1.071        16896        16896
        4224            4           1.366        33792        33792
        4224            8           2.006        67584        67584
        4224           16           3.259       135168       135168
        4224           32           5.788       270336       270336
        4224           64          10.842       540672       540672
        4224          128          20.962      1081344      1081344
        4224          256          41.253      2162688      2162688
        4224          512          81.725      4325376      4325376
        4224         1024         170.423      8650752      8650752
        4224         2048         339.311     17301504     17301504
        4224         4096         653.017     34603008     34603008
        4224         8192        1294.790     69206016     69206016
        4608            1           1.050         9216         9216
        4608            2           1.223        18432        18432
        4608            4           1.421        36864        36864
        4608            8           2.279        73728        73728
        4608           16           3.486       147456       147456
        4608           32           6.404       294912       294912
        4608           64          11.349       589824       589824
        4608          128          21.790      1179648      1179648
        4608          256          43.862      2359296      2359296
        4608          512          87.730      4718592      4718592
        4608         1024         175.921      9437184      9437184
        4608         2048         352.040     18874368     18874368
        4608         4096         703.884     37748736     37748736
        4608         8192        1412.499     75497472     75497472
        5056            1           0.932        10112        10112
        5056            2           1.136        20224        20224
        5056            4           1.522        40448        40448
        5056            8           2.253        80896        80896
        5056           16           3.763       161792       161792
        5056           32           6.807       323584       323584
        5056           64          12.886       647168       647168
        5056          128          24.606      1294336      1294336
        5056          256          48.442      2588672      2588672
        5056          512          97.230      5177344      5177344
        5056         1024         194.640     10354688     10354688
        5056         2048         389.562     20709376     20709376
        5056         4096         779.342     41418752     41418752
        5056         8192        1561.938     82837504     82837504
        5504            1           0.949        11008        11008
        5504            2           1.146        22016        22016
        5504            4           1.565        44032        44032
        5504            8           2.372        88064        88064
        5504           16           4.007       176128       176128
        5504           32           7.261       352256       352256
        5504           64          13.839       704512       704512
        5504          128          26.941      1409024      1409024
        5504          256          53.246      2818048      2818048
        5504          512         105.666      5636096      5636096
        5504         1024         209.537     11272192     11272192
        5504         2048         420.338     22544384     22544384
        5504         4096         839.224     45088768     45088768
        5504         8192        1678.456     90177536     90177536
        6016            1           0.961        12032        12032
        6016            2           1.174        24064        24064
        6016            4           1.800        48128        48128
        6016            8           2.592        96256        96256
        6016           16           4.335       192512       192512
        6016           32           7.879       385024       385024
        6016           64          15.016       770048       770048
        6016          128          29.298      1540096      1540096
        6016          256          57.924      3080192      3080192
        6016          512         118.490      6160384      6160384
        6016         1024         229.148     12320768     12320768
        6016         2048         457.493     24641536     24641536
        6016         4096         914.370     49283072     49283072
        6016         8192        1827.077     98566144     98566144
        6592            1           0.996        13184        13184
        6592            2           1.238        26368        26368
        6592            4           1.732        52736        52736
        6592            8           2.696       105472       105472
        6592           16           4.657       210944       210944
        6592           32           8.607       421888       421888
        6592           64          16.515       843776       843776
        6592          128          32.231      1687552      1687552
        6592          256          63.849      3375104      3375104
        6592          512         126.741      6750208      6750208
        6592         1024         255.663     13500416     13500416
        6592         2048         504.107     27000832     27000832
        6592         4096        1008.116     54001664     54001664
        6592         8192        2016.263    108003328    108003328
        7232            1           0.997        14464        14464
        7232            2           1.329        28928        28928
        7232            4           1.981        57856        57856
        7232            8           2.884       115712       115712
        7232           16           5.179       231424       231424
        7232           32           9.320       462848       462848
        7232           64          17.932       925696       925696
        7232          128          35.152      1851392      1851392
        7232          256          69.735      3702784      3702784
        7232          512         138.411      7405568      7405568
        7232         1024         279.216     14811136     14811136
        7232         2048         550.823     29622272     29622272
        7232         4096        1101.856     59244544     59244544
        7232         8192        2207.066    118489088    118489088
        7936            1           1.032        15872        15872
        7936            2           1.335        31744        31744
        7936            4           1.938        63488        63488
        7936            8           3.122       126976       126976
        7936           16           5.486       253952       253952
        7936           32          10.102       507904       507904
        7936           64          19.538      1015808      1015808
        7936          128          38.409      2031616      2031616
        7936          256          76.008      4063232      4063232
        7936          512         150.723      8126464      8126464
        7936         1024         300.738     16252928     16252928
        7936         2048         600.585     32505856     32505856
        7936         4096        1200.630     65011712     65011712
        8704            1           1.061        17408        17408
        8704            2           1.381        34816        34816
        8704            4           2.010        69632        69632
        8704            8           3.399       139264       139264
        8704           16           5.863       278528       278528
        8704           32          10.977       557056       557056
        8704           64          21.338      1114112      1114112
        8704          128          41.827      2228224      2228224
        8704          256          82.919      4456448      4456448
        8704          512         165.045      8912896      8912896
        8704         1024         329.380     17825792     17825792
        8704         2048         657.719     35651584     35651584
        8704         4096        1317.701     71303168     71303168
        9536            1           1.106        19072        19072
        9536            2           1.558        38144        38144
        9536            4           2.159        76288        76288
        9536            8           3.606       152576       152576
        9536           16           6.377       305152       305152
        9536           32          12.014       610304       610304
        9536           64          23.365      1220608      1220608
        9536          128          45.983      2441216      2441216
        9536          256          91.194      4882432      4882432
        9536          512         181.526      9764864      9764864
        9536         1024         361.742     19529728     19529728
        9536         2048         722.463     39059456     39059456
        9536         4096        1447.903     78118912     78118912
       10432            1           1.129        20864        20864
       10432            2           1.501        41728        41728
       10432            4           2.261        83456        83456
       10432            8           3.814       166912       166912
       10432           16           6.906       333824       333824
       10432           32          13.060       667648       667648
       10432           64          25.418      1335296      1335296
       10432          128          50.051      2670592      2670592
       10432          256          99.554      5341184      5341184
       10432          512         198.138     10682368     10682368
       10432         1024         395.435     21364736     21364736
       10432         2048         790.264     42729472     42729472
       10432         4096        1579.418     85458944     85458944
       11456            1           1.150        22912        22912
       11456            2           1.576        45824        45824
       11456            4           2.550        91648        91648
       11456            8           4.210       183296       183296
       11456           16           7.608       366592       366592
       11456           32          14.321       733184       733184
       11456           64          27.808      1466368      1466368
       11456          128          54.800      2932736      2932736
       11456          256         109.041      5865472      5865472
       11456          512         217.244     11730944     11730944
       11456         1024         437.095     23461888     23461888
       11456         2048         866.357     46923776     46923776
       11456         4096        1731.401     93847552     93847552
       12544            1           1.222        25088        25088
       12544            2           1.668        50176        50176
       12544            4           2.571       100352       100352
       12544            8           4.429       200704       200704
       12544           16           8.242       401408       401408
       12544           32          15.732       802816       802816
       12544           64          30.187      1605632      1605632
       12544          128          59.665      3211264      3211264
       12544          256         118.778      6422528      6422528
       12544          512         236.665     12845056     12845056
       12544         1024         472.273     25690112     25690112
       12544         2048         946.590     51380224     51380224
       12544         4096        1886.674    102760448    102760448
       13760            1           1.253        27520        27520
       13760            2           1.751        55040        55040
       13760            4           2.753       110080       110080
       13760            8           4.766       220160       220160
       13760           16           8.870       440320       440320
       13760           32          16.934       880640       880640
       13760           64          33.131      1761280      1761280
       13760          128          65.568      3522560      3522560
       13760          256         130.482      7045120      7045120
       13760          512         260.042     14090240     14090240
       13760         1024         519.338     28180480     28180480
       13760         2048        1041.110     56360960     56360960
       13760         4096        2075.314    112721920    112721920
       15104            1           1.287        30208        30208
       15104            2           1.834        60416        60416
       15104            4           2.947       120832       120832
       15104            8           5.160       241664       241664
       15104           16           9.591       483328       483328
       15104           32          18.450       966656       966656
       15104           64          36.141      1933312      1933312
       15104          128          71.560      3866624      3866624
       15104          256         142.527      7733248      7733248
       15104          512         284.069     15466496     15466496
       15104         1024         567.528     30932992     30932992
       15104         2048        1137.243     61865984     61865984
       15104         4096        2267.049    123731968    123731968
       16576            1           1.352        33152        33152
       16576            2           1.951        66304        66304
       16576            4           3.164       132608       132608
       16576            8           5.601       265216       265216
       16576           16          10.471       530432       530432
       16576           32          20.225      1060864      1060864
       16576           64          39.686      2121728      2121728
       16576          128          78.664      4243456      4243456
       16576          256         156.647      8486912      8486912
       16576          512         312.481     16973824     16973824
       16576         1024         626.609     33947648     33947648
       16576         2048        1247.244     67895296     67895296
       18176            1           1.397        36352        36352
       18176            2           2.055        72704        72704
       18176            4           3.380       145408       145408
       18176            8           6.064       290816       290816
       18176           16          11.381       581632       581632
       18176           32          22.016      1163264      1163264
       18176           64          43.365      2326528      2326528
       18176          128          85.926      4653056      4653056
       18176          256         171.209      9306112      9306112
       18176          512         341.302     18612224     18612224
       18176         1024         681.801     37224448     37224448
       18176         2048        1365.642     74448896     74448896
       19968            1           1.466        39936        39936
       19968            2           2.264        79872        79872
       19968            4           3.654       159744       159744
       19968            8           6.588       319488       319488
       19968           16          12.452       638976       638976
       19968           32          24.071      1277952      1277952
       19968           64          47.478      2555904      2555904
       19968          128          94.208      5111808      5111808
       19968          256         187.690     10223616     10223616
       19968          512         374.645     20447232     20447232
       19968         1024         748.391     40894464     40894464
       19968         2048        1495.906     81788928     81788928
       21952            1           1.539        43904        43904
       21952            2           2.329        87808        87808
       21952            4           3.990       175616       175616
       21952            8           7.168       351232       351232
       21952           16          13.576       702464       702464
       21952           32          26.494      1404928      1404928
       21952           64          52.184      2809856      2809856
       21952          128         103.610      5619712      5619712
       21952          256         209.972     11239424     11239424
       21952          512         412.497     22478848     22478848
       21952         1024         824.121     44957696     44957696
       21952         2048        1647.483     89915392     89915392
       24128            1           1.656        48256        48256
       24128            2           2.517        96512        96512
       24128            4           4.268       193024       193024
       24128            8           7.807       386048       386048
       24128           16          14.850       772096       772096
       24128           32          29.032      1544192      1544192
       24128           64          57.234      3088384      3088384
       24128          128         113.813      6176768      6176768
       24128          256         226.666     12353536     12353536
       24128          512         452.440     24707072     24707072
       24128         1024         908.136     49414144     49414144
       24128         2048        1809.425     98828288     98828288
       26496            1           1.722        52992        52992
       26496            2           2.728       105984       105984
       26496            4           4.658       211968       211968
       26496            8           8.473       423936       423936
       26496           16          16.217       847872       847872
       26496           32          31.721      1695744      1695744
       26496           64          62.748      3391488      3391488
       26496          128         124.665      6782976      6782976
       26496          256         248.406     13565952     13565952
       26496          512         496.226     27131904     27131904
       26496         1024         994.232     54263808     54263808
       26496         2048        1981.145    108527616    108527616
       29120            1           1.902        58240        58240
       29120            2           2.937       116480       116480
       29120            4           4.997       232960       232960
       29120            8           9.281       465920       465920
       29120           16          17.848       931840       931840
       29120           32          34.790      1863680      1863680
       29120           64          68.886      3727360      3727360
       29120          128         136.973      7454720      7454720
       29120          256         273.217     14909440     14909440
       29120          512         545.808     29818880     29818880
       29120         1024        1094.126     59637760     59637760
       29120         2048        2179.836    119275520    119275520
       32000            1           2.174        64000        64000
       32000            2           3.085       128000       128000
       32000            4           5.591       256000       256000
       32000            8          10.173       512000       512000
       32000           16          19.601      1024000      1024000
       32000           32          38.100      2048000      2048000
       32000           64          75.457      4096000      4096000
       32000          128         150.169      8192000      8192000
       32000          256         299.699     16384000     16384000
       32000          512         600.925     32768000     32768000
       32000         1024        1195.958     65536000     65536000
       35200            1           2.417        70400        70400
       35200            2           3.364       140800       140800
       35200            4           6.046       281600       281600
       35200            8          11.051       563200       563200
       35200           16          21.295      1126400      1126400
       35200           32          41.760      2252800      2252800
       35200           64          82.861      4505600      4505600
       35200          128         164.967      9011200      9011200
       35200          256         329.369     18022400     18022400
       35200          512        5150.321     36044800     36044800
       35200         1024        3816.565     72089600     72089600
       38720            1           5.537        77440        77440
       38720            2           6.818       154880       154880
       38720            4          12.269       309760       309760
       38720            8          20.943       619520       619520
       38720           16          43.063      1239040      1239040
       38720           32          86.506      2478080      2478080
       38720           64         173.122      4956160      4956160
       38720          128         255.818      9912320      9912320
       38720          256         378.549     19824640     19824640
       38720          512         724.216     39649280     39649280
       38720         1024        1447.364     79298560     79298560
       42560            1           2.792        85120        85120
       42560            2           3.888       170240       170240
       42560            4           6.944       340480       340480
       42560            8          13.133       680960       680960
       42560           16          25.577      1361920      1361920
       42560           32          50.538      2723840      2723840
       42560           64         100.080      5447680      5447680
       42560          128         199.475     10895360     10895360
       42560          256         398.112     21790720     21790720
       42560          512         795.607     43581440     43581440
       42560         1024        1594.688     87162880     87162880
       46784            1           2.958        93568        93568
       46784            2           4.268       187136       187136
       46784            4           7.636       374272       374272
       46784            8          14.370       748544       748544
       46784           16          28.008      1497088      1497088
       46784           32          55.320      2994176      2994176
       46784           64         109.943      5988352      5988352
       46784          128         219.091     11976704     11976704
       46784          256         437.526     23953408     23953408
       46784          512         874.294     47906816     47906816
       46784         1024        1754.172     95813632     95813632
       51456            1           2.742       102912       102912
       51456            2           4.557       205824       205824
       51456            4           8.238       411648       411648
       51456            8          15.728       823296       823296
       51456           16          30.717      1646592      1646592
       51456           32          60.728      3293184      3293184
       51456           64         120.722      6586368      6586368
       51456          128         240.614     13172736     13172736
       51456          256         480.584     26345472     26345472
       51456          512         960.192     52690944     52690944
       51456         1024        1929.913    105381888    105381888
       56576            1           2.404       113152       113152
       56576            2           5.029       226304       226304
       56576            4           9.004       452608       452608
       56576            8          17.230       905216       905216
       56576           16          33.739      1810432      1810432
       56576           32          66.739      3620864      3620864
       56576           64         132.590      7241728      7241728
       56576          128         264.342     14483456     14483456
       56576          256         528.378     28966912     28966912
       56576          512        1055.713     57933824     57933824
       56576         1024        2114.620    115867648    115867648
       62208            1           2.767       124416       124416
       62208            2           5.193       248832       248832
       62208            4           9.932       497664       497664
       62208            8          18.849       995328       995328
       62208           16          37.056      1990656      1990656
       62208           32          73.256      3981312      3981312
       62208           64         145.765      7962624      7962624
       62208          128         290.663     15925248     15925248
       62208          256         580.613     31850496     31850496
       62208          512        1160.480     63700992     63700992
       68416            1           4.497       136832       136832
       68416            2           5.732       273664       273664
       68416            4          10.708       547328       547328
       68416            8          20.711      1094656      1094656
       68416           16          40.617      2189312      2189312
       68416           32          80.479      4378624      4378624
       68416           64         160.309      8757248      8757248
       68416          128         365.467     17514496     17514496
       68416          256         638.640     35028992     35028992
       68416          512        1276.707     70057984     70057984
       75200            1           3.318       150400       150400
       75200            2           6.243       300800       300800
       75200            4          11.691       601600       601600
       75200            8          22.656      1203200      1203200
       75200           16          44.582      2406400      2406400
       75200           32          88.381      4812800      4812800
       75200           64         175.928      9625600      9625600
       75200          128         351.446     19251200     19251200
       75200          256         701.889     38502400     38502400
       75200          512        1434.862     77004800     77004800
       82688            1           3.620       165376       165376
       82688            2           6.781       330752       330752
       82688            4          12.747       661504       661504
       82688            8          24.806      1323008      1323008
       82688           16          48.885      2646016      2646016
       82688           32          97.128      5292032      5292032
       82688           64         193.334     10584064     10584064
       82688          128         385.907     21168128     21168128
       82688          256         771.108     42336256     42336256
       82688          512        1546.666     84672512     84672512
       90944            1           3.792       181888       181888
       90944            2           7.342       363776       363776
       90944            4          13.976       727552       727552
       90944            8          27.220      1455104      1455104
       90944           16          53.687      2910208      2910208
       90944           32         106.645      5820416      5820416
       90944           64         212.693     11640832     11640832
       90944          128         424.423     23281664     23281664
       90944          256         848.171     46563328     46563328
       90944          512        1695.829     93126656     93126656
      100032            1           4.262       200064       200064
      100032            2           8.000       400128       400128
      100032            4          15.329       800256       800256
      100032            8          29.959      1600512      1600512
      100032           16          58.997      3201024      3201024
      100032           32         117.288      6402048      6402048
      100032           64         233.710     12804096     12804096
      100032          128         469.580     25608192     25608192
      100032          256         933.143     51216384     51216384
      100032          512        1864.990    102432768    102432768
      110016            1           5.437       220032       220032
      110016            2           8.769       440064       440064
      110016            4          16.811       880128       880128
      110016            8          32.756      1760256      1760256
      110016           16          64.825      3520512      3520512
      110016           32         128.917      7041024      7041024
      110016           64         256.947     14082048     14082048
      110016          128         527.695     28164096     28164096
      110016          256        1025.665     56328192     56328192
      110016          512        2050.630    112656384    112656384
      120960            1           5.457       241920       241920
      120960            2           9.633       483840       483840
      120960            4          18.383       967680       967680
      120960            8          35.963      1935360      1935360
      120960           16          71.158      3870720      3870720
      120960           32         141.712      7741440      7741440
      120960           64         282.296     15482880     15482880
      120960          128         567.326     30965760     30965760
      120960          256        1127.020     61931520     61931520
      120960          512        2253.163    123863040    123863040
      133056            1           5.829       266112       266112
      133056            2          10.442       532224       532224
      133056            4          20.215      1064448      1064448
      133056            8          39.501      2128896      2128896
      133056           16         145.001      4257792      4257792
      133056           32         155.636      8515584      8515584
      133056           64         310.562     17031168     17031168
      133056          128         620.366     34062336     34062336
      133056          256        1239.940     68124672     68124672
      146304            1           6.322       292608       292608
      146304            2          11.406       585216       585216
      146304            4          22.121      1170432      1170432
      146304            8          43.291      2340864      2340864
      146304           16          85.905      4681728      4681728
      146304           32         171.003      9363456      9363456
      146304           64         341.244     18726912     18726912
      146304          128         681.753     37453824     37453824
      146304          256        1372.082     74907648     74907648
      160896            1           6.857       321792       321792
      160896            2          12.652       643584       643584
      160896            4          24.194      1287168      1287168
      160896            8          47.570      2574336      2574336
      160896           16          94.395      5148672      5148672
      160896           32         188.023     10297344     10297344
      160896           64         375.072     20594688     20594688
      160896          128         749.664     41189376     41189376
      160896          256        1503.484     82378752     82378752
      176960            1           7.631       353920       353920
      176960            2          13.651       707840       707840
      176960            4          26.548      1415680      1415680
      176960            8          52.357      2831360      2831360
      176960           16         103.835      5662720      5662720
      176960           32         206.924     11325440     11325440
      176960           64         412.678     22650880     22650880
      176960          128         824.272     45301760     45301760
      176960          256        1648.527     90603520     90603520
      194624            1           8.218       389248       389248
      194624            2          14.980       778496       778496
      194624            4          29.097      1556992      1556992
      194624            8          57.731      3113984      3113984
      194624           16         114.082      6227968      6227968
      194624           32         227.240     12455936     12455936
      194624           64         463.649     24911872     24911872
      194624          128         906.644     49823744     49823744
      194624          256        1812.398     99647488     99647488
      214080            1           9.620       428160       428160
      214080            2          16.436       856320       856320
      214080            4          31.966      1712640      1712640
      214080            8          63.146      3425280      3425280
      214080           16         125.400      6850560      6850560
      214080           32         249.966     13701120     13701120
      214080           64         503.277     27402240     27402240
      214080          128         997.167     54804480     54804480
      214080          256        1993.335    109608960    109608960
      235456            1          10.365       470912       470912
      235456            2          18.121       941824       941824
      235456            4          35.218      1883648      1883648
      235456            8          69.451      3767296      3767296
      235456           16         137.973      7534592      7534592
      235456           32         274.967     15069184     15069184
      235456           64         552.695     30138368     30138368
      235456          128        1096.725     60276736     60276736
      235456          256        2192.592    120553472    120553472
      258944            1          10.695       517888       517888
      258944            2          19.949      1035776      1035776
      258944            4          38.679      2071552      2071552
      258944            8          76.408      4143104      4143104
      258944           16         151.676      8286208      8286208
      258944           32         305.864     16572416     16572416
      258944           64         603.519     33144832     33144832
      258944          128        1205.704     66289664     66289664
      284800            1          12.809       569600       569600
      284800            2          22.267      1139200      1139200
      284800            4          43.715      2278400      2278400
      284800            8          86.616      4556800      4556800
      284800           16         172.383      9113600      9113600
      284800           32         343.648     18227200     18227200
      284800           64         686.404     36454400     36454400
      284800          128        1375.776     72908800     72908800
      313280            1          13.059       626560       626560
      313280            2          24.619      1253120      1253120
      313280            4          48.482      2506240      2506240
      313280            8          96.224      5012480      5012480
      313280           16         191.705     10024960     10024960
      313280           32         382.783     20049920     20049920
      313280           64         764.577     40099840     40099840
      313280          128        1528.364     80199680     80199680
      344576            1          14.442       689152       689152
      344576            2          26.998      1378304      1378304
      344576            4          53.290      2756608      2756608
      344576            8         108.917      5513216      5513216
      344576           16         210.733     11026432     11026432
      344576           32         420.705     22052864     22052864
      344576           64         840.769     44105728     44105728
      344576          128        1680.121     88211456     88211456
      379008            1          15.906       758016       758016
      379008            2          29.647      1516032      1516032
      379008            4          58.543      3032064      3032064
      379008            8         116.216      6064128      6064128
      379008           16         231.957     12128256     12128256
      379008           32         465.771     24256512     24256512
      379008           64         924.550     48513024     48513024
      379008          128        1848.477     97026048     97026048
      416896            1          17.355       833792       833792
      416896            2          32.475      1667584      1667584
      416896            4          64.244      3335168      3335168
      416896            8         127.855      6670336      6670336
      416896           16         254.865     13340672     13340672
      416896           32         508.694     26681344     26681344
      416896           64        1020.266     53362688     53362688
      416896          128        2033.273    106725376    106725376
      458560            1          19.333       917120       917120
      458560            2          35.796      1834240      1834240
      458560            4          70.567      3668480      3668480
      458560            8         140.487      7336960      7336960
      458560           16         280.137     14673920     14673920
      458560           32         562.778     29347840     29347840
      458560           64        1118.307     58695680     58695680
      458560          128        2236.405    117391360    117391360
      504384            1          22.269      1008768      1008768
      504384            2          39.160      2017536      2017536
      504384            4          77.572      4035072      4035072
      504384            8         154.415      8070144      8070144
      504384           16         311.281     16140288     16140288
      504384           32         615.555     32280576     32280576
      504384           64        1230.156     64561152     64561152
      554816            1          24.608      1109632      1109632
      554816            2          43.035      2219264      2219264
      554816            4          85.236      4438528      4438528
      554816            8         169.687      8877056      8877056
      554816           16         338.867     17754112     17754112
      554816           32         676.753     35508224     35508224
      554816           64        1356.763     71016448     71016448
      610240            1          26.440      1220480      1220480
      610240            2          47.316      2440960      2440960
      610240            4          93.796      4881920      4881920
      610240            8         186.646      9763840      9763840
      610240           16         372.542     19527680     19527680
      610240           32         744.457     39055360     39055360
      610240           64        1488.048     78110720     78110720
      671232            1          29.510      1342464      1342464
      671232            2          51.863      2684928      2684928
      671232            4         102.971      5369856      5369856
      671232            8         205.225     10739712     10739712
      671232           16         409.752     21479424     21479424
      671232           32         818.759     42958848     42958848
      671232           64        1636.875     85917696     85917696
      738304            1          31.717      1476608      1476608
      738304            2          56.909      2953216      2953216
      738304            4         113.135      5906432      5906432
      738304            8         225.508     11812864     11812864
      738304           16         450.719     23625728     23625728
      738304           32         903.800     47251456     47251456
      738304           64        1807.760     94502912     94502912
      812096            1          35.856      1624192      1624192
      812096            2          62.503      3248384      3248384
      812096            4         124.319      6496768      6496768
      812096            8         248.069     12993536     12993536
      812096           16         495.810     25987072     25987072
      812096           32         995.193     51974144     51974144
      812096           64        1980.023    103948288    103948288
      893248            1          39.987      1786496      1786496
      893248            2          68.724      3572992      3572992
      893248            4         136.776      7145984      7145984
      893248            8         272.852     14291968     14291968
      893248           16         544.791     28583936     28583936
      893248           32        1098.811     57167872     57167872
      893248           64        2177.791    114335744    114335744
      982528            1          42.652      1965056      1965056
      982528            2          75.492      3930112      3930112
      982528            4         150.346      7860224      7860224
      982528            8         299.922     15720448     15720448
      982528           16         599.331     31440896     31440896
      982528           32        1201.652     62881792     62881792
     1080768            1          47.715      2161536      2161536
     1080768            2          83.107      4323072      4323072
     1080768            4         165.294      8646144      8646144
     1080768            8         330.137     17292288     17292288
     1080768           16         665.773     34584576     34584576
     1080768           32        1318.180     69169152     69169152
     1188800            1          52.824      2377600      2377600
     1188800            2          91.259      4755200      4755200
     1188800            4         186.083      9510400      9510400
     1188800            8         363.053     19020800     19020800
     1188800           16         725.222     38041600     38041600
     1188800           32        1449.550     76083200     76083200
     1307648            1          56.228      2615296      2615296
     1307648            2         100.603      5230592      5230592
     1307648            4         200.121     10461184     10461184
     1307648            8         407.206     20922368     20922368
     1307648           16         802.768     41844736     41844736
     1307648           32        1597.191     83689472     83689472
     1438400            1          61.712      2876800      2876800
     1438400            2         111.046      5753600      5753600
     1438400            4         220.553     11507200     11507200
     1438400            8         440.111     23014400     23014400
     1438400           16         879.805     46028800     46028800
     1438400           32        1766.066     92057600     92057600
     1582208            1          68.472      3164416      3164416
     1582208            2         121.912      6328832      6328832
     1582208            4         242.956     12657664     12657664
     1582208            8         484.779     25315328     25315328
     1582208           16         968.547     50630656     50630656
     1582208           32        1942.411    101261312    101261312
     1740416            1          76.617      3480832      3480832
     1740416            2         135.027      6961664      6961664
     1740416            4         268.036     13923328     13923328
     1740416            8         533.511     27846656     27846656
     1740416           16        1071.648     55693312     55693312
     1740416           32        2136.903    111386624    111386624
     1914432            1          84.590      3828864      3828864
     1914432            2         148.423      7657728      7657728
     1914432            4         295.132     15315456     15315456
     1914432            8         588.239     30630912     30630912
     1914432           16        1174.949     61261824     61261824
     1914432           32        2367.899    122523648    122523648
     2105856            1          88.348      4211712      4211712
     2105856            2         164.792      8423424      8423424
     2105856            4         325.860     16846848     16846848
     2105856            8         652.737     33693696     33693696
     2105856           16        1304.873     67387392     67387392
     2316416            1          98.195      4632832      4632832
     2316416            2         181.503      9265664      9265664
     2316416            4         358.662     18531328     18531328
     2316416            8         715.813     37062656     37062656
     2316416           16        1429.209     74125312     74125312
     2548032            1         105.819      5096064      5096064
     2548032            2         198.548     10192128     10192128
     2548032            4         403.037     20384256     20384256
     2548032            8         789.800     40768512     40768512
     2548032           16        1576.789     81537024     81537024
     2802816            1         116.938      5605632      5605632
     2802816            2         218.742     11211264     11211264
     2802816            4         435.356     22422528     22422528
     2802816            8         877.364     44845056     44845056
     2802816           16        1737.504     89690112     89690112
     3083072            1         129.107      6166144      6166144
     3083072            2         241.470     12332288     12332288
     3083072            4         478.650     24664576     24664576
     3083072            8         956.313     49329152     49329152
     3083072           16        1921.081     98658304     98658304
     3391360            1         143.174      6782720      6782720
     3391360            2         264.223     13565440     13565440
     3391360            4         526.585     27130880     27130880
     3391360            8        1052.023     54261760     54261760
     3391360           16        2112.181    108523520    108523520
     3730496            1         157.846      7460992      7460992
     3730496            2         290.535     14921984     14921984
     3730496            4         579.451     29843968     29843968
     3730496            8        1157.976     59687936     59687936
     3730496           16        2370.362    119375872    119375872
     4103488            1         173.779      8206976      8206976
     4103488            2         319.536     16413952     16413952
     4103488            4         638.327     32827904     32827904
     4103488            8        1280.802     65655808     65655808
     4513792            1         190.984      9027584      9027584
     4513792            2         352.072     18055168     18055168
     4513792            4         702.512     36110336     36110336
     4513792            8        1402.379     72220672     72220672
     4965120            1         210.726      9930240      9930240
     4965120            2         386.372     19860480     19860480
     4965120            4         774.479     39720960     39720960
     4965120            8        1541.802     79441920     79441920
     5461632            1         229.157     10923264     10923264
     5461632            2         426.267     21846528     21846528
     5461632            4         849.481     43693056     43693056
     5461632            8        1704.299     87386112     87386112
     6007744            1         253.782     12015488     12015488
     6007744            2         468.316     24030976     24030976
     6007744            4         933.956     48061952     48061952
     6007744            8        1873.867     96123904     96123904
     6608512            1         277.028     13217024     13217024
     6608512            2         514.482     26434048     26434048
     6608512            4        1026.788     52868096     52868096
     6608512            8        2057.740    105736192    105736192
     7269312            1         305.511     14538624     14538624
     7269312            2         565.640     29077248     29077248
     7269312            4        1127.846     58154496     58154496
     7269312            8        2261.918    116308992    116308992
     7996224            1         336.348     15992448     15992448
     7996224            2         622.037     31984896     31984896
     7996224            4        1241.597     63969792     63969792
     8795840            1         370.987     17591680     17591680
     8795840            2         692.607     35183360     35183360
     8795840            4        1365.552     70366720     70366720
     9675392            1         406.093     19350784     19350784
     9675392            2         751.758     38701568     38701568
     9675392            4        1551.072     77403136     77403136
    10642880            1         445.385     21285760     21285760
    10642880            2         825.513     42571520     42571520
    10642880            4        1651.050     85143040     85143040
    11707136            1         501.354     23414272     23414272
    11707136            2         909.738     46828544     46828544
    11707136            4        1816.192     93657088     93657088
    12877824            1         539.604     25755648     25755648
    12877824            2        1004.344     51511296     51511296
    12877824            4        1999.131    103022592    103022592
    14165568            1         594.758     28331136     28331136
    14165568            2        1103.343     56662272     56662272
    14165568            4        2200.956    113324544    113324544
    15582080            1         654.696     31164160     31164160
    15582080            2        1224.802     62328320     62328320
    15582080            4        2422.265    124656640    124656640
    17140288            1         713.373     34280576     34280576
    17140288            2        1349.480     68561152     68561152
    18854272            1         792.374     37708544     37708544
    18854272            2        1493.532     75417088     75417088
    20739648            1         874.087     41479296     41479296
    20739648            2        1723.441     82958592     82958592
    22813568            1        1000.359     45627136     45627136
    22813568            2        2065.876     91254272     91254272
    25094912            1        1193.025     50189824     50189824
    25094912            2        2691.316    100379648    100379648
    27604352            1        1534.793     55208704     55208704
    27604352            2        3541.765    110417408    110417408
    30364736            1        1961.464     60729472     60729472
    30364736            2        4326.382    121458944    121458944
    33401152            1        2402.109     66802304     66802304
    36741248            1        2823.404     73482496     73482496
    40415360            1        3216.049     80830720     80830720
    44456896            1        3513.997     88913792     88913792
    48902528            1        3915.698     97805056     97805056
    53792768            1        4385.854    107585536    107585536
    59172032            1        4723.285    118344064    118344064

META_DATA
MPI_PROCS      1
OPENMP_THREADS 8
FLOPS          16
ERT_VERSION  1.0.0
TIMESTAMP_DATA  1594852878.75
HOSTNAME  ('apollo-PowerEdge-R430', [], ['127.0.1.1'])
UNAME  ('Linux', 'apollo-PowerEdge-R430', '4.19.129-0419129-generic', '#202006220433 SMP Mon Jun 22 09:12:54 UTC 2020', 'x86_64', 'x86_64')
CONFIG  {'ERT_WORKING_SET_MIN': ['1'], 'ERT_CFLAGS': ['-O3'], 'ERT_CC': ['gcc'], 'ERT_MPI_CFLAGS': [], 'ERT_MPI_LDFLAGS': [], 'ERT_MEMORY_MAX': ['62497788'], 'ERT_PROCS_THREADS': ['8'], 'ERT_LDFLAGS': [], 'ERT_LDLIBS': [], 'ERT_SPEC_GBYTES_DRAM': ['1.0'], 'ERT_RUN': ['export', 'KMP_AFFINITY=scatter;', 'export', 'OMP_NUM_THREADS=ERT_OPENMP_THREADS;', 'ERT_CODE'], 'ERT_FLOPS': ['1,2,4,8,16'], 'ERT_OPENMP_CFLAGS': ['-fopenmp'], 'ERT_SPEC_GFLOPS': ['1.0'], 'ERT_MPI': ['False'], 'ERT_TRIALS_MIN': ['1'], 'ERT_DRIVER': ['driver1'], 'ERT_RESULTS': ['Results.x86'], 'ERT_OPENMP': ['True'], 'ERT_MPI_PROCS': ['1'], 'ERT_KERNEL': ['kernel1'], 'ERT_OPENMP_THREADS': ['1-32'], 'ERT_LD': ['gcc'], 'ERT_NUM_EXPERIMENTS': ['6'], 'ERT_OPENMP_LDFLAGS': ['-fopenmp'], 'ERT_ALIGN': ['32'], 'ERT_GNUPLOT': ['gnuplot']}
