          64            1           1.702          128          128
          64            2           0.766          256          256
          64            4           0.774          512          512
          64            8           0.855         1024         1024
          64           16           1.057         2048         2048
          64           32           1.424         4096         4096
          64           64           2.172         8192         8192
          64          128           3.494        16384        16384
          64          256           6.901        32768        32768
          64          512          14.288        65536        65536
          64         1024          28.988       131072       131072
          64         2048          58.031       262144       262144
          64         4096         116.369       524288       524288
          64         8192         232.768      1048576      1048576
          64        16384         465.830      2097152      2097152
          64        32768         932.110      4194304      4194304
          64        65536        1868.581      8388608      8388608
          64       131072        3729.219     16777216     16777216
          64       262144        6254.063     33554432     33554432
          64       524288       12338.978     67108864     67108864
         128            1           0.753          256          256
         128            2           0.856          512          512
         128            4           0.815         1024         1024
         128            8           1.037         2048         2048
         128           16           1.080         4096         4096
         128           32           1.464         8192         8192
         128           64           2.220        16384        16384
         128          128           3.879        32768        32768
         128          256           6.720        65536        65536
         128          512          12.839       131072       131072
         128         1024          24.780       262144       262144
         128         2048          48.906       524288       524288
         128         4096          96.983      1048576      1048576
         128         8192         193.269      2097152      2097152
         128        16384         385.815      4194304      4194304
         128        32768         805.031      8388608      8388608
         128        65536        1541.182     16777216     16777216
         128       131072        3086.971     33554432     33554432
         128       262144        6208.013     67108864     67108864
         192            1           0.776          384          384
         192            2           0.778          768          768
         192            4           0.801         1536         1536
         192            8           0.890         3072         3072
         192           16           1.075         6144         6144
         192           32           1.453        12288        12288
         192           64           2.201        24576        24576
         192          128           3.710        49152        49152
         192          256           6.717        98304        98304
         192          512          12.732       196608       196608
         192         1024          24.809       393216       393216
         192         2048          48.945       786432       786432
         192         4096          97.094      1572864      1572864
         192         8192         193.366      3145728      3145728
         192        16384         385.923      6291456      6291456
         192        32768         776.216     12582912     12582912
         192        65536        1541.254     25165824     25165824
         192       131072        3085.712     50331648     50331648
         192       262144        6167.882    100663296    100663296
         256            1           0.766          512          512
         256            2           0.877         1024         1024
         256            4           0.875         2048         2048
         256            8           0.905         4096         4096
         256           16           1.085         8192         8192
         256           32           1.456        16384        16384
         256           64           2.202        32768        32768
         256          128           3.711        65536        65536
         256          256           6.718       131072       131072
         256          512          12.742       262144       262144
         256         1024          24.830       524288       524288
         256         2048          48.895      1048576      1048576
         256         4096          97.164      2097152      2097152
         256         8192         193.427      4194304      4194304
         256        16384         397.298      8388608      8388608
         256        32768         771.033     16777216     16777216
         256        65536        1541.252     33554432     33554432
         256       131072        3085.418     67108864     67108864
         320            1           0.847          640          640
         320            2           0.781         1280         1280
         320            4           0.828         2560         2560
         320            8           0.911         5120         5120
         320           16           1.083        10240        10240
         320           32           1.457        20480        20480
         320           64           2.212        40960        40960
         320          128           3.719        81920        81920
         320          256           6.728       163840       163840
         320          512          12.790       327680       327680
         320         1024          24.822       655360       655360
         320         2048          48.956      1310720      1310720
         320         4096          97.102      2621440      2621440
         320         8192         193.380      5242880      5242880
         320        16384         385.921     10485760     10485760
         320        32768         771.030     20971520     20971520
         320        65536        1552.625     41943040     41943040
         320       131072        3081.726     83886080     83886080
         384            1           0.824          768          768
         384            2           0.794         1536         1536
         384            4           0.824         3072         3072
         384            8           0.895         6144         6144
         384           16           1.087        12288        12288
         384           32           1.468        24576        24576
         384           64           2.294        49152        49152
         384          128           3.933        98304        98304
         384          256           6.732       196608       196608
         384          512          12.797       393216       393216
         384         1024          24.801       786432       786432
         384         2048          48.955      1572864      1572864
         384         4096         101.199      3145728      3145728
         384         8192         193.375      6291456      6291456
         384        16384         385.923     12582912     12582912
         384        32768         771.043     25165824     25165824
         384        65536        1541.265     50331648     50331648
         384       131072        3087.457    100663296    100663296
         448            1           0.766          896          896
         448            2           0.800         1792         1792
         448            4           0.842         3584         3584
         448            8           1.013         7168         7168
         448           16           1.101        14336        14336
         448           32           1.546        28672        28672
         448           64           2.224        57344        57344
         448          128           3.748       114688       114688
         448          256           6.954       229376       229376
         448          512          12.836       458752       458752
         448         1024          24.930       917504       917504
         448         2048          49.180      1835008      1835008
         448         4096          97.548      3670016      3670016
         448         8192         194.282      7340032      7340032
         448        16384         387.815     14680064     14680064
         448        32768         774.789     29360128     29360128
         448        65536        1551.596     58720256     58720256
         448       131072        3101.841    117440512    117440512
         512            1           0.756         1024         1024
         512            2           0.804         2048         2048
         512            4           0.839         4096         4096
         512            8           0.905         8192         8192
         512           16           1.094        16384        16384
         512           32           1.478        32768        32768
         512           64           2.241        65536        65536
         512          128           3.759       131072       131072
         512          256           6.769       262144       262144
         512          512          12.861       524288       524288
         512         1024          25.033      1048576      1048576
         512         2048          49.373      2097152      2097152
         512         4096          97.762      4194304      4194304
         512         8192         194.743      8388608      8388608
         512        16384         388.660     16777216     16777216
         512        32768         776.680     33554432     33554432
         512        65536        1552.643     67108864     67108864
         576            1           0.853         1152         1152
         576            2           0.793         2304         2304
         576            4           0.832         4608         4608
         576            8           0.935         9216         9216
         576           16           1.142        18432        18432
         576           32           1.526        36864        36864
         576           64           2.320        73728        73728
         576          128           3.917       147456       147456
         576          256           7.119       294912       294912
         576          512          13.531       589824       589824
         576         1024          26.446      1179648      1179648
         576         2048          52.043      2359296      2359296
         576         4096         103.261      4718592      4718592
         576         8192         205.685      9437184      9437184
         576        16384         414.547     18874368     18874368
         576        32768         820.204     37748736     37748736
         576        65536        1639.857     75497472     75497472
         640            1           0.796         1280         1280
         640            2           0.797         2560         2560
         640            4           0.838         5120         5120
         640            8           0.930        10240        10240
         640           16           1.123        20480        20480
         640           32           1.525        40960        40960
         640           64           2.323        81920        81920
         640          128           3.928       163840       163840
         640          256           7.120       327680       327680
         640          512          13.534       655360       655360
         640         1024          26.312      1310720      1310720
         640         2048          51.955      2621440      2621440
         640         4096         103.125      5242880      5242880
         640         8192         205.443     10485760     10485760
         640        16384         409.854     20971520     20971520
         640        32768         824.414     41943040     41943040
         640        65536        1637.780     83886080     83886080
         704            1           0.767         1408         1408
         704            2           0.811         2816         2816
         704            4           0.863         5632         5632
         704            8           0.961        11264        11264
         704           16           1.187        22528        22528
         704           32           1.636        45056        45056
         704           64           2.548        90112        90112
         704          128           4.375       180224       180224
         704          256           8.019       360448       360448
         704          512          15.382       720896       720896
         704         1024          29.908      1441792      1441792
         704         2048          59.217      2883584      2883584
         704         4096         117.482      5767168      5767168
         704         8192         233.786     11534336     11534336
         704        16384         466.802     23068672     23068672
         704        32768         935.827     46137344     46137344
         704        65536        1864.240     92274688     92274688
         768            1           0.771         1536         1536
         768            2           0.807         3072         3072
         768            4           0.849         6144         6144
         768            8           0.952        12288        12288
         768           16           1.175        24576        24576
         768           32           1.622        49152        49152
         768           64           2.524        98304        98304
         768          128           4.297       196608       196608
         768          256           7.895       393216       393216
         768          512          15.083       786432       786432
         768         1024          29.466      1572864      1572864
         768         2048          58.183      3145728      3145728
         768         4096         115.507      6291456      6291456
         768         8192         230.244     12582912     12582912
         768        16384         459.702     25165824     25165824
         768        32768         918.530     50331648     50331648
         768        65536        1841.270    100663296    100663296
         832            1           0.774         1664         1664
         832            2           0.811         3328         3328
         832            4           0.878         6656         6656
         832            8           0.989        13312        13312
         832           16           1.250        26624        26624
         832           32           1.795        53248        53248
         832           64           2.842       106496       106496
         832          128           4.976       212992       212992
         832          256           9.275       425984       425984
         832          512          17.761       851968       851968
         832         1024          34.856      1703936      1703936
         832         2048          68.683      3407872      3407872
         832         4096         136.731      6815744      6815744
         832         8192         272.449     13631488     13631488
         832        16384         544.063     27262976     27262976
         832        32768        1086.509     54525952     54525952
         832        65536        2176.139    109051904    109051904
         896            1           0.883         1792         1792
         896            2           0.800         3584         3584
         896            4           0.865         7168         7168
         896            8           0.991        14336        14336
         896           16           1.256        28672        28672
         896           32           1.794        57344        57344
         896           64           2.842       114688       114688
         896          128           4.961       229376       229376
         896          256           9.182       458752       458752
         896          512          17.659       917504       917504
         896         1024          34.641      1835008      1835008
         896         2048          68.491      3670016      3670016
         896         4096         136.163      7340032      7340032
         896         8192         271.539     14680064     14680064
         896        16384         542.499     29360128     29360128
         896        32768        1088.820     58720256     58720256
         896        65536        2166.513    117440512    117440512
         960            1           0.926         1920         1920
         960            2           0.890         3840         3840
         960            4           0.894         7680         7680
         960            8           1.090        15360        15360
         960           16           1.330        30720        30720
         960           32           1.934        61440        61440
         960           64           3.138       122880       122880
         960          128           5.555       245760       245760
         960          256          10.469       491520       491520
         960          512          20.035       983040       983040
         960         1024          39.485      1966080      1966080
         960         2048          78.157      3932160      3932160
         960         4096         155.408      7864320      7864320
         960         8192         309.938     15728640     15728640
         960        16384         619.171     31457280     31457280
         960        32768        1240.507     62914560     62914560
        1024            1           0.799         2048         2048
        1024            2           0.808         4096         4096
        1024            4           0.884         8192         8192
        1024            8           1.030        16384        16384
        1024           16           1.327        32768        32768
        1024           32           1.915        65536        65536
        1024           64           3.108       131072       131072
        1024          128           5.478       262144       262144
        1024          256          10.204       524288       524288
        1024          512          19.692      1048576      1048576
        1024         1024          38.769      2097152      2097152
        1024         2048          76.700      4194304      4194304
        1024         4096         152.661      8388608      8388608
        1024         8192         304.441     16777216     16777216
        1024        16384         608.035     33554432     33554432
        1024        32768        1215.164     67108864     67108864
        1088            1           0.796         2176         2176
        1088            2           0.837         4352         4352
        1088            4           0.899         8704         8704
        1088            8           1.075        17408        17408
        1088           16           1.412        34816        34816
        1088           32           2.087        69632        69632
        1088           64           3.444       139264       139264
        1088          128           6.179       278528       278528
        1088          256          11.597       557056       557056
        1088          512          22.480      1114112      1114112
        1088         1024          44.294      2228224      2228224
        1088         2048          87.840      4456448      4456448
        1088         4096         174.880      8912896      8912896
        1088         8192         352.363     17825792     17825792
        1088        16384         697.011     35651584     35651584
        1088        32768        1392.985     71303168     71303168
        1152            1           0.914         2304         2304
        1152            2           0.823         4608         4608
        1152            4           0.903         9216         9216
        1152            8           1.074        18432        18432
        1152           16           1.403        36864        36864
        1152           32           2.101        73728        73728
        1152           64           3.460       147456       147456
        1152          128           6.242       294912       294912
        1152          256          11.766       589824       589824
        1152          512          22.409      1179648      1179648
        1152         1024          44.214      2359296      2359296
        1152         2048          87.531      4718592      4718592
        1152         4096         174.253      9437184      9437184
        1152         8192         347.782     18874368     18874368
        1152        16384         694.829     37748736     37748736
        1152        32768        1392.167     75497472     75497472
        1216            1           0.781         2432         2432
        1216            2           0.840         4864         4864
        1216            4           0.922         9728         9728
        1216            8           1.101        19456        19456
        1216           16           1.476        38912        38912
        1216           32           2.224        77824        77824
        1216           64           3.733       155648       155648
        1216          128           6.748       311296       311296
        1216          256          12.743       622592       622592
        1216          512          24.771      1245184      1245184
        1216         1024          48.945      2490368      2490368
        1216         2048          97.069      4980736      4980736
        1216         4096         193.375      9961472      9961472
        1216         8192         385.992     19922944     19922944
        1216        16384         771.049     39845888     39845888
        1216        32768        1544.963     79691776     79691776
        1280            1           0.788         2560         2560
        1280            2           0.835         5120         5120
        1280            4           1.089        10240        10240
        1280            8           1.107        20480        20480
        1280           16           1.475        40960        40960
        1280           32           2.222        81920        81920
        1280           64           3.885       163840       163840
        1280          128           6.644       327680       327680
        1280          256          12.559       655360       655360
        1280          512          24.461      1310720      1310720
        1280         1024          48.164      2621440      2621440
        1280         2048          95.622      5242880      5242880
        1280         4096         190.002     10485760     10485760
        1280         8192         379.195     20971520     20971520
        1280        16384         757.433     41943040     41943040
        1280        32768        1514.137     83886080     83886080
        1408            1           0.777         2816         2816
        1408            2           0.835         5632         5632
        1408            4           0.946        11264        11264
        1408            8           1.134        22528        22528
        1408           16           1.555        45056        45056
        1408           32           2.366        90112        90112
        1408           64           4.029       180224       180224
        1408          128           7.333       360448       360448
        1408          256          13.962       720896       720896
        1408          512          27.278      1441792      1441792
        1408         1024          53.735      2883584      2883584
        1408         2048         106.632      5767168      5767168
        1408         4096         212.439     11534336     11534336
        1408         8192         427.135     23068672     23068672
        1408        16384         847.105     46137344     46137344
        1408        32768        1693.163     92274688     92274688
        1536            1           0.884         3072         3072
        1536            2           0.844         6144         6144
        1536            4           0.960        12288        12288
        1536            8           1.175        24576        24576
        1536           16           1.607        49152        49152
        1536           32           2.495        98304        98304
        1536           64           4.275       196608       196608
        1536          128           7.803       393216       393216
        1536          256          14.863       786432       786432
        1536          512          29.106      1572864      1572864
        1536         1024          57.396      3145728      3145728
        1536         2048         113.993      6291456      6291456
        1536         4096         227.304     12582912     12582912
        1536         8192         453.499     25165824     25165824
        1536        16384         909.674     50331648     50331648
        1536        32768        1811.741    100663296    100663296
        1664            1           0.787         3328         3328
        1664            2           0.862         6656         6656
        1664            4           0.975        13312        13312
        1664            8           1.278        26624        26624
        1664           16           1.752        53248        53248
        1664           32           2.855       106496       106496
        1664           64           4.719       212992       212992
        1664          128           8.532       425984       425984
        1664          256          16.492       851968       851968
        1664          512          31.929      1703936      1703936
        1664         1024          63.278      3407872      3407872
        1664         2048         125.855      6815744      6815744
        1664         4096         250.684     13631488     13631488
        1664         8192         500.346     27262976     27262976
        1664        16384        1003.164     54525952     54525952
        1664        32768        1998.878    109051904    109051904
        1792            1           0.799         3584         3584
        1792            2           0.871         7168         7168
        1792            4           1.000        14336        14336
        1792            8           1.243        28672        28672
        1792           16           1.759        57344        57344
        1792           32           2.791       114688       114688
        1792           64           4.849       229376       229376
        1792          128           8.980       458752       458752
        1792          256          17.227       917504       917504
        1792          512          33.776      1835008      1835008
        1792         1024          66.773      3670016      3670016
        1792         2048         132.621      7340032      7340032
        1792         4096         264.391     14680064     14680064
        1792         8192         528.120     29360128     29360128
        1792        16384        1058.622     58720256     58720256
        1792        32768        2110.518    117440512    117440512
        1920            1           0.809         3840         3840
        1920            2           0.919         7680         7680
        1920            4           1.023        15360        15360
        1920            8           1.293        30720        30720
        1920           16           1.920        61440        61440
        1920           32           3.078       122880       122880
        1920           64           5.226       245760       245760
        1920          128           9.895       491520       491520
        1920          256          18.726       983040       983040
        1920          512          36.793      1966080      1966080
        1920         1024          72.835      3932160      3932160
        1920         2048         144.733      7864320      7864320
        1920         4096         288.827     15728640     15728640
        1920         8192         576.302     31457280     31457280
        1920        16384        1155.252     62914560     62914560
        2112            1           0.833         4224         4224
        2112            2           0.927         8448         8448
        2112            4           1.084        16896        16896
        2112            8           1.371        33792        33792
        2112           16           1.999        67584        67584
        2112           32           3.266       135168       135168
        2112           64           5.835       270336       270336
        2112          128          10.936       540672       540672
        2112          256          21.107      1081344      1081344
        2112          512          41.553      2162688      2162688
        2112         1024          82.437      4325376      4325376
        2112         2048         163.935      8650752      8650752
        2112         4096         327.009     17301504     17301504
        2112         8192         653.437     34603008     34603008
        2112        16384        1306.077     69206016     69206016
        2304            1           0.815         4608         4608
        2304            2           0.918         9216         9216
        2304            4           1.085        18432        18432
        2304            8           1.401        36864        36864
        2304           16           2.050        73728        73728
        2304           32           3.371       147456       147456
        2304           64           6.016       294912       294912
        2304          128          11.287       589824       589824
        2304          256          21.874      1179648      1179648
        2304          512          43.048      2359296      2359296
        2304         1024          85.381      4718592      4718592
        2304         2048         169.786      9437184      9437184
        2304         4096         342.263     18874368     18874368
        2304         8192         676.967     37748736     37748736
        2304        16384        1352.998     75497472     75497472
        2496            1           0.861         4992         4992
        2496            2           1.023         9984         9984
        2496            4           1.138        19968        19968
        2496            8           1.479        39936        39936
        2496           16           2.392        79872        79872
        2496           32           3.800       159744       159744
        2496           64           6.712       319488       319488
        2496          128          12.702       638976       638976
        2496          256          24.757      1277952      1277952
        2496          512          48.664      2555904      2555904
        2496         1024          96.539      5111808      5111808
        2496         2048         192.311     10223616     10223616
        2496         4096         383.756     20447232     20447232
        2496         8192         766.882     40894464     40894464
        2496        16384        1535.804     81788928     81788928
        2688            1           0.837         5376         5376
        2688            2           0.942        10752        10752
        2688            4           1.237        21504        21504
        2688            8           1.514        43008        43008
        2688           16           2.402        86016        86016
        2688           32           3.952       172032       172032
        2688           64           7.047       344064       344064
        2688          128          13.421       688128       688128
        2688          256          25.909      1376256      1376256
        2688          512          51.075      2752512      2752512
        2688         1024         101.349      5505024      5505024
        2688         2048         201.806     11010048     11010048
        2688         4096         403.088     22020096     22020096
        2688         8192         804.923     44040192     44040192
        2688        16384        1612.333     88080384     88080384
        2944            1           0.843         5888         5888
        2944            2           0.961        11776        11776
        2944            4           1.187        23552        23552
        2944            8           1.582        47104        47104
        2944           16           2.442        94208        94208
        2944           32           4.163       188416       188416
        2944           64           7.591       376832       376832
        2944          128          14.479       753664       753664
        2944          256          28.246      1507328      1507328
        2944          512          55.836      3014656      3014656
        2944         1024         110.817      6029312      6029312
        2944         2048         220.894     12058624     12058624
        2944         4096         440.890     24117248     24117248
        2944         8192         881.255     48234496     48234496
        2944        16384        1764.787     96468992     96468992
        3200            1           0.869         6400         6400
        3200            2           0.984        12800        12800
        3200            4           1.214        25600        25600
        3200            8           1.645        51200        51200
        3200           16           2.583       102400       102400
        3200           32           4.447       204800       204800
        3200           64           8.178       409600       409600
        3200          128          15.654       819200       819200
        3200          256          30.721      1638400      1638400
        3200          512          60.608      3276800      3276800
        3200         1024         120.437      6553600      6553600
        3200         2048         239.997     13107200     13107200
        3200         4096         479.109     26214400     26214400
        3200         8192         957.385     52428800     52428800
        3200        16384        1916.962    104857600    104857600
        3520            1           0.873         7040         7040
        3520            2           1.063        14080        14080
        3520            4           1.277        28160        28160
        3520            8           1.769        56320        56320
        3520           16           2.800       112640       112640
        3520           32           4.902       225280       225280
        3520           64           9.087       450560       450560
        3520          128          17.464       901120       901120
        3520          256          34.264      1802240      1802240
        3520          512          67.735      3604480      3604480
        3520         1024         134.672      7208960      7208960
        3520         2048         268.501     14417920     14417920
        3520         4096         536.363     28835840     28835840
        3520         8192        1071.245     57671680     57671680
        3520        16384        2145.898    115343360    115343360
        3840            1           0.883         7680         7680
        3840            2           1.174        15360        15360
        3840            4           1.282        30720        30720
        3840            8           1.956        61440        61440
        3840           16           2.917       122880       122880
        3840           32           5.107       245760       245760
        3840           64           9.530       491520       491520
        3840          128          18.271       983040       983040
        3840          256          35.942      1966080      1966080
        3840          512          71.169      3932160      3932160
        3840         1024         141.203      7864320      7864320
        3840         2048         281.561     15728640     15728640
        3840         4096         562.136     31457280     31457280
        3840         8192        1123.250     62914560     62914560
        4224            1           0.906         8448         8448
        4224            2           1.052        16896        16896
        4224            4           1.351        33792        33792
        4224            8           1.994        67584        67584
        4224           16           3.247       135168       135168
        4224           32           5.778       270336       270336
        4224           64          10.837       540672       540672
        4224          128          20.972      1081344      1081344
        4224          256          41.240      2162688      2162688
        4224          512          81.671      4325376      4325376
        4224         1024         162.514      8650752      8650752
        4224         2048         324.253     17301504     17301504
        4224         4096         651.215     34603008     34603008
        4224         8192        1294.840     69206016     69206016
        4608            1           0.891         9216         9216
        4608            2           1.075        18432        18432
        4608            4           1.441        36864        36864
        4608            8           2.158        73728        73728
        4608           16           3.460       147456       147456
        4608           32           6.336       294912       294912
        4608           64          10.861       589824       589824
        4608          128          21.823      1179648      1179648
        4608          256          44.078      2359296      2359296
        4608          512          87.937      4718592      4718592
        4608         1024         175.956      9437184      9437184
        4608         2048         351.993     18874368     18874368
        4608         4096         704.920     37748736     37748736
        4608         8192        1411.898     75497472     75497472
        5056            1           0.933        10112        10112
        5056            2           1.110        20224        20224
        5056            4           1.483        40448        40448
        5056            8           2.247        80896        80896
        5056           16           3.773       161792       161792
        5056           32           6.789       323584       323584
        5056           64          12.917       647168       647168
        5056          128          24.731      1294336      1294336
        5056          256          48.745      2588672      2588672
        5056          512          97.336      5177344      5177344
        5056         1024         194.873     10354688     10354688
        5056         2048         389.626     20709376     20709376
        5056         4096         779.277     41418752     41418752
        5056         8192        1558.681     82837504     82837504
        5504            1           0.934        11008        11008
        5504            2           1.151        22016        22016
        5504            4           1.572        44032        44032
        5504            8           2.373        88064        88064
        5504           16           3.999       176128       176128
        5504           32           7.242       352256       352256
        5504           64          13.745       704512       704512
        5504          128          26.955      1409024      1409024
        5504          256          53.238      2818048      2818048
        5504          512         104.717      5636096      5636096
        5504         1024         209.525     11272192     11272192
        5504         2048         423.223     22544384     22544384
        5504         4096         838.941     45088768     45088768
        5504         8192        1677.752     90177536     90177536
        6016            1           1.051        12032        12032
        6016            2           1.171        24064        24064
        6016            4           1.622        48128        48128
        6016            8           2.512        96256        96256
        6016           16           4.309       192512       192512
        6016           32           7.863       385024       385024
        6016           64          15.019       770048       770048
        6016          128          29.274      1540096      1540096
        6016          256          58.006      3080192      3080192
        6016          512         114.978      6160384      6160384
        6016         1024         229.187     12320768     12320768
        6016         2048         457.360     24641536     24641536
        6016         4096         946.123     49283072     49283072
        6016         8192        1826.926     98566144     98566144
        6592            1           0.987        13184        13184
        6592            2           1.232        26368        26368
        6592            4           1.734        52736        52736
        6592            8           2.719       105472       105472
        6592           16           4.670       210944       210944
        6592           32           8.610       421888       421888
        6592           64          16.472       843776       843776
        6592          128          32.191      1687552      1687552
        6592          256          63.791      3375104      3375104
        6592          512         126.645      6750208      6750208
        6592         1024         252.634     13500416     13500416
        6592         2048         503.989     27000832     27000832
        6592         4096        1011.375     54001664     54001664
        6592         8192        2016.486    108003328    108003328
        7232            1           1.001        14464        14464
        7232            2           1.259        28928        28928
        7232            4           1.802        57856        57856
        7232            8           2.871       115712       115712
        7232           16           5.018       231424       231424
        7232           32           9.314       462848       462848
        7232           64          17.956       925696       925696
        7232          128          35.152      1851392      1851392
        7232          256          69.637      3702784      3702784
        7232          512         138.407      7405568      7405568
        7232         1024         276.052     14811136     14811136
        7232         2048         550.863     29622272     29622272
        7232         4096        1104.993     59244544     59244544
        7232         8192        2203.745    118489088    118489088
        7936            1           1.028        15872        15872
        7936            2           1.330        31744        31744
        7936            4           1.905        63488        63488
        7936            8           3.065       126976       126976
        7936           16           5.416       253952       253952
        7936           32          10.106       507904       507904
        7936           64          19.453      1015808      1015808
        7936          128          38.197      2031616      2031616
        7936          256          75.782      4063232      4063232
        7936          512         150.882      8126464      8126464
        7936         1024         300.653     16252928     16252928
        7936         2048         603.937     32505856     32505856
        7936         4096        1200.412     65011712     65011712
        8704            1           1.062        17408        17408
        8704            2           1.367        34816        34816
        8704            4           2.018        69632        69632
        8704            8           3.291       139264       139264
        8704           16           5.866       278528       278528
        8704           32          10.990       557056       557056
        8704           64          21.245      1114112      1114112
        8704          128          41.802      2228224      2228224
        8704          256          82.992      4456448      4456448
        8704          512         165.149      8912896      8912896
        8704         1024         329.344     17825792     17825792
        8704         2048         657.852     35651584     35651584
        8704         4096        1317.578     71303168     71303168
        9536            1           1.105        19072        19072
        9536            2           1.506        38144        38144
        9536            4           2.304        76288        76288
        9536            8           3.547       152576       152576
        9536           16           6.390       305152       305152
        9536           32          12.204       610304       610304
        9536           64          23.334      1220608      1220608
        9536          128          45.923      2441216      2441216
        9536          256          91.073      4882432      4882432
        9536          512         181.309      9764864      9764864
        9536         1024         361.695     19529728     19529728
        9536         2048         722.254     39059456     39059456
        9536         4096        1444.892     78118912     78118912
       10432            1           1.109        20864        20864
       10432            2           1.507        41728        41728
       10432            4           2.324        83456        83456
       10432            8           3.842       166912       166912
       10432           16           7.010       333824       333824
       10432           32          13.113       667648       667648
       10432           64          25.418      1335296      1335296
       10432          128          50.054      2670592      2670592
       10432          256          99.535      5341184      5341184
       10432          512         198.245     10682368     10682368
       10432         1024         395.628     21364736     21364736
       10432         2048         792.693     42729472     42729472
       10432         4096        1579.266     85458944     85458944
       11456            1           1.201        22912        22912
       11456            2           1.575        45824        45824
       11456            4           2.505        91648        91648
       11456            8           4.102       183296       183296
       11456           16           7.498       366592       366592
       11456           32          14.258       733184       733184
       11456           64          27.885      1466368      1466368
       11456          128          54.945      2932736      2932736
       11456          256         109.009      5865472      5865472
       11456          512         217.153     11730944     11730944
       11456         1024         433.786     23461888     23461888
       11456         2048         866.059     46923776     46923776
       11456         4096        1734.688     93847552     93847552
       12544            1           1.212        25088        25088
       12544            2           1.660        50176        50176
       12544            4           2.588       100352       100352
       12544            8           4.419       200704       200704
       12544           16           8.099       401408       401408
       12544           32          15.454       802816       802816
       12544           64          30.212      1605632      1605632
       12544          128          59.643      3211264      3211264
       12544          256         118.658      6422528      6422528
       12544          512         236.606     12845056     12845056
       12544         1024         472.220     25690112     25690112
       12544         2048         943.453     51380224     51380224
       12544         4096        1889.336    102760448    102760448
       13760            1           1.236        27520        27520
       13760            2           1.734        55040        55040
       13760            4           2.750       110080       110080
       13760            8           4.776       220160       220160
       13760           16           8.856       440320       440320
       13760           32          16.915       880640       880640
       13760           64          33.108      1761280      1761280
       13760          128          65.551      3522560      3522560
       13760          256         130.415      7045120      7045120
       13760          512         260.001     14090240     14090240
       13760         1024         519.421     28180480     28180480
       13760         2048        1037.658     56360960     56360960
       13760         4096        2077.797    112721920    112721920
       15104            1           1.610        30208        30208
       15104            2           1.827        60416        60416
       15104            4           2.943       120832       120832
       15104            8           5.164       241664       241664
       15104           16           9.702       483328       483328
       15104           32          18.538       966656       966656
       15104           64          36.337      1933312      1933312
       15104          128          71.650      3866624      3866624
       15104          256         142.405      7733248      7733248
       15104          512         284.098     15466496     15466496
       15104         1024         567.353     30932992     30932992
       15104         2048        1133.992     61865984     61865984
       15104         4096        2269.858    123731968    123731968
       16576            1           1.788        33152        33152
       16576            2           1.953        66304        66304
       16576            4           3.366       132608       132608
       16576            8           5.801       265216       265216
       16576           16          10.455       530432       530432
       16576           32          20.229      1060864      1060864
       16576           64          39.888      2121728      2121728
       16576          128          78.666      4243456      4243456
       16576          256         156.633      8486912      8486912
       16576          512         312.659     16973824     16973824
       16576         1024         624.024     33947648     33947648
       16576         2048        1249.903     67895296     67895296
       18176            1           1.553        36352        36352
       18176            2           2.055        72704        72704
       18176            4           3.385       145408       145408
       18176            8           6.050       290816       290816
       18176           16          11.358       581632       581632
       18176           32          22.000      1163264      1163264
       18176           64          43.311      2326528      2326528
       18176          128          85.907      4653056      4653056
       18176          256         171.034      9306112      9306112
       18176          512         341.312     18612224     18612224
       18176         1024         681.521     37224448     37224448
       18176         2048        1362.522     74448896     74448896
       19968            1           1.647        39936        39936
       19968            2           2.184        79872        79872
       19968            4           3.647       159744       159744
       19968            8           6.558       319488       319488
       19968           16          12.413       638976       638976
       19968           32          24.065      1277952      1277952
       19968           64          47.450      2555904      2555904
       19968          128          94.182      5111808      5111808
       19968          256         187.655     10223616     10223616
       19968          512         376.699     20447232     20447232
       19968         1024         748.420     40894464     40894464
       19968         2048        1495.626     81788928     81788928
       21952            1           1.538        43904        43904
       21952            2           2.330        87808        87808
       21952            4           3.953       175616       175616
       21952            8           7.176       351232       351232
       21952           16          13.577       702464       702464
       21952           32          26.485      1404928      1404928
       21952           64          52.319      2809856      2809856
       21952          128         103.635      5619712      5619712
       21952          256         206.659     11239424     11239424
       21952          512         412.547     22478848     22478848
       21952         1024         827.680     44957696     44957696
       21952         2048        1646.886     89915392     89915392
       24128            1           1.745        48256        48256
       24128            2           2.509        96512        96512
       24128            4           4.262       193024       193024
       24128            8           7.808       386048       386048
       24128           16          14.851       772096       772096
       24128           32          28.979      1544192      1544192
       24128           64          57.197      3088384      3088384
       24128          128         113.670      6176768      6176768
       24128          256         226.940     12353536     12353536
       24128          512         452.982     24707072     24707072
       24128         1024         904.479     49414144     49414144
       24128         2048        1822.572     98828288     98828288
       26496            1           1.701        52992        52992
       26496            2           2.679       105984       105984
       26496            4           4.743       211968       211968
       26496            8           8.497       423936       423936
       26496           16          16.218       847872       847872
       26496           32          31.806      1695744      1695744
       26496           64          62.677      3391488      3391488
       26496          128         124.441      6782976      6782976
       26496          256         248.409     13565952     13565952
       26496          512         496.116     27131904     27131904
       26496         1024         991.148     54263808     54263808
       26496         2048        1984.505    108527616    108527616
       29120            1           1.809        58240        58240
       29120            2           2.922       116480       116480
       29120            4           5.009       232960       232960
       29120            8           9.348       465920       465920
       29120           16          17.885       931840       931840
       29120           32          34.883      1863680      1863680
       29120           64          68.954      3727360      3727360
       29120          128         137.109      7454720      7454720
       29120          256         273.251     14909440     14909440
       29120          512         545.865     29818880     29818880
       29120         1024        1090.649     59637760     59637760
       29120         2048        2184.083    119275520    119275520
       32000            1           1.909        64000        64000
       32000            2           3.079       128000       128000
       32000            4           5.491       256000       256000
       32000            8          10.218       512000       512000
       32000           16          19.448      1024000      1024000
       32000           32          38.064      2048000      2048000
       32000           64          75.443      4096000      4096000
       32000          128         150.104      8192000      8192000
       32000          256         299.587     16384000     16384000
       32000          512         598.360     32768000     32768000
       32000         1024        1199.128     65536000     65536000
       35200            1           2.545        70400        70400
       35200            2           3.309       140800       140800
       35200            4           5.951       281600       281600
       35200            8          11.162       563200       563200
       35200           16          21.304      1126400      1126400
       35200           32          41.844      2252800      2252800
       35200           64          82.870      4505600      4505600
       35200          128         164.980      9011200      9011200
       35200          256         329.332     18022400     18022400
       35200          512         658.037     36044800     36044800
       35200         1024        1315.088     72089600     72089600
       38720            1           2.894        77440        77440
       38720            2           3.761       154880       154880
       38720            4           6.384       309760       309760
       38720            8          12.051       619520       619520
       38720           16          23.352      1239040      1239040
       38720           32          45.995      2478080      2478080
       38720           64          91.220      4956160      4956160
       38720          128         181.546      9912320      9912320
       38720          256         362.448     19824640     19824640
       38720          512         727.121     39649280     39649280
       38720         1024        1447.329     79298560     79298560
       42560            1           2.670        85120        85120
       42560            2           3.830       170240       170240
       42560            4           6.946       340480       340480
       42560            8          13.133       680960       680960
       42560           16          25.611      1361920      1361920
       42560           32          50.417      2723840      2723840
       42560           64         100.086      5447680      5447680
       42560          128         199.431     10895360     10895360
       42560          256         398.282     21790720     21790720
       42560          512         795.674     43581440     43581440
       42560         1024        1595.554     87162880     87162880
       46784            1           2.470        93568        93568
       46784            2           4.155       187136       187136
       46784            4           7.570       374272       374272
       46784            8          14.511       748544       748544
       46784           16          28.028      1497088      1497088
       46784           32          55.546      2994176      2994176
       46784           64         109.982      5988352      5988352
       46784          128         219.101     11976704     11976704
       46784          256         437.587     23953408     23953408
       46784          512         874.293     47906816     47906816
       46784         1024        1750.944     95813632     95813632
       51456            1           2.843       102912       102912
       51456            2           4.494       205824       205824
       51456            4           8.234       411648       411648
       51456            8          15.732       823296       823296
       51456           16          30.724      1646592      1646592
       51456           32          60.664      3293184      3293184
       51456           64         120.748      6586368      6586368
       51456          128         240.619     13172736     13172736
       51456          256         480.525     26345472     26345472
       51456          512         960.079     52690944     52690944
       51456         1024        1938.164    105381888    105381888
       56576            1           2.473       113152       113152
       56576            2           4.885       226304       226304
       56576            4           9.036       452608       452608
       56576            8          17.407       905216       905216
       56576           16          33.679      1810432      1810432
       56576           32          66.627      3620864      3620864
       56576           64         132.550      7241728      7241728
       56576          128         264.402     14483456     14483456
       56576          256         528.314     28966912     28966912
       56576          512        1055.605     57933824     57933824
       56576         1024        2122.907    115867648    115867648
       62208            1           2.799       124416       124416
       62208            2           5.282       248832       248832
       62208            4           9.766       497664       497664
       62208            8          18.869       995328       995328
       62208           16          36.983      1990656      1990656
       62208           32          73.281      3981312      3981312
       62208           64         145.667      7962624      7962624
       62208          128         290.510     15925248     15925248
       62208          256         580.721     31850496     31850496
       62208          512        1160.329     63700992     63700992
       68416            1           3.636       136832       136832
       68416            2           5.828       273664       273664
       68416            4          10.700       547328       547328
       68416            8          20.691      1094656      1094656
       68416           16          40.610      2189312      2189312
       68416           32          80.545      4378624      4378624
       68416           64         160.318      8757248      8757248
       68416          128         319.887     17514496     17514496
       68416          256         641.313     35028992     35028992
       68416          512        1276.627     70057984     70057984
       75200            1           3.484       150400       150400
       75200            2           6.231       300800       300800
       75200            4          11.692       601600       601600
       75200            8          22.659      1203200      1203200
       75200           16          44.498      2406400      2406400
       75200           32          88.386      4812800      4812800
       75200           64         175.996      9625600      9625600
       75200          128         351.340     19251200     19251200
       75200          256         701.879     38502400     38502400
       75200          512        1406.170     77004800     77004800
       82688            1           3.574       165376       165376
       82688            2           6.750       330752       330752
       82688            4          12.821       661504       661504
       82688            8          24.928      1323008      1323008
       82688           16          48.991      2646016      2646016
       82688           32          97.106      5292032      5292032
       82688           64         193.271     10584064     10584064
       82688          128         385.816     21168128     21168128
       82688          256         771.042     42336256     42336256
       82688          512        1541.229     84672512     84672512
       90944            1           4.139       181888       181888
       90944            2           7.369       363776       363776
       90944            4          13.994       727552       727552
       90944            8          27.231      1455104      1455104
       90944           16          53.664      2910208      2910208
       90944           32         106.612      5820416      5820416
       90944           64         215.655     11640832     11640832
       90944          128         424.496     23281664     23281664
       90944          256         848.372     46563328     46563328
       90944          512        1695.581     93126656     93126656
      100032            1           4.759       200064       200064
      100032            2           8.135       400128       400128
      100032            4          15.312       800256       800256
      100032            8          29.858      1600512      1600512
      100032           16          58.993      3201024      3201024
      100032           32         117.349      6402048      6402048
      100032           64         233.808     12804096     12804096
      100032          128         469.158     25608192     25608192
      100032          256         932.960     51216384     51216384
      100032          512        1864.989    102432768    102432768
      110016            1           5.328       220032       220032
      110016            2           8.758       440064       440064
      110016            4          16.857       880128       880128
      110016            8          32.952      1760256      1760256
      110016           16          64.820      3520512      3520512
      110016           32         128.851      7041024      7041024
      110016           64         256.911     14082048     14082048
      110016          128         513.184     28164096     28164096
      110016          256        1028.643     56328192     56328192
      110016          512        2050.643    112656384    112656384
      120960            1           5.230       241920       241920
      120960            2           9.546       483840       483840
      120960            4          18.450       967680       967680
      120960            8          36.078      1935360      1935360
      120960           16          71.267      3870720      3870720
      120960           32         141.558      7741440      7741440
      120960           64         282.359     15482880     15482880
      120960          128         566.794     30965760     30965760
      120960          256        1127.052     61931520     61931520
      120960          512        2253.285    123863040    123863040
      133056            1           5.723       266112       266112
      133056            2          10.449       532224       532224
      133056            4          20.080      1064448      1064448
      133056            8          39.503      2128896      2128896
      133056           16          78.201      4257792      4257792
      133056           32         155.919      8515584      8515584
      133056           64         318.061     17031168     17031168
      133056          128         641.545     34062336     34062336
      133056          256        1239.958     68124672     68124672
      146304            1           6.238       292608       292608
      146304            2          11.422       585216       585216
      146304            4          22.044      1170432      1170432
      146304            8          43.332      2340864      2340864
      146304           16          85.869      4681728      4681728
      146304           32         170.985      9363456      9363456
      146304           64         341.357     18726912     18726912
      146304          128         681.807     37453824     37453824
      146304          256        1375.485     74907648     74907648
      160896            1           6.744       321792       321792
      160896            2          12.453       643584       643584
      160896            4          24.176      1287168      1287168
      160896            8          47.681      2574336      2574336
      160896           16          94.382      5148672      5148672
      160896           32         187.938     10297344     10297344
      160896           64         375.213     20594688     20594688
      160896          128         749.486     41189376     41189376
      160896          256        1498.383     82378752     82378752
      176960            1           8.278       353920       353920
      176960            2          13.628       707840       707840
      176960            4          26.502      1415680      1415680
      176960            8          52.254      2831360      2831360
      176960           16         103.730      5662720      5662720
      176960           32         209.566     11325440     11325440
      176960           64         412.661     22650880     22650880
      176960          128         824.591     45301760     45301760
      176960          256        1648.143     90603520     90603520
      194624            1           8.050       389248       389248
      194624            2          15.112       778496       778496
      194624            4          29.098      1556992      1556992
      194624            8          57.707      3113984      3113984
      194624           16         114.023      6227968      6227968
      194624           32         227.285     12455936     12455936
      194624           64         456.942     24911872     24911872
      194624          128         906.582     49823744     49823744
      194624          256        1812.785     99647488     99647488
      214080            1           8.948       428160       428160
      214080            2          16.469       856320       856320
      214080            4          31.997      1712640      1712640
      214080            8          63.316      3425280      3425280
      214080           16         125.377      6850560      6850560
      214080           32         249.892     13701120     13701120
      214080           64         499.041     27402240     27402240
      214080          128        1000.444     54804480     54804480
      214080          256        1993.571    109608960    109608960
      235456            1           9.839       470912       470912
      235456            2          18.109       941824       941824
      235456            4          35.204      1883648      1883648
      235456            8          69.631      3767296      3767296
      235456           16         137.912      7534592      7534592
      235456           32         274.982     15069184     15069184
      235456           64         548.746     30138368     30138368
      235456          128        1100.230     60276736     60276736
      235456          256        2192.275    120553472    120553472
      258944            1          10.688       517888       517888
      258944            2          19.957      1035776      1035776
      258944            4          38.811      2071552      2071552
      258944            8          76.449      4143104      4143104
      258944           16         151.833      8286208      8286208
      258944           32         302.347     16572416     16572416
      258944           64         610.769     33144832     33144832
      258944          128        1205.777     66289664     66289664
      284800            1          11.786       569600       569600
      284800            2          22.283      1139200      1139200
      284800            4          43.709      2278400      2278400
      284800            8          86.569      4556800      4556800
      284800           16         172.231      9113600      9113600
      284800           32         343.775     18227200     18227200
      284800           64         686.371     36454400     36454400
      284800          128        1375.062     72908800     72908800
      313280            1          13.127       626560       626560
      313280            2          24.607      1253120      1253120
      313280            4          48.495      2506240      2506240
      313280            8          96.307      5012480      5012480
      313280           16         191.603     10024960     10024960
      313280           32         382.631     20049920     20049920
      313280           64         764.719     40099840     40099840
      313280          128        1528.466     80199680     80199680
      344576            1          14.613       689152       689152
      344576            2          27.002      1378304      1378304
      344576            4          53.197      2756608      2756608
      344576            8         105.797      5513216      5513216
      344576           16         210.698     11026432     11026432
      344576           32         423.908     22052864     22052864
      344576           64         840.823     44105728     44105728
      344576          128        1680.714     88211456     88211456
      379008            1          15.980       758016       758016
      379008            2          29.677      1516032      1516032
      379008            4          58.510      3032064      3032064
      379008            8         116.176      6064128      6064128
      379008           16         231.759     12128256     12128256
      379008           32         462.753     24256512     24256512
      379008           64         927.898     48513024     48513024
      379008          128        1848.503     97026048     97026048
      416896            1          19.302       833792       833792
      416896            2          32.512      1667584      1667584
      416896            4          64.256      3335168      3335168
      416896            8         127.715      6670336      6670336
      416896           16         254.653     13340672     13340672
      416896           32         508.735     26681344     26681344
      416896           64        1019.593     53362688     53362688
      416896          128        2033.235    106725376    106725376
      458560            1          20.513       917120       917120
      458560            2          35.594      1834240      1834240
      458560            4          70.560      3668480      3668480
      458560            8         140.388      7336960      7336960
      458560           16         280.105     14673920     14673920
      458560           32         559.504     29347840     29347840
      458560           64        1121.668     58695680     58695680
      458560          128        2236.473    117391360    117391360
      504384            1          23.178      1008768      1008768
      504384            2          39.180      2017536      2017536
      504384            4          77.586      4035072      4035072
      504384            8         154.461      8070144      8070144
      504384           16         308.005     16140288     16140288
      504384           32         618.166     32280576     32280576
      504384           64        1230.037     64561152     64561152
      554816            1          23.230      1109632      1109632
      554816            2          42.969      2219264      2219264
      554816            4          85.188      4438528      4438528
      554816            8         169.784      8877056      8877056
      554816           16         338.916     17754112     17754112
      554816           32         676.701     35508224     35508224
      554816           64        1355.955     71016448     71016448
      610240            1          26.017      1220480      1220480
      610240            2          47.270      2440960      2440960
      610240            4          93.718      4881920      4881920
      610240            8         186.795      9763840      9763840
      610240           16         372.825     19527680     19527680
      610240           32         744.529     39055360     39055360
      610240           64        1488.110     78110720     78110720
      671232            1          29.579      1342464      1342464
      671232            2          51.899      2684928      2684928
      671232            4         102.912      5369856      5369856
      671232            8         205.288     10739712     10739712
      671232           16         409.655     21479424     21479424
      671232           32         821.891     42958848     42958848
      671232           64        1636.662     85917696     85917696
      738304            1          32.050      1476608      1476608
      738304            2          56.920      2953216      2953216
      738304            4         113.204      5906432      5906432
      738304            8         225.642     11812864     11812864
      738304           16         450.625     23625728     23625728
      738304           32         902.918     47251456     47251456
      738304           64        1799.926     94502912     94502912
      812096            1          35.651      1624192      1624192
      812096            2          62.422      3248384      3248384
      812096            4         124.340      6496768      6496768
      812096            8         248.027     12993536     12993536
      812096           16         495.500     25987072     25987072
      812096           32         994.039     51974144     51974144
      812096           64        1979.948    103948288    103948288
      893248            1          39.466      1786496      1786496
      893248            2          68.707      3572992      3572992
      893248            4         136.693      7145984      7145984
      893248            8         272.852     14291968     14291968
      893248           16         545.003     28583936     28583936
      893248           32        1092.852     57167872     57167872
      893248           64        2177.695    114335744    114335744
      982528            1          40.235      1965056      1965056
      982528            2          75.495      3930112      3930112
      982528            4         150.343      7860224      7860224
      982528            8         299.973     15720448     15720448
      982528           16         599.373     31440896     31440896
      982528           32        1200.854     62881792     62881792
     1080768            1          44.159      2161536      2161536
     1080768            2          82.915      4323072      4323072
     1080768            4         165.135      8646144      8646144
     1080768            8         329.971     17292288     17292288
     1080768           16         659.209     34584576     34584576
     1080768           32        1317.635     69169152     69169152
     1188800            1          49.131      2377600      2377600
     1188800            2          91.230      4755200      4755200
     1188800            4         181.753      9510400      9510400
     1188800            8         365.639     19020800     19020800
     1188800           16         725.013     38041600     38041600
     1188800           32        1448.963     76083200     76083200
     1307648            1          59.225      2615296      2615296
     1307648            2         100.208      5230592      5230592
     1307648            4         199.857     10461184     10461184
     1307648            8         407.108     20922368     20922368
     1307648           16         797.005     41844736     41844736
     1307648           32        1598.017     83689472     83689472
     1438400            1          62.750      2876800      2876800
     1438400            2         110.495      5753600      5753600
     1438400            4         219.810     11507200     11507200
     1438400            8         438.676     23014400     23014400
     1438400           16         877.472     46028800     46028800
     1438400           32        1758.427     92057600     92057600
     1582208            1          68.029      3164416      3164416
     1582208            2         121.402      6328832      6328832
     1582208            4         241.576     12657664     12657664
     1582208            8         483.562     25315328     25315328
     1582208           16         967.289     50630656     50630656
     1582208           32        1938.715    101261312    101261312
     1740416            1          74.170      3480832      3480832
     1740416            2         133.895      6961664      6961664
     1740416            4         266.088     13923328     13923328
     1740416            8         532.724     27846656     27846656
     1740416           16        1065.898     55693312     55693312
     1740416           32        2136.531    111386624    111386624
     1914432            1          80.604      3828864      3828864
     1914432            2         147.438      7657728      7657728
     1914432            4         293.014     15315456     15315456
     1914432            8         586.719     30630912     30630912
     1914432           16        1173.614     61261824     61261824
     1914432           32        2352.015    122523648    122523648
     2105856            1          87.196      4211712      4211712
     2105856            2         162.721      8423424      8423424
     2105856            4         323.955     16846848     16846848
     2105856            8         647.230     33693696     33693696
     2105856           16        1298.057     67387392     67387392
     2316416            1          97.048      4632832      4632832
     2316416            2         179.872      9265664      9265664
     2316416            4         358.859     18531328     18531328
     2316416            8         713.059     37062656     37062656
     2316416           16        1426.288     74125312     74125312
     2548032            1         106.108      5096064      5096064
     2548032            2         198.313     10192128     10192128
     2548032            4         396.463     20384256     20384256
     2548032            8         795.481     40768512     40768512
     2548032           16        1576.331     81537024     81537024
     2802816            1         117.850      5605632      5605632
     2802816            2         218.764     11211264     11211264
     2802816            4         435.472     22422528     22422528
     2802816            8         870.323     44845056     44845056
     2802816           16        1743.351     89690112     89690112
     3083072            1         129.326      6166144      6166144
     3083072            2         241.635     12332288     12332288
     3083072            4         480.239     24664576     24664576
     3083072            8         957.198     49329152     49329152
     3083072           16        1918.219     98658304     98658304
     3391360            1         142.878      6782720      6782720
     3391360            2         265.655     13565440     13565440
     3391360            4         526.713     27130880     27130880
     3391360            8        1051.523     54261760     54261760
     3391360           16        2112.125    108523520    108523520
     3730496            1         157.342      7460992      7460992
     3730496            2         291.722     14921984     14921984
     3730496            4         578.291     29843968     29843968
     3730496            8        1157.038     59687936     59687936
     3730496           16        2322.029    119375872    119375872
     4103488            1         172.477      8206976      8206976
     4103488            2         319.114     16413952     16413952
     4103488            4         636.126     32827904     32827904
     4103488            8        1278.840     65655808     65655808
     4513792            1         188.976      9027584      9027584
     4513792            2         350.593     18055168     18055168
     4513792            4         701.491     36110336     36110336
     4513792            8        1400.020     72220672     72220672
     4965120            1         207.474      9930240      9930240
     4965120            2         387.103     19860480     19860480
     4965120            4         778.822     39720960     39720960
     4965120            8        1540.067     79441920     79441920
     5461632            1         230.143     10923264     10923264
     5461632            2         425.307     21846528     21846528
     5461632            4         847.870     43693056     43693056
     5461632            8        1700.610     87386112     87386112
     6007744            1         252.097     12015488     12015488
     6007744            2         466.057     24030976     24030976
     6007744            4         932.485     48061952     48061952
     6007744            8        1869.616     96123904     96123904
     6608512            1         276.263     13217024     13217024
     6608512            2         512.645     26434048     26434048
     6608512            4        1025.388     52868096     52868096
     6608512            8        2080.493    105736192    105736192
     7269312            1         318.432     14538624     14538624
     7269312            2         564.181     29077248     29077248
     7269312            4        1128.024     58154496     58154496
     7269312            8        2262.167    116308992    116308992
     7996224            1         336.660     15992448     15992448
     7996224            2         619.047     31984896     31984896
     7996224            4        1239.383     63969792     63969792
     8795840            1         368.208     17591680     17591680
     8795840            2         682.816     35183360     35183360
     8795840            4        1370.120     70366720     70366720
     9675392            1         405.100     19350784     19350784
     9675392            2         749.064     38701568     38701568
     9675392            4        1500.845     77403136     77403136
    10642880            1         454.402     21285760     21285760
    10642880            2         823.931     42571520     42571520
    10642880            4        1649.516     85143040     85143040
    11707136            1         492.598     23414272     23414272
    11707136            2         915.038     46828544     46828544
    11707136            4        1814.311     93657088     93657088
    12877824            1         542.649     25755648     25755648
    12877824            2         997.394     51511296     51511296
    12877824            4        2004.026    103022592    103022592
    14165568            1         596.932     28331136     28331136
    14165568            2        1097.853     56662272     56662272
    14165568            4        2204.381    113324544    113324544
    15582080            1         650.413     31164160     31164160
    15582080            2        1208.304     62328320     62328320
    15582080            4        2430.106    124656640    124656640
    17140288            1         717.746     34280576     34280576
    17140288            2        1336.699     68561152     68561152
    18854272            1         801.953     37708544     37708544
    18854272            2        1497.373     75417088     75417088
    20739648            1         882.448     41479296     41479296
    20739648            2        1739.344     82958592     82958592
    22813568            1        1008.315     45627136     45627136
    22813568            2        2032.249     91254272     91254272
    25094912            1        1243.087     50189824     50189824
    25094912            2        2648.002    100379648    100379648
    27604352            1        1583.869     55208704     55208704
    27604352            2        3467.023    110417408    110417408
    30364736            1        1934.187     60729472     60729472
    30364736            2        4340.136    121458944    121458944
    33401152            1        2420.047     66802304     66802304
    36741248            1        2846.437     73482496     73482496
    40415360            1        3158.952     80830720     80830720
    44456896            1        3561.267     88913792     88913792
    48902528            1        3913.716     97805056     97805056
    53792768            1        4337.143    107585536    107585536
    59172032            1        4789.817    118344064    118344064

META_DATA
MPI_PROCS      1
OPENMP_THREADS 8
FLOPS          16
ERT_VERSION  1.0.0
TIMESTAMP_DATA  1594852878.23
HOSTNAME  ('apollo-PowerEdge-R430', [], ['127.0.1.1'])
UNAME  ('Linux', 'apollo-PowerEdge-R430', '4.19.129-0419129-generic', '#202006220433 SMP Mon Jun 22 09:12:54 UTC 2020', 'x86_64', 'x86_64')
CONFIG  {'ERT_WORKING_SET_MIN': ['1'], 'ERT_CFLAGS': ['-O3'], 'ERT_CC': ['gcc'], 'ERT_MPI_CFLAGS': [], 'ERT_MPI_LDFLAGS': [], 'ERT_MEMORY_MAX': ['62497788'], 'ERT_PROCS_THREADS': ['8'], 'ERT_LDFLAGS': [], 'ERT_LDLIBS': [], 'ERT_SPEC_GBYTES_DRAM': ['1.0'], 'ERT_RUN': ['export', 'KMP_AFFINITY=scatter;', 'export', 'OMP_NUM_THREADS=ERT_OPENMP_THREADS;', 'ERT_CODE'], 'ERT_FLOPS': ['1,2,4,8,16'], 'ERT_OPENMP_CFLAGS': ['-fopenmp'], 'ERT_SPEC_GFLOPS': ['1.0'], 'ERT_MPI': ['False'], 'ERT_TRIALS_MIN': ['1'], 'ERT_DRIVER': ['driver1'], 'ERT_RESULTS': ['Results.x86'], 'ERT_OPENMP': ['True'], 'ERT_MPI_PROCS': ['1'], 'ERT_KERNEL': ['kernel1'], 'ERT_OPENMP_THREADS': ['1-32'], 'ERT_LD': ['gcc'], 'ERT_NUM_EXPERIMENTS': ['6'], 'ERT_OPENMP_LDFLAGS': ['-fopenmp'], 'ERT_ALIGN': ['32'], 'ERT_GNUPLOT': ['gnuplot']}
