          64            1           1.649          128          128
          64            2           0.800          256          256
          64            4           0.775          512          512
          64            8           0.868         1024         1024
          64           16           1.063         2048         2048
          64           32           1.426         4096         4096
          64           64           2.175         8192         8192
          64          128           3.686        16384        16384
          64          256           6.795        32768        32768
          64          512          12.699        65536        65536
          64         1024          24.742       131072       131072
          64         2048          48.948       262144       262144
          64         4096          96.951       524288       524288
          64         8192         193.357      1048576      1048576
          64        16384         385.781      2097152      2097152
          64        32768         770.897      4194304      4194304
          64        65536        1600.004      8388608      8388608
          64       131072        3085.393     16777216     16777216
          64       262144        6168.245     33554432     33554432
          64       524288       12341.926     67108864     67108864
         128            1           0.766          256          256
         128            2           0.764          512          512
         128            4           0.801         1024         1024
         128            8           0.885         2048         2048
         128           16           1.072         4096         4096
         128           32           1.448         8192         8192
         128           64           2.199        16384        16384
         128          128           3.700        32768        32768
         128          256           6.717        65536        65536
         128          512          12.731       131072       131072
         128         1024          24.765       262144       262144
         128         2048          48.847       524288       524288
         128         4096          96.973      1048576      1048576
         128         8192         193.257      2097152      2097152
         128        16384         385.807      4194304      4194304
         128        32768         787.770      8388608      8388608
         128        65536        1541.166     16777216     16777216
         128       131072        3088.668     33554432     33554432
         128       262144        6167.523     67108864     67108864
         192            1           0.783          384          384
         192            2           0.943          768          768
         192            4           0.914         1536         1536
         192            8           0.885         3072         3072
         192           16           1.168         6144         6144
         192           32           1.451        12288        12288
         192           64           2.201        24576        24576
         192          128           3.709        49152        49152
         192          256           6.712        98304        98304
         192          512          12.885       196608       196608
         192         1024          24.799       393216       393216
         192         2048          48.903       786432       786432
         192         4096          97.094      1572864      1572864
         192         8192         193.376      3145728      3145728
         192        16384         385.927      6291456      6291456
         192        32768         774.416     12582912     12582912
         192        65536        1541.264     25165824     25165824
         192       131072        3089.590     50331648     50331648
         192       262144        6170.682    100663296    100663296
         256            1           0.751          512          512
         256            2           0.872         1024         1024
         256            4           0.800         2048         2048
         256            8           0.907         4096         4096
         256           16           1.071         8192         8192
         256           32           1.448        16384        16384
         256           64           2.261        32768        32768
         256          128           3.840        65536        65536
         256          256           6.845       131072       131072
         256          512          12.739       262144       262144
         256         1024          24.933       524288       524288
         256         2048          48.994      1048576      1048576
         256         4096          97.116      2097152      2097152
         256         8192         193.364      4194304      4194304
         256        16384         422.461      8388608      8388608
         256        32768         792.013     16777216     16777216
         256        65536        1541.294     33554432     33554432
         256       131072        3088.445     67108864     67108864
         320            1           0.758          640          640
         320            2           0.781         1280         1280
         320            4           0.828         2560         2560
         320            8           0.913         5120         5120
         320           16           1.089        10240        10240
         320           32           1.463        20480        20480
         320           64           2.210        40960        40960
         320          128           3.721        81920        81920
         320          256           6.734       163840       163840
         320          512          12.770       327680       327680
         320         1024          24.796       655360       655360
         320         2048          48.974      1310720      1310720
         320         4096          97.113      2621440      2621440
         320         8192         193.378      5242880      5242880
         320        16384         385.933     10485760     10485760
         320        32768         771.052     20971520     20971520
         320        65536        1544.662     41943040     41943040
         320       131072        3086.777     83886080     83886080
         384            1           0.752          768          768
         384            2           0.791         1536         1536
         384            4           0.822         3072         3072
         384            8           0.903         6144         6144
         384           16           1.089        12288        12288
         384           32           1.456        24576        24576
         384           64           2.212        49152        49152
         384          128           3.723        98304        98304
         384          256           6.728       196608       196608
         384          512          12.788       393216       393216
         384         1024          24.813       786432       786432
         384         2048          48.985      1572864      1572864
         384         4096          97.108      3145728      3145728
         384         8192         193.384      6291456      6291456
         384        16384         385.936     12582912     12582912
         384        32768         771.056     25165824     25165824
         384        65536        1541.280     50331648     50331648
         384       131072        3092.697    100663296    100663296
         448            1           0.771          896          896
         448            2           0.797         1792         1792
         448            4           0.825         3584         3584
         448            8           0.912         7168         7168
         448           16           1.102        14336        14336
         448           32           1.468        28672        28672
         448           64           2.227        57344        57344
         448          128           3.737       114688       114688
         448          256           6.778       229376       229376
         448          512          12.831       458752       458752
         448         1024          24.932       917504       917504
         448         2048          49.216      1835008      1835008
         448         4096          97.643      3670016      3670016
         448         8192         194.313      7340032      7340032
         448        16384         387.842     14680064     14680064
         448        32768         774.932     29360128     29360128
         448        65536        1552.409     58720256     58720256
         448       131072        3102.632    117440512    117440512
         512            1           0.761         1024         1024
         512            2           0.794         2048         2048
         512            4           0.831         4096         4096
         512            8           0.916         8192         8192
         512           16           1.097        16384        16384
         512           32           1.482        32768        32768
         512           64           2.240        65536        65536
         512          128           3.755       131072       131072
         512          256           6.802       262144       262144
         512          512          12.867       524288       524288
         512         1024          24.977      1048576      1048576
         512         2048          49.372      2097152      2097152
         512         4096          97.883      4194304      4194304
         512         8192         194.811      8388608      8388608
         512        16384         388.809     16777216     16777216
         512        32768         776.752     33554432     33554432
         512        65536        1552.580     67108864     67108864
         576            1           0.911         1152         1152
         576            2           0.802         2304         2304
         576            4           0.834         4608         4608
         576            8           0.934         9216         9216
         576           16           1.121        18432        18432
         576           32           1.537        36864        36864
         576           64           2.327        73728        73728
         576          128           3.926       147456       147456
         576          256           7.148       294912       294912
         576          512          13.565       589824       589824
         576         1024          26.360      1179648      1179648
         576         2048          52.048      2359296      2359296
         576         4096         103.295      4718592      4718592
         576         8192         208.967      9437184      9437184
         576        16384         410.555     18874368     18874368
         576        32768         820.385     37748736     37748736
         576        65536        1639.866     75497472     75497472
         640            1           0.782         1280         1280
         640            2           0.805         2560         2560
         640            4           0.815         5120         5120
         640            8           0.934        10240        10240
         640           16           1.120        20480        20480
         640           32           1.528        40960        40960
         640           64           2.318        81920        81920
         640          128           3.925       163840       163840
         640          256           7.114       327680       327680
         640          512          13.533       655360       655360
         640         1024          26.303      1310720      1310720
         640         2048          51.949      2621440      2621440
         640         4096         103.081      5242880      5242880
         640         8192         205.329     10485760     10485760
         640        16384         409.993     20971520     20971520
         640        32768         824.607     41943040     41943040
         640        65536        1637.516     83886080     83886080
         704            1           0.783         1408         1408
         704            2           0.793         2816         2816
         704            4           0.856         5632         5632
         704            8           0.962        11264        11264
         704           16           1.184        22528        22528
         704           32           1.639        45056        45056
         704           64           2.530        90112        90112
         704          128           4.468       180224       180224
         704          256           8.168       360448       360448
         704          512          15.298       720896       720896
         704         1024          29.944      1441792      1441792
         704         2048          59.138      2883584      2883584
         704         4096         117.438      5767168      5767168
         704         8192         233.782     11534336     11534336
         704        16384         466.751     23068672     23068672
         704        32768         938.952     46137344     46137344
         704        65536        1864.257     92274688     92274688
         768            1           0.773         1536         1536
         768            2           0.816         3072         3072
         768            4           0.848         6144         6144
         768            8           0.966        12288        12288
         768           16           1.179        24576        24576
         768           32           1.625        49152        49152
         768           64           2.520        98304        98304
         768          128           4.302       196608       196608
         768          256           7.892       393216       393216
         768          512          15.096       786432       786432
         768         1024          29.485      1572864      1572864
         768         2048          58.130      3145728      3145728
         768         4096         115.491      6291456      6291456
         768         8192         230.211     12582912     12582912
         768        16384         459.547     25165824     25165824
         768        32768         918.374     50331648     50331648
         768        65536        1839.533    100663296    100663296
         832            1           0.769         1664         1664
         832            2           0.956         3328         3328
         832            4           0.858         6656         6656
         832            8           0.988        13312        13312
         832           16           1.251        26624        26624
         832           32           1.783        53248        53248
         832           64           2.868       106496       106496
         832          128           4.971       212992       212992
         832          256           9.220       425984       425984
         832          512          17.734       851968       851968
         832         1024          34.777      1703936      1703936
         832         2048          68.765      3407872      3407872
         832         4096         136.614      6815744      6815744
         832         8192         272.464     13631488     13631488
         832        16384         543.910     27262976     27262976
         832        32768        1087.181     54525952     54525952
         832        65536        2175.755    109051904    109051904
         896            1           0.804         1792         1792
         896            2           0.798         3584         3584
         896            4           0.867         7168         7168
         896            8           0.991        14336        14336
         896           16           1.253        28672        28672
         896           32           1.778        57344        57344
         896           64           2.824       114688       114688
         896          128           4.956       229376       229376
         896          256           9.175       458752       458752
         896          512          17.668       917504       917504
         896         1024          34.833      1835008      1835008
         896         2048          68.479      3670016      3670016
         896         4096         136.167      7340032      7340032
         896         8192         271.492     14680064     14680064
         896        16384         542.186     29360128     29360128
         896        32768        1088.770     58720256     58720256
         896        65536        2166.497    117440512    117440512
         960            1           0.800         1920         1920
         960            2           0.820         3840         3840
         960            4           0.936         7680         7680
         960            8           1.144        15360        15360
         960           16           1.352        30720        30720
         960           32           1.931        61440        61440
         960           64           3.268       122880       122880
         960          128           5.583       245760       245760
         960          256          10.495       491520       491520
         960          512          20.045       983040       983040
         960         1024          39.621      1966080      1966080
         960         2048          78.100      3932160      3932160
         960         4096         155.363      7864320      7864320
         960         8192         309.952     15728640     15728640
         960        16384         619.090     31457280     31457280
         960        32768        1240.125     62914560     62914560
        1024            1           0.769         2048         2048
        1024            2           0.837         4096         4096
        1024            4           0.899         8192         8192
        1024            8           1.031        16384        16384
        1024           16           1.323        32768        32768
        1024           32           1.917        65536        65536
        1024           64           3.088       131072       131072
        1024          128           5.466       262144       262144
        1024          256          10.219       524288       524288
        1024          512          19.719      1048576      1048576
        1024         1024          38.754      2097152      2097152
        1024         2048          76.706      4194304      4194304
        1024         4096         152.659      8388608      8388608
        1024         8192         304.384     16777216     16777216
        1024        16384         608.044     33554432     33554432
        1024        32768        1215.182     67108864     67108864
        1088            1           0.937         2176         2176
        1088            2           0.812         4352         4352
        1088            4           0.912         8704         8704
        1088            8           1.079        17408        17408
        1088           16           1.390        34816        34816
        1088           32           2.082        69632        69632
        1088           64           3.438       139264       139264
        1088          128           6.170       278528       278528
        1088          256          11.618       557056       557056
        1088          512          22.471      1114112      1114112
        1088         1024          44.311      2228224      2228224
        1088         2048          87.852      4456448      4456448
        1088         4096         173.961      8912896      8912896
        1088         8192         354.269     17825792     17825792
        1088        16384         696.967     35651584     35651584
        1088        32768        1393.104     71303168     71303168
        1152            1           0.795         2304         2304
        1152            2           0.832         4608         4608
        1152            4           1.065         9216         9216
        1152            8           1.070        18432        18432
        1152           16           1.437        36864        36864
        1152           32           2.095        73728        73728
        1152           64           3.444       147456       147456
        1152          128           6.294       294912       294912
        1152          256          11.606       589824       589824
        1152          512          22.506      1179648      1179648
        1152         1024          44.161      2359296      2359296
        1152         2048          87.532      4718592      4718592
        1152         4096         174.529      9437184      9437184
        1152         8192         347.940     18874368     18874368
        1152        16384         694.844     37748736     37748736
        1152        32768        1399.333     75497472     75497472
        1216            1           0.882         2432         2432
        1216            2           0.824         4864         4864
        1216            4           0.925         9728         9728
        1216            8           1.181        19456        19456
        1216           16           1.599        38912        38912
        1216           32           2.214        77824        77824
        1216           64           3.759       155648       155648
        1216          128           6.883       311296       311296
        1216          256          12.926       622592       622592
        1216          512          24.815      1245184      1245184
        1216         1024          48.959      2490368      2490368
        1216         2048          97.211      4980736      4980736
        1216         4096         193.553      9961472      9961472
        1216         8192         386.010     19922944     19922944
        1216        16384         771.156     39845888     39845888
        1216        32768        1544.475     79691776     79691776
        1280            1           0.927         2560         2560
        1280            2           1.000         5120         5120
        1280            4           1.040        10240        10240
        1280            8           1.092        20480        20480
        1280           16           1.460        40960        40960
        1280           32           2.327        81920        81920
        1280           64           3.832       163840       163840
        1280          128           6.642       327680       327680
        1280          256          12.573       655360       655360
        1280          512          24.511      1310720      1310720
        1280         1024          48.294      2621440      2621440
        1280         2048          95.460      5242880      5242880
        1280         4096         189.968     10485760     10485760
        1280         8192         379.198     20971520     20971520
        1280        16384         757.516     41943040     41943040
        1280        32768        1514.109     83886080     83886080
        1408            1           0.794         2816         2816
        1408            2           0.853         5632         5632
        1408            4           0.964        11264        11264
        1408            8           1.158        22528        22528
        1408           16           1.556        45056        45056
        1408           32           2.365        90112        90112
        1408           64           4.026       180224       180224
        1408          128           7.332       360448       360448
        1408          256          13.930       720896       720896
        1408          512          27.182      1441792      1441792
        1408         1024          53.715      2883584      2883584
        1408         2048         106.593      5767168      5767168
        1408         4096         212.439     11534336     11534336
        1408         8192         427.350     23068672     23068672
        1408        16384         847.272     46137344     46137344
        1408        32768        1693.474     92274688     92274688
        1536            1           0.788         3072         3072
        1536            2           0.847         6144         6144
        1536            4           0.954        12288        12288
        1536            8           1.171        24576        24576
        1536           16           1.611        49152        49152
        1536           32           2.487        98304        98304
        1536           64           4.259       196608       196608
        1536          128           7.783       393216       393216
        1536          256          14.880       786432       786432
        1536          512          29.014      1572864      1572864
        1536         1024          57.430      3145728      3145728
        1536         2048         114.172      6291456      6291456
        1536         4096         227.299     12582912     12582912
        1536         8192         453.826     25165824     25165824
        1536        16384         910.289     50331648     50331648
        1536        32768        1811.939    100663296    100663296
        1664            1           0.792         3328         3328
        1664            2           0.856         6656         6656
        1664            4           0.989        13312        13312
        1664            8           1.220        26624        26624
        1664           16           1.697        53248        53248
        1664           32           2.654       106496       106496
        1664           64           4.623       212992       212992
        1664          128           8.539       425984       425984
        1664          256          16.330       851968       851968
        1664          512          32.034      1703936      1703936
        1664         1024          63.271      3407872      3407872
        1664         2048         125.735      6815744      6815744
        1664         4096         250.503     13631488     13631488
        1664         8192         500.277     27262976     27262976
        1664        16384        1002.768     54525952     54525952
        1664        32768        1998.827    109051904    109051904
        1792            1           0.795         3584         3584
        1792            2           0.861         7168         7168
        1792            4           0.992        14336        14336
        1792            8           1.247        28672        28672
        1792           16           1.754        57344        57344
        1792           32           2.785       114688       114688
        1792           64           4.849       229376       229376
        1792          128           8.971       458752       458752
        1792          256          17.217       917504       917504
        1792          512          33.695      1835008      1835008
        1792         1024          66.766      3670016      3670016
        1792         2048         132.611      7340032      7340032
        1792         4096         264.393     14680064     14680064
        1792         8192         528.308     29360128     29360128
        1792        16384        1058.210     58720256     58720256
        1792        32768        2110.278    117440512    117440512
        1920            1           0.803         3840         3840
        1920            2           0.903         7680         7680
        1920            4           1.027        15360        15360
        1920            8           1.325        30720        30720
        1920           16           1.852        61440        61440
        1920           32           2.967       122880       122880
        1920           64           5.225       245760       245760
        1920          128           9.919       491520       491520
        1920          256          18.867       983040       983040
        1920          512          36.827      1966080      1966080
        1920         1024          72.923      3932160      3932160
        1920         2048         144.729      7864320      7864320
        1920         4096         288.648     15728640     15728640
        1920         8192         576.442     31457280     31457280
        1920        16384        1155.468     62914560     62914560
        2112            1           0.961         4224         4224
        2112            2           0.908         8448         8448
        2112            4           1.075        16896        16896
        2112            8           1.363        33792        33792
        2112           16           1.990        67584        67584
        2112           32           3.403       135168       135168
        2112           64           5.835       270336       270336
        2112          128          11.070       540672       540672
        2112          256          21.150      1081344      1081344
        2112          512          41.717      2162688      2162688
        2112         1024          82.460      4325376      4325376
        2112         2048         163.986      8650752      8650752
        2112         4096         327.252     17301504     17301504
        2112         8192         653.452     34603008     34603008
        2112        16384        1305.382     69206016     69206016
        2304            1           0.819         4608         4608
        2304            2           0.931         9216         9216
        2304            4           1.214        18432        18432
        2304            8           1.393        36864        36864
        2304           16           2.084        73728        73728
        2304           32           3.484       147456       147456
        2304           64           6.122       294912       294912
        2304          128          11.422       589824       589824
        2304          256          21.882      1179648      1179648
        2304          512          43.120      2359296      2359296
        2304         1024          85.373      4718592      4718592
        2304         2048         172.965      9437184      9437184
        2304         4096         338.951     18874368     18874368
        2304         8192         676.840     37748736     37748736
        2304        16384        1352.991     75497472     75497472
        2496            1           0.986         4992         4992
        2496            2           1.046         9984         9984
        2496            4           1.108        19968        19968
        2496            8           1.586        39936        39936
        2496           16           2.311        79872        79872
        2496           32           3.718       159744       159744
        2496           64           6.880       319488       319488
        2496          128          12.716       638976       638976
        2496          256          24.648      1277952      1277952
        2496          512          49.513      2555904      2555904
        2496         1024          99.332      5111808      5111808
        2496         2048         198.962     10223616     10223616
        2496         4096         398.254     20447232     20447232
        2496         8192         800.504     40894464     40894464
        2496        16384        1603.297     81788928     81788928
        2688            1           0.837         5376         5376
        2688            2           0.954        10752        10752
        2688            4           1.130        21504        21504
        2688            8           1.524        43008        43008
        2688           16           2.302        86016        86016
        2688           32           3.863       172032       172032
        2688           64           7.011       344064       344064
        2688          128          13.292       688128       688128
        2688          256          25.846      1376256      1376256
        2688          512          51.099      2752512      2752512
        2688         1024         101.321      5505024      5505024
        2688         2048         201.799     11010048     11010048
        2688         4096         402.894     22020096     22020096
        2688         8192         804.920     44040192     44040192
        2688        16384        1623.105     88080384     88080384
        2944            1           0.934         5888         5888
        2944            2           0.956        11776        11776
        2944            4           1.150        23552        23552
        2944            8           1.582        47104        47104
        2944           16           2.454        94208        94208
        2944           32           4.161       188416       188416
        2944           64           7.589       376832       376832
        2944          128          14.484       753664       753664
        2944          256          28.247      1507328      1507328
        2944          512          55.853      3014656      3014656
        2944         1024         110.914      6029312      6029312
        2944         2048         220.918     12058624     12058624
        2944         4096         441.082     24117248     24117248
        2944         8192         881.076     48234496     48234496
        2944        16384        1764.088     96468992     96468992
        3200            1           0.876         6400         6400
        3200            2           0.962        12800        12800
        3200            4           1.209        25600        25600
        3200            8           1.655        51200        51200
        3200           16           2.583       102400       102400
        3200           32           4.446       204800       204800
        3200           64           8.211       409600       409600
        3200          128          15.700       819200       819200
        3200          256          30.749      1638400      1638400
        3200          512          60.634      3276800      3276800
        3200         1024         120.476      6553600      6553600
        3200         2048         240.034     13107200     13107200
        3200         4096         479.149     26214400     26214400
        3200         8192         957.402     52428800     52428800
        3200        16384        1916.682    104857600    104857600
        3520            1           0.867         7040         7040
        3520            2           1.126        14080        14080
        3520            4           1.384        28160        28160
        3520            8           1.930        56320        56320
        3520           16           2.803       112640       112640
        3520           32           5.043       225280       225280
        3520           64           9.238       450560       450560
        3520          128          17.458       901120       901120
        3520          256          34.305      1802240      1802240
        3520          512          67.734      3604480      3604480
        3520         1024         134.733      7208960      7208960
        3520         2048         268.517     14417920     14417920
        3520         4096         536.136     28835840     28835840
        3520         8192        1071.681     57671680     57671680
        3520        16384        2145.501    115343360    115343360
        3840            1           0.879         7680         7680
        3840            2           1.021        15360        15360
        3840            4           1.282        30720        30720
        3840            8           1.830        61440        61440
        3840           16           2.927       122880       122880
        3840           32           5.102       245760       245760
        3840           64           9.493       491520       491520
        3840          128          18.280       983040       983040
        3840          256          35.828      1966080      1966080
        3840          512          70.989      3932160      3932160
        3840         1024         141.116      7864320      7864320
        3840         2048         281.435     15728640     15728640
        3840         4096         561.910     31457280     31457280
        3840         8192        1123.184     62914560     62914560
        4224            1           0.903         8448         8448
        4224            2           1.069        16896        16896
        4224            4           1.360        33792        33792
        4224            8           1.990        67584        67584
        4224           16           3.240       135168       135168
        4224           32           5.947       270336       270336
        4224           64          10.892       540672       540672
        4224          128          20.950      1081344      1081344
        4224          256          41.263      2162688      2162688
        4224          512          81.657      4325376      4325376
        4224         1024         162.590      8650752      8650752
        4224         2048         324.224     17301504     17301504
        4224         4096         650.897     34603008     34603008
        4224         8192        1294.748     69206016     69206016
        4608            1           0.898         9216         9216
        4608            2           1.074        18432        18432
        4608            4           1.418        36864        36864
        4608            8           2.086        73728        73728
        4608           16           3.476       147456       147456
        4608           32           6.211       294912       294912
        4608           64          10.880       589824       589824
        4608          128          21.783      1179648      1179648
        4608          256          44.001      2359296      2359296
        4608          512          87.832      4718592      4718592
        4608         1024         175.982      9437184      9437184
        4608         2048         351.906     18874368     18874368
        4608         4096         704.308     37748736     37748736
        4608         8192        1411.961     75497472     75497472
        5056            1           1.072        10112        10112
        5056            2           1.121        20224        20224
        5056            4           1.510        40448        40448
        5056            8           2.329        80896        80896
        5056           16           3.759       161792       161792
        5056           32           6.945       323584       323584
        5056           64          12.701       647168       647168
        5056          128          24.651      1294336      1294336
        5056          256          48.540      2588672      2588672
        5056          512          97.208      5177344      5177344
        5056         1024         194.624     10354688     10354688
        5056         2048         389.590     20709376     20709376
        5056         4096         779.040     41418752     41418752
        5056         8192        1558.686     82837504     82837504
        5504            1           0.951        11008        11008
        5504            2           1.167        22016        22016
        5504            4           1.563        44032        44032
        5504            8           2.363        88064        88064
        5504           16           4.003       176128       176128
        5504           32           7.256       352256       352256
        5504           64          13.844       704512       704512
        5504          128          26.941      1409024      1409024
        5504          256          53.269      2818048      2818048
        5504          512         105.669      5636096      5636096
        5504         1024         213.813     11272192     11272192
        5504         2048         420.183     22544384     22544384
        5504         4096         839.477     45088768     45088768
        5504         8192        1677.093     90177536     90177536
        6016            1           1.104        12032        12032
        6016            2           1.187        24064        24064
        6016            4           1.629        48128        48128
        6016            8           2.533        96256        96256
        6016           16           4.452       192512       192512
        6016           32           7.884       385024       385024
        6016           64          15.018       770048       770048
        6016          128          29.333      1540096      1540096
        6016          256          57.954      3080192      3080192
        6016          512         115.017      6160384      6160384
        6016         1024         229.348     12320768     12320768
        6016         2048         457.564     24641536     24641536
        6016         4096         917.114     49283072     49283072
        6016         8192        1827.979     98566144     98566144
        6592            1           1.114        13184        13184
        6592            2           1.237        26368        26368
        6592            4           1.725        52736        52736
        6592            8           2.746       105472       105472
        6592           16           4.807       210944       210944
        6592           32           8.603       421888       421888
        6592           64          16.619       843776       843776
        6592          128          32.255      1687552      1687552
        6592          256          63.913      3375104      3375104
        6592          512         126.724      6750208      6750208
        6592         1024         252.651     13500416     13500416
        6592         2048         504.191     27000832     27000832
        6592         4096        1019.043     54001664     54001664
        6592         8192        2016.162    108003328    108003328
        7232            1           0.999        14464        14464
        7232            2           1.258        28928        28928
        7232            4           1.797        57856        57856
        7232            8           3.035       115712       115712
        7232           16           5.031       231424       231424
        7232           32           9.332       462848       462848
        7232           64          17.955       925696       925696
        7232          128          35.179      1851392      1851392
        7232          256          69.850      3702784      3702784
        7232          512         138.575      7405568      7405568
        7232         1024         276.187     14811136     14811136
        7232         2048         551.065     29622272     29622272
        7232         4096        1105.272     59244544     59244544
        7232         8192        2203.943    118489088    118489088
        7936            1           1.031        15872        15872
        7936            2           1.429        31744        31744
        7936            4           1.896        63488        63488
        7936            8           3.080       126976       126976
        7936           16           5.390       253952       253952
        7936           32          10.102       507904       507904
        7936           64          19.510      1015808      1015808
        7936          128          38.241      2031616      2031616
        7936          256          75.811      4063232      4063232
        7936          512         150.825      8126464      8126464
        7936         1024         300.690     16252928     16252928
        7936         2048         603.686     32505856     32505856
        7936         4096        1200.407     65011712     65011712
        8704            1           1.070        17408        17408
        8704            2           1.364        34816        34816
        8704            4           2.004        69632        69632
        8704            8           3.302       139264       139264
        8704           16           5.972       278528       278528
        8704           32          11.091       557056       557056
        8704           64          21.272      1114112      1114112
        8704          128          41.970      2228224      2228224
        8704          256          82.933      4456448      4456448
        8704          512         165.063      8912896      8912896
        8704         1024         329.231     17825792     17825792
        8704         2048         657.686     35651584     35651584
        8704         4096        1317.917     71303168     71303168
        9536            1           1.093        19072        19072
        9536            2           1.440        38144        38144
        9536            4           2.182        76288        76288
        9536            8           3.539       152576       152576
        9536           16           6.375       305152       305152
        9536           32          12.017       610304       610304
        9536           64          23.300      1220608      1220608
        9536          128          45.893      2441216      2441216
        9536          256          91.097      4882432      4882432
        9536          512         181.348      9764864      9764864
        9536         1024         361.815     19529728     19529728
        9536         2048         722.585     39059456     39059456
        9536         4096        1444.991     78118912     78118912
       10432            1           1.127        20864        20864
       10432            2           1.611        41728        41728
       10432            4           2.281        83456        83456
       10432            8           3.808       166912       166912
       10432           16           6.892       333824       333824
       10432           32          13.095       667648       667648
       10432           64          25.448      1335296      1335296
       10432          128          50.085      2670592      2670592
       10432          256          99.496      5341184      5341184
       10432          512         198.135     10682368     10682368
       10432         1024         398.833     21364736     21364736
       10432         2048         790.125     42729472     42729472
       10432         4096        1579.335     85458944     85458944
       11456            1           1.247        22912        22912
       11456            2           1.574        45824        45824
       11456            4           2.419        91648        91648
       11456            8           4.236       183296       183296
       11456           16           7.596       366592       366592
       11456           32          14.258       733184       733184
       11456           64          27.806      1466368      1466368
       11456          128          54.806      2932736      2932736
       11456          256         109.042      5865472      5865472
       11456          512         217.168     11730944     11730944
       11456         1024         433.432     23461888     23461888
       11456         2048         869.066     46923776     46923776
       11456         4096        1731.965     93847552     93847552
       12544            1           1.196        25088        25088
       12544            2           1.659        50176        50176
       12544            4           2.590       100352       100352
       12544            8           4.411       200704       200704
       12544           16           8.083       401408       401408
       12544           32          15.455       802816       802816
       12544           64          30.208      1605632      1605632
       12544          128          59.676      3211264      3211264
       12544          256         118.649      6422528      6422528
       12544          512         236.463     12845056     12845056
       12544         1024         472.209     25690112     25690112
       12544         2048         943.481     51380224     51380224
       12544         4096        1888.495    102760448    102760448
       13760            1           1.237        27520        27520
       13760            2           1.739        55040        55040
       13760            4           2.739       110080       110080
       13760            8           4.774       220160       220160
       13760           16           9.006       440320       440320
       13760           32          16.918       880640       880640
       13760           64          33.160      1761280      1761280
       13760          128          65.549      3522560      3522560
       13760          256         130.508      7045120      7045120
       13760          512         260.096     14090240     14090240
       13760         1024         519.395     28180480     28180480
       13760         2048        1037.901     56360960     56360960
       13760         4096        2077.720    112721920    112721920
       15104            1           1.277        30208        30208
       15104            2           1.854        60416        60416
       15104            4           2.936       120832       120832
       15104            8           5.163       241664       241664
       15104           16           9.578       483328       483328
       15104           32          18.456       966656       966656
       15104           64          36.166      1933312      1933312
       15104          128          71.569      3866624      3866624
       15104          256         142.475      7733248      7733248
       15104          512         284.141     15466496     15466496
       15104         1024         567.375     30932992     30932992
       15104         2048        1147.895     61865984     61865984
       15104         4096        2267.042    123731968    123731968
       16576            1           1.565        33152        33152
       16576            2           1.949        66304        66304
       16576            4           3.150       132608       132608
       16576            8           5.595       265216       265216
       16576           16          10.480       530432       530432
       16576           32          20.181      1060864      1060864
       16576           64          39.675      2121728      2121728
       16576          128          78.648      4243456      4243456
       16576          256         156.693      8486912      8486912
       16576          512         312.470     16973824     16973824
       16576         1024         624.073     33947648     33947648
       16576         2048        1250.697     67895296     67895296
       18176            1           1.531        36352        36352
       18176            2           2.143        72704        72704
       18176            4           3.392       145408       145408
       18176            8           6.136       290816       290816
       18176           16          11.471       581632       581632
       18176           32          22.019      1163264      1163264
       18176           64          43.450      2326528      2326528
       18176          128          85.853      4653056      4653056
       18176          256         171.255      9306112      9306112
       18176          512         341.318     18612224     18612224
       18176         1024         681.663     37224448     37224448
       18176         2048        1362.474     74448896     74448896
       19968            1           1.527        39936        39936
       19968            2           2.185        79872        79872
       19968            4           3.656       159744       159744
       19968            8           6.572       319488       319488
       19968           16          12.417       638976       638976
       19968           32          24.103      1277952      1277952
       19968           64          47.491      2555904      2555904
       19968          128          97.157      5111808      5111808
       19968          256         187.796     10223616     10223616
       19968          512         374.476     20447232     20447232
       19968         1024         748.295     40894464     40894464
       19968         2048        1495.966     81788928     81788928
       21952            1           1.543        43904        43904
       21952            2           2.330        87808        87808
       21952            4           3.938       175616       175616
       21952            8           7.229       351232       351232
       21952           16          13.604       702464       702464
       21952           32          26.451      1404928      1404928
       21952           64          52.150      2809856      2809856
       21952          128         103.690      5619712      5619712
       21952          256         206.673     11239424     11239424
       21952          512         412.468     22478848     22478848
       21952         1024         827.283     44957696     44957696
       21952         2048        1646.968     89915392     89915392
       24128            1           1.779        48256        48256
       24128            2           2.522        96512        96512
       24128            4           4.377       193024       193024
       24128            8           7.803       386048       386048
       24128           16          14.985       772096       772096
       24128           32          29.092      1544192      1544192
       24128           64          57.266      3088384      3088384
       24128          128         113.659      6176768      6176768
       24128          256         226.890     12353536     12353536
       24128          512         453.119     24707072     24707072
       24128         1024         907.574     49414144     49414144
       24128         2048        1809.007     98828288     98828288
       26496            1           1.891        52992        52992
       26496            2           2.682       105984       105984
       26496            4           4.617       211968       211968
       26496            8           8.477       423936       423936
       26496           16          16.195       847872       847872
       26496           32          31.714      1695744      1695744
       26496           64          62.678      3391488      3391488
       26496          128         124.533      6782976      6782976
       26496          256         248.475     13565952     13565952
       26496          512         495.996     27131904     27131904
       26496         1024         991.107     54263808     54263808
       26496         2048        1984.538    108527616    108527616
       29120            1           2.117        58240        58240
       29120            2           2.883       116480       116480
       29120            4           4.976       232960       232960
       29120            8           9.240       465920       465920
       29120           16          17.764       931840       931840
       29120           32          34.887      1863680      1863680
       29120           64          68.860      3727360      3727360
       29120          128         137.009      7454720      7454720
       29120          256         273.261     14909440     14909440
       29120          512         545.703     29818880     29818880
       29120         1024        1093.686     59637760     59637760
       29120         2048        2180.538    119275520    119275520
       32000            1           2.173        64000        64000
       32000            2           3.212       128000       128000
       32000            4           5.435       256000       256000
       32000            8          10.070       512000       512000
       32000           16          19.411      1024000      1024000
       32000           32          38.216      2048000      2048000
       32000           64          75.449      4096000      4096000
       32000          128         150.081      8192000      8192000
       32000          256         299.659     16384000     16384000
       32000          512         598.339     32768000     32768000
       32000         1024        1201.919     65536000     65536000
       35200            1           2.636        70400        70400
       35200            2           3.312       140800       140800
       35200            4           5.880       281600       281600
       35200            8          10.980       563200       563200
       35200           16          21.326      1126400      1126400
       35200           32          41.807      2252800      2252800
       35200           64          82.913      4505600      4505600
       35200          128         165.027      9011200      9011200
       35200          256         329.191     18022400     18022400
       35200          512         657.933     36044800     36044800
       35200         1024        1314.851     72089600     72089600
       38720            1           2.527        77440        77440
       38720            2           3.583       154880       154880
       38720            4           6.518       309760       309760
       38720            8          12.229       619520       619520
       38720           16          23.365      1239040      1239040
       38720           32          45.932      2478080      2478080
       38720           64          91.195      4956160      4956160
       38720          128         181.760      9912320      9912320
       38720          256         376.954     19824640     19824640
       38720          512         724.364     39649280     39649280
       38720         1024        1447.538     79298560     79298560
       42560            1           2.440        85120        85120
       42560            2           3.836       170240       170240
       42560            4           6.927       340480       340480
       42560            8          13.138       680960       680960
       42560           16          25.741      1361920      1361920
       42560           32          50.415      2723840      2723840
       42560           64         100.293      5447680      5447680
       42560          128         199.443     10895360     10895360
       42560          256         398.322     21790720     21790720
       42560          512         795.778     43581440     43581440
       42560         1024        1592.694     87162880     87162880
       46784            1           2.788        93568        93568
       46784            2           4.139       187136       187136
       46784            4           7.580       374272       374272
       46784            8          14.398       748544       748544
       46784           16          28.037      1497088      1497088
       46784           32          55.321      2994176      2994176
       46784           64         109.929      5988352      5988352
       46784          128         219.112     11976704     11976704
       46784          256         437.630     23953408     23953408
       46784          512         874.406     47906816     47906816
       46784         1024        1750.713     95813632     95813632
       51456            1           3.159       102912       102912
       51456            2           4.500       205824       205824
       51456            4           8.247       411648       411648
       51456            8          15.725       823296       823296
       51456           16          30.728      1646592      1646592
       51456           32          60.729      3293184      3293184
       51456           64         120.747      6586368      6586368
       51456          128         240.739     13172736     13172736
       51456          256         480.636     26345472     26345472
       51456          512         960.401     52690944     52690944
       51456         1024        1948.424    105381888    105381888
       56576            1           2.418       113152       113152
       56576            2           4.810       226304       226304
       56576            4           8.973       452608       452608
       56576            8          17.193       905216       905216
       56576           16          33.683      1810432      1810432
       56576           32          66.668      3620864      3620864
       56576           64         132.781      7241728      7241728
       56576          128         264.430     14483456     14483456
       56576          256         528.294     28966912     28966912
       56576          512        1055.575     57933824     57933824
       56576         1024        2113.199    115867648    115867648
       62208            1           3.051       124416       124416
       62208            2           5.259       248832       248832
       62208            4           9.771       497664       497664
       62208            8          18.859       995328       995328
       62208           16          36.958      1990656      1990656
       62208           32          73.207      3981312      3981312
       62208           64         145.714      7962624      7962624
       62208          128         290.536     15925248     15925248
       62208          256         580.599     31850496     31850496
       62208          512        1160.274     63700992     63700992
       68416            1           4.129       136832       136832
       68416            2           5.719       273664       273664
       68416            4          10.853       547328       547328
       68416            8          20.807      1094656      1094656
       68416           16          40.662      2189312      2189312
       68416           32          80.721      4378624      4378624
       68416           64         160.405      8757248      8757248
       68416          128         322.328     17514496     17514496
       68416          256         638.905     35028992     35028992
       68416          512        1276.537     70057984     70057984
       75200            1           3.733       150400       150400
       75200            2           6.220       300800       300800
       75200            4          11.701       601600       601600
       75200            8          22.686      1203200      1203200
       75200           16          44.523      2406400      2406400
       75200           32          88.329      4812800      4812800
       75200           64         175.925      9625600      9625600
       75200          128         351.360     19251200     19251200
       75200          256         701.838     38502400     38502400
       75200          512        1406.288     77004800     77004800
       82688            1           3.665       165376       165376
       82688            2           6.735       330752       330752
       82688            4          12.772       661504       661504
       82688            8          24.803      1323008      1323008
       82688           16          48.905      2646016      2646016
       82688           32          96.975      5292032      5292032
       82688           64         193.336     10584064     10584064
       82688          128         385.846     21168128     21168128
       82688          256         771.072     42336256     42336256
       82688          512        1541.450     84672512     84672512
       90944            1           3.850       181888       181888
       90944            2           7.371       363776       363776
       90944            4          13.987       727552       727552
       90944            8          29.916      1455104      1455104
       90944           16          53.911      2910208      2910208
       90944           32         106.708      5820416      5820416
       90944           64         212.603     11640832     11640832
       90944          128         424.444     23281664     23281664
       90944          256         848.273     46563328     46563328
       90944          512        1695.870     93126656     93126656
      100032            1           4.516       200064       200064
      100032            2           8.006       400128       400128
      100032            4          15.298       800256       800256
      100032            8          29.847      1600512      1600512
      100032           16          58.961      3201024      3201024
      100032           32         117.258      6402048      6402048
      100032           64         233.733     12804096     12804096
      100032          128         469.748     25608192     25608192
      100032          256         933.048     51216384     51216384
      100032          512        1864.878    102432768    102432768
      110016            1           4.822       220032       220032
      110016            2           8.763       440064       440064
      110016            4          16.765       880128       880128
      110016            8          32.760      1760256      1760256
      110016           16          64.782      3520512      3520512
      110016           32         128.868      7041024      7041024
      110016           64         256.952     14082048     14082048
      110016          128         520.161     28164096     28164096
      110016          256        1025.658     56328192     56328192
      110016          512        2050.417    112656384    112656384
      120960            1           5.185       241920       241920
      120960            2           9.581       483840       483840
      120960            4          18.376       967680       967680
      120960            8          35.920      1935360      1935360
      120960           16          71.158      3870720      3870720
      120960           32         141.451      7741440      7741440
      120960           64         282.264     15482880     15482880
      120960          128         566.577     30965760     30965760
      120960          256        1126.970     61931520     61931520
      120960          512        2252.980    123863040    123863040
      133056            1           6.792       266112       266112
      133056            2          10.597       532224       532224
      133056            4          20.149      1064448      1064448
      133056            8          39.480      2128896      2128896
      133056           16          78.381      4257792      4257792
      133056           32         157.959      8515584      8515584
      133056           64         310.590     17031168     17031168
      133056          128         620.370     34062336     34062336
      133056          256        1240.024     68124672     68124672
      146304            1           6.244       292608       292608
      146304            2          11.377       585216       585216
      146304            4          22.152      1170432      1170432
      146304            8          43.431      2340864      2340864
      146304           16          85.888      4681728      4681728
      146304           32         170.985      9363456      9363456
      146304           64         341.275     18726912     18726912
      146304          128         681.706     37453824     37453824
      146304          256        1365.919     74907648     74907648
      160896            1           6.959       321792       321792
      160896            2          12.443       643584       643584
      160896            4          24.130      1287168      1287168
      160896            8          47.697      2574336      2574336
      160896           16          94.551      5148672      5148672
      160896           32         187.900     10297344     10297344
      160896           64         375.160     20594688     20594688
      160896          128         749.478     41189376     41189376
      160896          256        1501.764     82378752     82378752
      176960            1           7.405       353920       353920
      176960            2          13.646       707840       707840
      176960            4          26.505      1415680      1415680
      176960            8          52.361      2831360      2831360
      176960           16         103.757      5662720      5662720
      176960           32         206.691     11325440     11325440
      176960           64         412.637     22650880     22650880
      176960          128         824.636     45301760     45301760
      176960          256        1648.284     90603520     90603520
      194624            1           8.131       389248       389248
      194624            2          14.951       778496       778496
      194624            4          29.096      1556992      1556992
      194624            8          57.731      3113984      3113984
      194624           16         114.010      6227968      6227968
      194624           32         227.262     12455936     12455936
      194624           64         456.967     24911872     24911872
      194624          128         906.712     49823744     49823744
      194624          256        1812.499     99647488     99647488
      214080            1           9.738       428160       428160
      214080            2          16.571       856320       856320
      214080            4          31.993      1712640      1712640
      214080            8          63.148      3425280      3425280
      214080           16         125.397      6850560      6850560
      214080           32         249.947     13701120     13701120
      214080           64         499.211     27402240     27402240
      214080          128        1000.476     54804480     54804480
      214080          256        1993.403    109608960    109608960
      235456            1          10.311       470912       470912
      235456            2          18.086       941824       941824
      235456            4          35.205      1883648      1883648
      235456            8          69.411      3767296      3767296
      235456           16         138.111      7534592      7534592
      235456           32         274.828     15069184     15069184
      235456           64         551.994     30138368     30138368
      235456          128        1096.865     60276736     60276736
      235456          256        2192.501    120553472    120553472
      258944            1          11.159       517888       517888
      258944            2          20.004      1035776      1035776
      258944            4          38.808      2071552      2071552
      258944            8          76.476      4143104      4143104
      258944           16         151.644      8286208      8286208
      258944           32         305.526     16572416     16572416
      258944           64         603.413     33144832     33144832
      258944          128        1206.017     66289664     66289664
      284800            1          12.627       569600       569600
      284800            2          22.302      1139200      1139200
      284800            4          43.709      2278400      2278400
      284800            8          86.562      4556800      4556800
      284800           16         172.287      9113600      9113600
      284800           32         343.766     18227200     18227200
      284800           64         686.365     36454400     36454400
      284800          128        1375.403     72908800     72908800
      313280            1          13.842       626560       626560
      313280            2          24.614      1253120      1253120
      313280            4          48.519      2506240      2506240
      313280            8          96.203      5012480      5012480
      313280           16         191.754     10024960     10024960
      313280           32         382.602     20049920     20049920
      313280           64         764.464     40099840     40099840
      313280          128        1528.830     80199680     80199680
      344576            1          15.192       689152       689152
      344576            2          27.014      1378304      1378304
      344576            4          53.249      2756608      2756608
      344576            8         105.691      5513216      5513216
      344576           16         213.597     11026432     11026432
      344576           32         420.712     22052864     22052864
      344576           64         840.595     44105728     44105728
      344576          128        1680.750     88211456     88211456
      379008            1          16.566       758016       758016
      379008            2          29.665      1516032      1516032
      379008            4          58.524      3032064      3032064
      379008            8         116.207      6064128      6064128
      379008           16         231.681     12128256     12128256
      379008           32         462.824     24256512     24256512
      379008           64         927.653     48513024     48513024
      379008          128        1848.611     97026048     97026048
      416896            1          17.953       833792       833792
      416896            2          32.481      1667584      1667584
      416896            4          64.227      3335168      3335168
      416896            8         127.865      6670336      6670336
      416896           16         254.744     13340672     13340672
      416896           32         508.905     26681344     26681344
      416896           64        1019.637     53362688     53362688
      416896          128        2033.189    106725376    106725376
      458560            1          20.248       917120       917120
      458560            2          35.684      1834240      1834240
      458560            4          70.579      3668480      3668480
      458560            8         140.458      7336960      7336960
      458560           16         280.308     14673920     14673920
      458560           32         559.588     29347840     29347840
      458560           64        1121.576     58695680     58695680
      458560          128        2236.357    117391360    117391360
      504384            1          23.437      1008768      1008768
      504384            2          39.164      2017536      2017536
      504384            4          77.650      4035072      4035072
      504384            8         154.352      8070144      8070144
      504384           16         308.061     16140288     16140288
      504384           32         618.772     32280576     32280576
      504384           64        1230.312     64561152     64561152
      554816            1          24.040      1109632      1109632
      554816            2          42.937      2219264      2219264
      554816            4          85.238      4438528      4438528
      554816            8         169.708      8877056      8877056
      554816           16         338.894     17754112     17754112
      554816           32         676.848     35508224     35508224
      554816           64        1356.530     71016448     71016448
      610240            1          25.966      1220480      1220480
      610240            2          47.199      2440960      2440960
      610240            4          93.696      4881920      4881920
      610240            8         186.558      9763840      9763840
      610240           16         372.519     19527680     19527680
      610240           32         744.440     39055360     39055360
      610240           64        1488.278     78110720     78110720
      671232            1          28.221      1342464      1342464
      671232            2          51.810      2684928      2684928
      671232            4         103.002      5369856      5369856
      671232            8         205.251     10739712     10739712
      671232           16         412.850     21479424     21479424
      671232           32         818.648     42958848     42958848
      671232           64        1636.617     85917696     85917696
      738304            1          29.809      1476608      1476608
      738304            2          56.951      2953216      2953216
      738304            4         113.149      5906432      5906432
      738304            8         225.576     11812864     11812864
      738304           16         450.530     23625728     23625728
      738304           32         903.132     47251456     47251456
      738304           64        1799.941     94502912     94502912
      812096            1          33.863      1624192      1624192
      812096            2          62.667      3248384      3248384
      812096            4         124.321      6496768      6496768
      812096            8         269.062     12993536     12993536
      812096           16         495.115     25987072     25987072
      812096           32         994.235     51974144     51974144
      812096           64        1980.107    103948288    103948288
      893248            1          40.511      1786496      1786496
      893248            2          68.686      3572992      3572992
      893248            4         136.769      7145984      7145984
      893248            8         272.735     14291968     14291968
      893248           16         545.092     28583936     28583936
      893248           32        1092.237     57167872     57167872
      893248           64        2178.044    114335744    114335744
      982528            1          42.853      1965056      1965056
      982528            2          75.510      3930112      3930112
      982528            4         150.323      7860224      7860224
      982528            8         300.022     15720448     15720448
      982528           16         599.111     31440896     31440896
      982528           32        1201.289     62881792     62881792
     1080768            1          47.455      2161536      2161536
     1080768            2          82.938      4323072      4323072
     1080768            4         165.191      8646144      8646144
     1080768            8         330.115     17292288     17292288
     1080768           16         659.300     34584576     34584576
     1080768           32        1317.840     69169152     69169152
     1188800            1          53.320      2377600      2377600
     1188800            2          91.278      4755200      4755200
     1188800            4         181.705      9510400      9510400
     1188800            8         366.419     19020800     19020800
     1188800           16         724.766     38041600     38041600
     1188800           32        1450.207     76083200     76083200
     1307648            1          54.217      2615296      2615296
     1307648            2         100.483      5230592      5230592
     1307648            4         200.413     10461184     10461184
     1307648            8         400.092     20922368     20922368
     1307648           16         802.647     41844736     41844736
     1307648           32        1598.452     83689472     83689472
     1438400            1          63.425      2876800      2876800
     1438400            2         110.857      5753600      5753600
     1438400            4         220.087     11507200     11507200
     1438400            8         439.322     23014400     23014400
     1438400           16         878.125     46028800     46028800
     1438400           32        1758.945     92057600     92057600
     1582208            1          69.805      3164416      3164416
     1582208            2         121.540      6328832      6328832
     1582208            4         242.528     12657664     12657664
     1582208            8         483.746     25315328     25315328
     1582208           16         966.402     50630656     50630656
     1582208           32        1937.528    101261312    101261312
     1740416            1          75.277      3480832      3480832
     1740416            2         133.634      6961664      6961664
     1740416            4         266.011     13923328     13923328
     1740416            8         533.616     27846656     27846656
     1740416           16        1066.509     55693312     55693312
     1740416           32        2136.999    111386624    111386624
     1914432            1          84.531      3828864      3828864
     1914432            2         147.787      7657728      7657728
     1914432            4         293.469     15315456     15315456
     1914432            8         588.353     30630912     30630912
     1914432           16        1175.122     61261824     61261824
     1914432           32        2356.727    122523648    122523648
     2105856            1          88.693      4211712      4211712
     2105856            2         162.368      8423424      8423424
     2105856            4         324.876     16846848     16846848
     2105856            8         649.358     33693696     33693696
     2105856           16        1301.528     67387392     67387392
     2316416            1          97.922      4632832      4632832
     2316416            2         179.768      9265664      9265664
     2316416            4         357.766     18531328     18531328
     2316416            8         714.699     37062656     37062656
     2316416           16        1431.577     74125312     74125312
     2548032            1         109.525      5096064      5096064
     2548032            2         198.335     10192128     10192128
     2548032            4         395.970     20384256     20384256
     2548032            8         794.636     40768512     40768512
     2548032           16        1576.186     81537024     81537024
     2802816            1         117.819      5605632      5605632
     2802816            2         217.955     11211264     11211264
     2802816            4         434.360     22422528     22422528
     2802816            8         867.864     44845056     44845056
     2802816           16        1789.033     89690112     89690112
     3083072            1         130.078      6166144      6166144
     3083072            2         239.539     12332288     12332288
     3083072            4         478.636     24664576     24664576
     3083072            8         954.735     49329152     49329152
     3083072           16        1918.664     98658304     98658304
     3391360            1         141.695      6782720      6782720
     3391360            2         265.306     13565440     13565440
     3391360            4         526.295     27130880     27130880
     3391360            8        1052.159     54261760     54261760
     3391360           16        2110.244    108523520    108523520
     3730496            1         157.798      7460992      7460992
     3730496            2         291.550     14921984     14921984
     3730496            4         580.068     29843968     29843968
     3730496            8        1156.906     59687936     59687936
     3730496           16        2323.331    119375872    119375872
     4103488            1         172.667      8206976      8206976
     4103488            2         319.157     16413952     16413952
     4103488            4         636.131     32827904     32827904
     4103488            8        1281.803     65655808     65655808
     4513792            1         190.452      9027584      9027584
     4513792            2         352.240     18055168     18055168
     4513792            4         699.697     36110336     36110336
     4513792            8        1401.187     72220672     72220672
     4965120            1         208.378      9930240      9930240
     4965120            2         385.521     19860480     19860480
     4965120            4         778.817     39720960     39720960
     4965120            8        1540.077     79441920     79441920
     5461632            1         228.156     10923264     10923264
     5461632            2         424.148     21846528     21846528
     5461632            4         847.855     43693056     43693056
     5461632            8        1700.652     87386112     87386112
     6007744            1         250.867     12015488     12015488
     6007744            2         465.916     24030976     24030976
     6007744            4         931.403     48061952     48061952
     6007744            8        1870.331     96123904     96123904
     6608512            1         276.732     13217024     13217024
     6608512            2         513.468     26434048     26434048
     6608512            4        1024.407     52868096     52868096
     6608512            8        2057.374    105736192    105736192
     7269312            1         303.462     14538624     14538624
     7269312            2         564.619     29077248     29077248
     7269312            4        1126.542     58154496     58154496
     7269312            8        2261.257    116308992    116308992
     7996224            1         332.884     15992448     15992448
     7996224            2         619.267     31984896     31984896
     7996224            4        1240.031     63969792     63969792
     8795840            1         370.462     17591680     17591680
     8795840            2         689.638     35183360     35183360
     8795840            4        1363.681     70366720     70366720
     9675392            1         406.388     19350784     19350784
     9675392            2         750.511     38701568     38701568
     9675392            4        1506.145     77403136     77403136
    10642880            1         446.943     21285760     21285760
    10642880            2         825.073     42571520     42571520
    10642880            4        1649.527     85143040     85143040
    11707136            1         491.414     23414272     23414272
    11707136            2         914.923     46828544     46828544
    11707136            4        1814.705     93657088     93657088
    12877824            1         538.269     25755648     25755648
    12877824            2         997.084     51511296     51511296
    12877824            4        2002.926    103022592    103022592
    14165568            1         592.190     28331136     28331136
    14165568            2        1096.899     56662272     56662272
    14165568            4        2206.948    113324544    113324544
    15582080            1         650.250     31164160     31164160
    15582080            2        1212.579     62328320     62328320
    15582080            4        2431.423    124656640    124656640
    17140288            1         718.553     34280576     34280576
    17140288            2        1356.673     68561152     68561152
    18854272            1         800.189     37708544     37708544
    18854272            2        1495.671     75417088     75417088
    20739648            1         887.683     41479296     41479296
    20739648            2        1718.550     82958592     82958592
    22813568            1        1009.560     45627136     45627136
    22813568            2        2127.792     91254272     91254272
    25094912            1        1221.035     50189824     50189824
    25094912            2        2654.179    100379648    100379648
    27604352            1        1523.502     55208704     55208704
    27604352            2        3463.029    110417408    110417408
    30364736            1        1933.466     60729472     60729472
    30364736            2        4338.557    121458944    121458944
    33401152            1        2423.208     66802304     66802304
    36741248            1        2832.725     73482496     73482496
    40415360            1        3204.206     80830720     80830720
    44456896            1        3549.931     88913792     88913792
    48902528            1        3950.055     97805056     97805056
    53792768            1        4365.005    107585536    107585536
    59172032            1        4872.372    118344064    118344064

META_DATA
MPI_PROCS      1
OPENMP_THREADS 8
FLOPS          16
ERT_VERSION  1.0.0
TIMESTAMP_DATA  1594852879.28
HOSTNAME  ('apollo-PowerEdge-R430', [], ['127.0.1.1'])
UNAME  ('Linux', 'apollo-PowerEdge-R430', '4.19.129-0419129-generic', '#202006220433 SMP Mon Jun 22 09:12:54 UTC 2020', 'x86_64', 'x86_64')
CONFIG  {'ERT_WORKING_SET_MIN': ['1'], 'ERT_CFLAGS': ['-O3'], 'ERT_CC': ['gcc'], 'ERT_MPI_CFLAGS': [], 'ERT_MPI_LDFLAGS': [], 'ERT_MEMORY_MAX': ['62497788'], 'ERT_PROCS_THREADS': ['8'], 'ERT_LDFLAGS': [], 'ERT_LDLIBS': [], 'ERT_SPEC_GBYTES_DRAM': ['1.0'], 'ERT_RUN': ['export', 'KMP_AFFINITY=scatter;', 'export', 'OMP_NUM_THREADS=ERT_OPENMP_THREADS;', 'ERT_CODE'], 'ERT_FLOPS': ['1,2,4,8,16'], 'ERT_OPENMP_CFLAGS': ['-fopenmp'], 'ERT_SPEC_GFLOPS': ['1.0'], 'ERT_MPI': ['False'], 'ERT_TRIALS_MIN': ['1'], 'ERT_DRIVER': ['driver1'], 'ERT_RESULTS': ['Results.x86'], 'ERT_OPENMP': ['True'], 'ERT_MPI_PROCS': ['1'], 'ERT_KERNEL': ['kernel1'], 'ERT_OPENMP_THREADS': ['1-32'], 'ERT_LD': ['gcc'], 'ERT_NUM_EXPERIMENTS': ['6'], 'ERT_OPENMP_LDFLAGS': ['-fopenmp'], 'ERT_ALIGN': ['32'], 'ERT_GNUPLOT': ['gnuplot']}
