          64            1           1.817          128          128
          64            2           0.768          256          256
          64            4           0.769          512          512
          64            8           1.076         1024         1024
          64           16           1.041         2048         2048
          64           32           1.416         4096         4096
          64           64           2.311         8192         8192
          64          128           3.697        16384        16384
          64          256           6.537        32768        32768
          64          512          12.933        65536        65536
          64         1024          25.994       131072       131072
          64         2048          52.346       262144       262144
          64         4096         105.043       524288       524288
          64         8192         210.593      1048576      1048576
          64        16384         434.913      2097152      2097152
          64        32768         900.709      4194304      4194304
          64        65536        1864.475      8388608      8388608
          64       131072        3734.436     16777216     16777216
          64       262144        7102.552     33554432     33554432
          64       524288       12350.501     67108864     67108864
         128            1           0.763          256          256
         128            2           0.788          512          512
         128            4           0.811         1024         1024
         128            8           0.913         2048         2048
         128           16           1.076         4096         4096
         128           32           1.451         8192         8192
         128           64           2.203        16384        16384
         128          128           3.704        32768        32768
         128          256           6.729        65536        65536
         128          512          12.733       131072       131072
         128         1024          24.777       262144       262144
         128         2048          48.842       524288       524288
         128         4096          96.973      1048576      1048576
         128         8192         193.259      2097152      2097152
         128        16384         385.817      4194304      4194304
         128        32768         770.922      8388608      8388608
         128        65536        1547.507     16777216     16777216
         128       131072        3088.514     33554432     33554432
         128       262144        6170.360     67108864     67108864
         192            1           0.794          384          384
         192            2           0.812          768          768
         192            4           0.814         1536         1536
         192            8           0.891         3072         3072
         192           16           1.077         6144         6144
         192           32           1.543        12288        12288
         192           64           2.404        24576        24576
         192          128           3.805        49152        49152
         192          256           6.835        98304        98304
         192          512          12.768       196608       196608
         192         1024          24.875       393216       393216
         192         2048          48.952       786432       786432
         192         4096          97.090      1572864      1572864
         192         8192         193.367      3145728      3145728
         192        16384         385.927      6291456      6291456
         192        32768         781.716     12582912     12582912
         192        65536        1541.261     25165824     25165824
         192       131072        3085.662     50331648     50331648
         192       262144        6169.131    100663296    100663296
         256            1           0.771          512          512
         256            2           0.782         1024         1024
         256            4           0.798         2048         2048
         256            8           0.934         4096         4096
         256           16           1.085         8192         8192
         256           32           1.449        16384        16384
         256           64           2.203        32768        32768
         256          128           3.771        65536        65536
         256          256           6.717       131072       131072
         256          512          12.935       262144       262144
         256         1024          24.816       524288       524288
         256         2048          49.004      1048576      1048576
         256         4096          97.177      2097152      2097152
         256         8192         193.438      4194304      4194304
         256        16384         385.931      8388608      8388608
         256        32768         775.116     16777216     16777216
         256        65536        1541.276     33554432     33554432
         256       131072        3087.283     67108864     67108864
         320            1           0.753          640          640
         320            2           0.790         1280         1280
         320            4           0.980         2560         2560
         320            8           0.893         5120         5120
         320           16           1.095        10240        10240
         320           32           1.460        20480        20480
         320           64           2.222        40960        40960
         320          128           3.711        81920        81920
         320          256           6.740       163840       163840
         320          512          12.784       327680       327680
         320         1024          24.801       655360       655360
         320         2048          48.879      1310720      1310720
         320         4096          97.104      2621440      2621440
         320         8192         193.360      5242880      5242880
         320        16384         385.938     10485760     10485760
         320        32768         771.056     20971520     20971520
         320        65536        1552.723     41943040     41943040
         320       131072        3081.737     83886080     83886080
         384            1           0.764          768          768
         384            2           0.801         1536         1536
         384            4           0.983         3072         3072
         384            8           0.909         6144         6144
         384           16           1.194        12288        12288
         384           32           1.564        24576        24576
         384           64           2.224        49152        49152
         384          128           3.723        98304        98304
         384          256           6.752       196608       196608
         384          512          12.778       393216       393216
         384         1024          24.790       786432       786432
         384         2048          48.952      1572864      1572864
         384         4096          97.086      3145728      3145728
         384         8192         193.366      6291456      6291456
         384        16384         389.482     12582912     12582912
         384        32768         771.042     25165824     25165824
         384        65536        1541.273     50331648     50331648
         384       131072        3088.082    100663296    100663296
         448            1           0.867          896          896
         448            2           0.811         1792         1792
         448            4           0.919         3584         3584
         448            8           0.914         7168         7168
         448           16           1.093        14336        14336
         448           32           1.640        28672        28672
         448           64           2.275        57344        57344
         448          128           3.919       114688       114688
         448          256           6.804       229376       229376
         448          512          12.855       458752       458752
         448         1024          25.032       917504       917504
         448         2048          49.150      1835008      1835008
         448         4096          97.760      3670016      3670016
         448         8192         194.348      7340032      7340032
         448        16384         387.808     14680064     14680064
         448        32768         774.831     29360128     29360128
         448        65536        1552.189     58720256     58720256
         448       131072        3096.598    117440512    117440512
         512            1           0.881         1024         1024
         512            2           0.798         2048         2048
         512            4           0.821         4096         4096
         512            8           0.922         8192         8192
         512           16           1.108        16384        16384
         512           32           3.810        32768        32768
         512           64           2.210        65536        65536
         512          128           3.766       131072       131072
         512          256           6.785       262144       262144
         512          512          12.866       524288       524288
         512         1024          24.987      1048576      1048576
         512         2048          49.298      2097152      2097152
         512         4096          97.885      4194304      4194304
         512         8192         194.768      8388608      8388608
         512        16384         388.843     16777216     16777216
         512        32768         776.841     33554432     33554432
         512        65536        1552.758     67108864     67108864
         576            1           0.778         1152         1152
         576            2           0.788         2304         2304
         576            4           0.841         4608         4608
         576            8           0.930         9216         9216
         576           16           1.124        18432        18432
         576           32           1.530        36864        36864
         576           64           2.327        73728        73728
         576          128           3.930       147456       147456
         576          256           7.148       294912       294912
         576          512          13.553       589824       589824
         576         1024          26.439      1179648      1179648
         576         2048          52.053      2359296      2359296
         576         4096         103.280      4718592      4718592
         576         8192         205.678      9437184      9437184
         576        16384         410.676     18874368     18874368
         576        32768         824.050     37748736     37748736
         576        65536        1639.957     75497472     75497472
         640            1           0.782         1280         1280
         640            2           0.962         2560         2560
         640            4           0.987         5120         5120
         640            8           0.930        10240        10240
         640           16           1.128        20480        20480
         640           32           1.691        40960        40960
         640           64           2.330        81920        81920
         640          128           4.032       163840       163840
         640          256           7.142       327680       327680
         640          512          13.546       655360       655360
         640         1024          26.329      1310720      1310720
         640         2048          52.013      2621440      2621440
         640         4096         103.303      5242880      5242880
         640         8192         205.407     10485760     10485760
         640        16384         410.126     20971520     20971520
         640        32768         830.440     41943040     41943040
         640        65536        1636.850     83886080     83886080
         704            1           0.787         1408         1408
         704            2           0.811         2816         2816
         704            4           0.860         5632         5632
         704            8           0.952        11264        11264
         704           16           1.181        22528        22528
         704           32           1.638        45056        45056
         704           64           2.553        90112        90112
         704          128           4.360       180224       180224
         704          256           8.019       360448       360448
         704          512          15.358       720896       720896
         704         1024          29.990      1441792      1441792
         704         2048          59.116      2883584      2883584
         704         4096         117.348      5767168      5767168
         704         8192         233.799     11534336     11534336
         704        16384         466.674     23068672     23068672
         704        32768         932.503     46137344     46137344
         704        65536        1868.115     92274688     92274688
         768            1           0.780         1536         1536
         768            2           0.803         3072         3072
         768            4           0.847         6144         6144
         768            8           0.958        12288        12288
         768           16           1.182        24576        24576
         768           32           1.631        49152        49152
         768           64           2.518        98304        98304
         768          128           4.312       196608       196608
         768          256           7.908       393216       393216
         768          512          15.074       786432       786432
         768         1024          29.490      1572864      1572864
         768         2048          58.141      3145728      3145728
         768         4096         115.458      6291456      6291456
         768         8192         230.252     12582912     12582912
         768        16384         459.706     25165824     25165824
         768        32768         918.561     50331648     50331648
         768        65536        1842.707    100663296    100663296
         832            1           0.765         1664         1664
         832            2           0.815         3328         3328
         832            4           0.871         6656         6656
         832            8           0.992        13312        13312
         832           16           1.267        26624        26624
         832           32           1.792        53248        53248
         832           64           2.851       106496       106496
         832          128           4.965       212992       212992
         832          256           9.252       425984       425984
         832          512          17.711       851968       851968
         832         1024          34.746      1703936      1703936
         832         2048          68.764      3407872      3407872
         832         4096         136.659      6815744      6815744
         832         8192         272.448     13631488     13631488
         832        16384         543.897     27262976     27262976
         832        32768        1086.991     54525952     54525952
         832        65536        2177.278    109051904    109051904
         896            1           0.787         1792         1792
         896            2           0.810         3584         3584
         896            4           0.861         7168         7168
         896            8           1.000        14336        14336
         896           16           1.267        28672        28672
         896           32           1.955        57344        57344
         896           64           2.845       114688       114688
         896          128           5.037       229376       229376
         896          256           9.196       458752       458752
         896          512          17.652       917504       917504
         896         1024          34.557      1835008      1835008
         896         2048          68.504      3670016      3670016
         896         4096         136.183      7340032      7340032
         896         8192         271.558     14680064     14680064
         896        16384         542.309     29360128     29360128
         896        32768        1083.616     58720256     58720256
         896        65536        2171.815    117440512    117440512
         960            1           0.786         1920         1920
         960            2           0.809         3840         3840
         960            4           0.882         7680         7680
         960            8           1.022        15360        15360
         960           16           1.320        30720        30720
         960           32           1.943        61440        61440
         960           64           3.143       122880       122880
         960          128           5.558       245760       245760
         960          256          10.395       491520       491520
         960          512          20.038       983040       983040
         960         1024          39.437      1966080      1966080
         960         2048          78.068      3932160      3932160
         960         4096         155.294      7864320      7864320
         960         8192         309.861     15728640     15728640
         960        16384         618.985     31457280     31457280
         960        32768        1239.935     62914560     62914560
        1024            1           0.861         2048         2048
        1024            2           0.988         4096         4096
        1024            4           0.923         8192         8192
        1024            8           1.077        16384        16384
        1024           16           1.349        32768        32768
        1024           32           1.934        65536        65536
        1024           64           3.112       131072       131072
        1024          128           5.581       262144       262144
        1024          256          10.209       524288       524288
        1024          512          19.715      1048576      1048576
        1024         1024          38.807      2097152      2097152
        1024         2048          76.786      4194304      4194304
        1024         4096         152.615      8388608      8388608
        1024         8192         304.634     16777216     16777216
        1024        16384         607.890     33554432     33554432
        1024        32768        1215.110     67108864     67108864
        1088            1           0.784         2176         2176
        1088            2           0.815         4352         4352
        1088            4           0.893         8704         8704
        1088            8           1.069        17408        17408
        1088           16           1.413        34816        34816
        1088           32           2.082        69632        69632
        1088           64           3.519       139264       139264
        1088          128           6.158       278528       278528
        1088          256          11.625       557056       557056
        1088          512          22.547      1114112      1114112
        1088         1024          44.301      2228224      2228224
        1088         2048          87.846      4456448      4456448
        1088         4096         175.053      8912896      8912896
        1088         8192         348.934     17825792     17825792
        1088        16384         701.825     35651584     35651584
        1088        32768        1393.097     71303168     71303168
        1152            1           0.778         2304         2304
        1152            2           0.874         4608         4608
        1152            4           0.897         9216         9216
        1152            8           1.173        18432        18432
        1152           16           1.418        36864        36864
        1152           32           2.174        73728        73728
        1152           64           3.436       147456       147456
        1152          128           6.155       294912       294912
        1152          256          11.573       589824       589824
        1152          512          22.495      1179648      1179648
        1152         1024          44.193      2359296      2359296
        1152         2048          87.579      4718592      4718592
        1152         4096         174.355      9437184      9437184
        1152         8192         347.852     18874368     18874368
        1152        16384         694.905     37748736     37748736
        1152        32768        1392.498     75497472     75497472
        1216            1           0.777         2432         2432
        1216            2           0.826         4864         4864
        1216            4           0.920         9728         9728
        1216            8           1.106        19456        19456
        1216           16           1.480        38912        38912
        1216           32           2.234        77824        77824
        1216           64           3.735       155648       155648
        1216          128           6.742       311296       311296
        1216          256          12.765       622592       622592
        1216          512          24.778      1245184      1245184
        1216         1024          48.991      2490368      2490368
        1216         2048          97.207      4980736      4980736
        1216         4096         193.391      9961472      9961472
        1216         8192         385.918     19922944     19922944
        1216        16384         771.048     39845888     39845888
        1216        32768        1541.104     79691776     79691776
        1280            1           0.791         2560         2560
        1280            2           0.844         5120         5120
        1280            4           0.937        10240        10240
        1280            8           1.105        20480        20480
        1280           16           1.469        40960        40960
        1280           32           2.196        81920        81920
        1280           64           3.682       163840       163840
        1280          128           6.638       327680       327680
        1280          256          12.564       655360       655360
        1280          512          24.388      1310720      1310720
        1280         1024          48.126      2621440      2621440
        1280         2048          98.682      5242880      5242880
        1280         4096         189.986     10485760     10485760
        1280         8192         379.285     20971520     20971520
        1280        16384         757.529     41943040     41943040
        1280        32768        1514.291     83886080     83886080
        1408            1           0.796         2816         2816
        1408            2           1.043         5632         5632
        1408            4           0.941        11264        11264
        1408            8           1.196        22528        22528
        1408           16           1.637        45056        45056
        1408           32           2.580        90112        90112
        1408           64           4.040       180224       180224
        1408          128           7.340       360448       360448
        1408          256          13.958       720896       720896
        1408          512          27.242      1441792      1441792
        1408         1024          53.713      2883584      2883584
        1408         2048         106.736      5767168      5767168
        1408         4096         212.334     11534336     11534336
        1408         8192         424.009     23068672     23068672
        1408        16384         850.557     46137344     46137344
        1408        32768        1693.187     92274688     92274688
        1536            1           0.886         3072         3072
        1536            2           0.943         6144         6144
        1536            4           0.965        12288        12288
        1536            8           1.167        24576        24576
        1536           16           1.736        49152        49152
        1536           32           2.492        98304        98304
        1536           64           4.444       196608       196608
        1536          128           7.877       393216       393216
        1536          256          14.995       786432       786432
        1536          512          29.160      1572864      1572864
        1536         1024          57.667      3145728      3145728
        1536         2048         114.002      6291456      6291456
        1536         4096         227.319     12582912     12582912
        1536         8192         453.725     25165824     25165824
        1536        16384         909.571     50331648     50331648
        1536        32768        1811.272    100663296    100663296
        1664            1           0.787         3328         3328
        1664            2           0.854         6656         6656
        1664            4           1.102        13312        13312
        1664            8           1.215        26624        26624
        1664           16           1.786        53248        53248
        1664           32           2.708       106496       106496
        1664           64           4.639       212992       212992
        1664          128           8.601       425984       425984
        1664          256          16.327       851968       851968
        1664          512          32.053      1703936      1703936
        1664         1024          63.428      3407872      3407872
        1664         2048         125.749      6815744      6815744
        1664         4096         250.503     13631488     13631488
        1664         8192         500.385     27262976     27262976
        1664        16384        1012.383     54525952     54525952
        1664        32768        2027.360    109051904    109051904
        1792            1           0.802         3584         3584
        1792            2           0.874         7168         7168
        1792            4           0.999        14336        14336
        1792            8           1.240        28672        28672
        1792           16           1.771        57344        57344
        1792           32           2.784       114688       114688
        1792           64           4.847       229376       229376
        1792          128           8.969       458752       458752
        1792          256          17.212       917504       917504
        1792          512          33.815      1835008      1835008
        1792         1024          66.762      3670016      3670016
        1792         2048         132.642      7340032      7340032
        1792         4096         264.412     14680064     14680064
        1792         8192         528.094     29360128     29360128
        1792        16384        1058.857     58720256     58720256
        1792        32768        2110.116    117440512    117440512
        1920            1           0.807         3840         3840
        1920            2           0.878         7680         7680
        1920            4           1.015        15360        15360
        1920            8           1.286        30720        30720
        1920           16           1.875        61440        61440
        1920           32           2.978       122880       122880
        1920           64           5.319       245760       245760
        1920          128           9.737       491520       491520
        1920          256          18.884       983040       983040
        1920          512          36.788      1966080      1966080
        1920         1024          72.829      3932160      3932160
        1920         2048         144.737      7864320      7864320
        1920         4096         288.656     15728640     15728640
        1920         8192         576.395     31457280     31457280
        1920        16384        1155.362     62914560     62914560
        2112            1           0.839         4224         4224
        2112            2           0.921         8448         8448
        2112            4           1.123        16896        16896
        2112            8           1.419        33792        33792
        2112           16           2.048        67584        67584
        2112           32           3.268       135168       135168
        2112           64           5.921       270336       270336
        2112          128          10.929       540672       540672
        2112          256          21.233      1081344      1081344
        2112          512          41.828      2162688      2162688
        2112         1024          82.450      4325376      4325376
        2112         2048         164.016      8650752      8650752
        2112         4096         327.142     17301504     17301504
        2112         8192         653.443     34603008     34603008
        2112        16384        1306.060     69206016     69206016
        2304            1           0.832         4608         4608
        2304            2           0.941         9216         9216
        2304            4           1.088        18432        18432
        2304            8           1.400        36864        36864
        2304           16           2.063        73728        73728
        2304           32           3.353       147456       147456
        2304           64           6.010       294912       294912
        2304          128          11.290       589824       589824
        2304          256          21.867      1179648      1179648
        2304          512          43.095      2359296      2359296
        2304         1024          85.389      4718592      4718592
        2304         2048         169.847      9437184      9437184
        2304         4096         353.824     18874368     18874368
        2304         8192         676.897     37748736     37748736
        2304        16384        1353.095     75497472     75497472
        2496            1           0.819         4992         4992
        2496            2           0.921         9984         9984
        2496            4           1.117        19968        19968
        2496            8           1.470        39936        39936
        2496           16           2.213        79872        79872
        2496           32           3.726       159744       159744
        2496           64           6.966       319488       319488
        2496          128          12.692       638976       638976
        2496          256          24.680      1277952      1277952
        2496          512          48.864      2555904      2555904
        2496         1024          96.702      5111808      5111808
        2496         2048         192.493     10223616     10223616
        2496         4096         383.915     20447232     20447232
        2496         8192         766.894     40894464     40894464
        2496        16384        1536.174     81788928     81788928
        2688            1           0.839         5376         5376
        2688            2           0.950        10752        10752
        2688            4           1.125        21504        21504
        2688            8           1.683        43008        43008
        2688           16           2.291        86016        86016
        2688           32           3.860       172032       172032
        2688           64           7.007       344064       344064
        2688          128          13.284       688128       688128
        2688          256          25.870      1376256      1376256
        2688          512          51.250      2752512      2752512
        2688         1024         101.368      5505024      5505024
        2688         2048         201.942     11010048     11010048
        2688         4096         402.917     22020096     22020096
        2688         8192         805.130     44040192     44040192
        2688        16384        1612.486     88080384     88080384
        2944            1           0.957         5888         5888
        2944            2           0.957        11776        11776
        2944            4           1.189        23552        23552
        2944            8           1.594        47104        47104
        2944           16           2.536        94208        94208
        2944           32           4.182       188416       188416
        2944           64           7.582       376832       376832
        2944          128          14.511       753664       753664
        2944          256          28.354      1507328      1507328
        2944          512          55.874      3014656      3014656
        2944         1024         111.029      6029312      6029312
        2944         2048         220.946     12058624     12058624
        2944         4096         441.045     24117248     24117248
        2944         8192         881.194     48234496     48234496
        2944        16384        1761.603     96468992     96468992
        3200            1           0.873         6400         6400
        3200            2           1.102        12800        12800
        3200            4           1.222        25600        25600
        3200            8           1.662        51200        51200
        3200           16           2.587       102400       102400
        3200           32           7.059       204800       204800
        3200           64           8.299       409600       409600
        3200          128          15.696       819200       819200
        3200          256          30.657      1638400      1638400
        3200          512          60.596      3276800      3276800
        3200         1024         120.395      6553600      6553600
        3200         2048         239.984     13107200     13107200
        3200         4096         479.294     26214400     26214400
        3200         8192         957.655     52428800     52428800
        3200        16384        1914.137    104857600    104857600
        3520            1           0.877         7040         7040
        3520            2           1.010        14080        14080
        3520            4           1.276        28160        28160
        3520            8           1.763        56320        56320
        3520           16           2.810       112640       112640
        3520           32           4.909       225280       225280
        3520           64           9.117       450560       450560
        3520          128          17.464       901120       901120
        3520          256          34.290      1802240      1802240
        3520          512          70.972      3604480      3604480
        3520         1024         134.716      7208960      7208960
        3520         2048         268.587     14417920     14417920
        3520         4096         536.187     28835840     28835840
        3520         8192        1071.757     57671680     57671680
        3520        16384        2145.572    115343360    115343360
        3840            1           0.963         7680         7680
        3840            2           1.034        15360        15360
        3840            4           1.291        30720        30720
        3840            8           1.826        61440        61440
        3840           16           2.926       122880       122880
        3840           32           5.159       245760       245760
        3840           64           9.496       491520       491520
        3840          128          18.277       983040       983040
        3840          256          35.832      1966080      1966080
        3840          512          71.028      3932160      3932160
        3840         1024         141.252      7864320      7864320
        3840         2048         281.402     15728640     15728640
        3840         4096         562.087     31457280     31457280
        3840         8192        1123.450     62914560     62914560
        4224            1           0.909         8448         8448
        4224            2           1.063        16896        16896
        4224            4           1.367        33792        33792
        4224            8           1.985        67584        67584
        4224           16           3.226       135168       135168
        4224           32           5.724       270336       270336
        4224           64          10.778       540672       540672
        4224          128          20.758      1081344      1081344
        4224          256          40.950      2162688      2162688
        4224          512          80.748      4325376      4325376
        4224         1024         161.561      8650752      8650752
        4224         2048         323.327     17301504     17301504
        4224         4096         646.812     34603008     34603008
        4224         8192        1296.981     69206016     69206016
        4608            1           0.914         9216         9216
        4608            2           1.064        18432        18432
        4608            4           1.423        36864        36864
        4608            8           2.089        73728        73728
        4608           16           3.469       147456       147456
        4608           32           6.209       294912       294912
        4608           64          11.291       589824       589824
        4608          128          21.810      1179648      1179648
        4608          256          43.943      2359296      2359296
        4608          512          87.840      4718592      4718592
        4608         1024         175.863      9437184      9437184
        4608         2048         352.153     18874368     18874368
        4608         4096         704.274     37748736     37748736
        4608         8192        1408.865     75497472     75497472
        5056            1           0.930        10112        10112
        5056            2           1.136        20224        20224
        5056            4           1.511        40448        40448
        5056            8           2.265        80896        80896
        5056           16           3.822       161792       161792
        5056           32           6.841       323584       323584
        5056           64          12.918       647168       647168
        5056          128          25.056      1294336      1294336
        5056          256          51.869      2588672      2588672
        5056          512          97.171      5177344      5177344
        5056         1024         195.435     10354688     10354688
        5056         2048         389.135     20709376     20709376
        5056         4096         778.513     41418752     41418752
        5056         8192        1557.503     82837504     82837504
        5504            1           0.994        11008        11008
        5504            2           1.155        22016        22016
        5504            4           1.576        44032        44032
        5504            8           2.364        88064        88064
        5504           16           4.006       176128       176128
        5504           32           7.258       352256       352256
        5504           64          13.859       704512       704512
        5504          128          27.010      1409024      1409024
        5504          256          53.296      2818048      2818048
        5504          512         105.675      5636096      5636096
        5504         1024         210.495     11272192     11272192
        5504         2048         420.042     22544384     22544384
        5504         4096         842.542     45088768     45088768
        5504         8192        1676.881     90177536     90177536
        6016            1           0.954        12032        12032
        6016            2           1.273        24064        24064
        6016            4           1.620        48128        48128
        6016            8           2.625        96256        96256
        6016           16           4.320       192512       192512
        6016           32           7.871       385024       385024
        6016           64          15.163       770048       770048
        6016          128          29.319      1540096      1540096
        6016          256          57.907      3080192      3080192
        6016          512         115.018      6160384      6160384
        6016         1024         229.184     12320768     12320768
        6016         2048         457.523     24641536     24641536
        6016         4096         917.325     49283072     49283072
        6016         8192        1827.345     98566144     98566144
        6592            1           0.985        13184        13184
        6592            2           1.231        26368        26368
        6592            4           1.727        52736        52736
        6592            8           2.699       105472       105472
        6592           16           4.649       210944       210944
        6592           32           8.605       421888       421888
        6592           64          16.488       843776       843776
        6592          128          32.243      1687552      1687552
        6592          256          63.811      3375104      3375104
        6592          512         126.675      6750208      6750208
        6592         1024         252.621     13500416     13500416
        6592         2048         504.395     27000832     27000832
        6592         4096        1011.259     54001664     54001664
        6592         8192        2016.118    108003328    108003328
        7232            1           1.118        14464        14464
        7232            2           1.255        28928        28928
        7232            4           1.797        57856        57856
        7232            8           2.877       115712       115712
        7232           16           5.030       231424       231424
        7232           32           9.319       462848       462848
        7232           64          17.938       925696       925696
        7232          128          35.134      1851392      1851392
        7232          256          69.665      3702784      3702784
        7232          512         138.417      7405568      7405568
        7232         1024         276.013     14811136     14811136
        7232         2048         550.886     29622272     29622272
        7232         4096        1104.789     59244544     59244544
        7232         8192        2203.795    118489088    118489088
        7936            1           1.032        15872        15872
        7936            2           1.332        31744        31744
        7936            4           1.896        63488        63488
        7936            8           3.081       126976       126976
        7936           16           5.403       253952       253952
        7936           32          10.096       507904       507904
        7936           64          19.476      1015808      1015808
        7936          128          38.212      2031616      2031616
        7936          256          75.803      4063232      4063232
        7936          512         150.800      8126464      8126464
        7936         1024         300.775     16252928     16252928
        7936         2048         600.566     32505856     32505856
        7936         4096        1203.353     65011712     65011712
        8704            1           1.054        17408        17408
        8704            2           1.381        34816        34816
        8704            4           2.191        69632        69632
        8704            8           3.309       139264       139264
        8704           16           5.981       278528       278528
        8704           32          11.001       557056       557056
        8704           64          21.255      1114112      1114112
        8704          128          41.817      2228224      2228224
        8704          256          83.119      4456448      4456448
        8704          512         165.153      8912896      8912896
        8704         1024         329.214     17825792     17825792
        8704         2048         657.576     35651584     35651584
        8704         4096        1313.920     71303168     71303168
        9536            1           1.096        19072        19072
        9536            2           1.450        38144        38144
        9536            4           2.381        76288        76288
        9536            8           3.567       152576       152576
        9536           16           6.420       305152       305152
        9536           32          12.117       610304       610304
        9536           64          23.471      1220608      1220608
        9536          128          45.875      2441216      2441216
        9536          256          91.064      4882432      4882432
        9536          512         184.574      9764864      9764864
        9536         1024         361.699     19529728     19529728
        9536         2048         722.416     39059456     39059456
        9536         4096        1444.843     78118912     78118912
       10432            1           1.121        20864        20864
       10432            2           1.494        41728        41728
       10432            4           2.268        83456        83456
       10432            8           3.821       166912       166912
       10432           16           6.897       333824       333824
       10432           32          13.058       667648       667648
       10432           64          25.410      1335296      1335296
       10432          128          50.088      2670592      2670592
       10432          256          99.461      5341184      5341184
       10432          512         198.101     10682368     10682368
       10432         1024         395.540     21364736     21364736
       10432         2048         792.806     42729472     42729472
       10432         4096        1578.958     85458944     85458944
       11456            1           1.156        22912        22912
       11456            2           1.741        45824        45824
       11456            4           2.415        91648        91648
       11456            8           4.112       183296       183296
       11456           16           7.488       366592       366592
       11456           32          14.232       733184       733184
       11456           64          27.801      1466368      1466368
       11456          128          54.851      2932736      2932736
       11456          256         109.049      5865472      5865472
       11456          512         217.129     11730944     11730944
       11456         1024         433.648     23461888     23461888
       11456         2048         866.589     46923776     46923776
       11456         4096        1734.852     93847552     93847552
       12544            1           1.366        25088        25088
       12544            2           1.793        50176        50176
       12544            4           2.656       100352       100352
       12544            8           4.524       200704       200704
       12544           16           8.100       401408       401408
       12544           32          15.478       802816       802816
       12544           64          30.182      1605632      1605632
       12544          128          59.640      3211264      3211264
       12544          256         118.645      6422528      6422528
       12544          512         236.592     12845056     12845056
       12544         1024         472.341     25690112     25690112
       12544         2048         943.593     51380224     51380224
       12544         4096        1889.530    102760448    102760448
       13760            1           1.246        27520        27520
       13760            2           1.752        55040        55040
       13760            4           2.754       110080       110080
       13760            8           4.775       220160       220160
       13760           16           8.859       440320       440320
       13760           32          16.948       880640       880640
       13760           64          33.232      1761280      1761280
       13760          128          65.534      3522560      3522560
       13760          256         130.451      7045120      7045120
       13760          512         259.996     14090240     14090240
       13760         1024         519.354     28180480     28180480
       13760         2048        1037.938     56360960     56360960
       13760         4096        2077.868    112721920    112721920
       15104            1           1.283        30208        30208
       15104            2           1.837        60416        60416
       15104            4           2.960       120832       120832
       15104            8           5.286       241664       241664
       15104           16           9.588       483328       483328
       15104           32          18.563       966656       966656
       15104           64          36.201      1933312      1933312
       15104          128          71.504      3866624      3866624
       15104          256         142.451      7733248      7733248
       15104          512         284.132     15466496     15466496
       15104         1024         567.394     30932992     30932992
       15104         2048        1133.947     61865984     61865984
       15104         4096        2269.369    123731968    123731968
       16576            1           1.376        33152        33152
       16576            2           1.956        66304        66304
       16576            4           3.164       132608       132608
       16576            8           5.594       265216       265216
       16576           16          10.453       530432       530432
       16576           32          20.218      1060864      1060864
       16576           64          39.684      2121728      2121728
       16576          128          78.650      4243456      4243456
       16576          256         156.631      8486912      8486912
       16576          512         312.442     16973824     16973824
       16576         1024         623.992     33947648     33947648
       16576         2048        1250.700     67895296     67895296
       18176            1           1.535        36352        36352
       18176            2           2.061        72704        72704
       18176            4           3.501       145408       145408
       18176            8           6.070       290816       290816
       18176           16          11.370       581632       581632
       18176           32          21.987      1163264      1163264
       18176           64          43.255      2326528      2326528
       18176          128          85.818      4653056      4653056
       18176          256         171.042      9306112      9306112
       18176          512         341.274     18612224     18612224
       18176         1024         681.614     37224448     37224448
       18176         2048        1362.309     74448896     74448896
       19968            1           1.996        39936        39936
       19968            2           2.188        79872        79872
       19968            4           3.661       159744       159744
       19968            8           6.566       319488       319488
       19968           16          12.450       638976       638976
       19968           32          24.096      1277952      1277952
       19968           64          47.447      2555904      2555904
       19968          128          94.185      5111808      5111808
       19968          256         187.909     10223616     10223616
       19968          512         374.631     20447232     20447232
       19968         1024         750.749     40894464     40894464
       19968         2048        1495.947     81788928     81788928
       21952            1           1.549        43904        43904
       21952            2           2.334        87808        87808
       21952            4           4.046       175616       175616
       21952            8           7.211       351232       351232
       21952           16          13.619       702464       702464
       21952           32          26.511      1404928      1404928
       21952           64          52.191      2809856      2809856
       21952          128         103.729      5619712      5619712
       21952          256         206.537     11239424     11239424
       21952          512         412.432     22478848     22478848
       21952         1024         824.120     44957696     44957696
       21952         2048        1650.554     89915392     89915392
       24128            1           1.616        48256        48256
       24128            2           2.567        96512        96512
       24128            4           4.257       193024       193024
       24128            8           7.983       386048       386048
       24128           16          14.837       772096       772096
       24128           32          29.099      1544192      1544192
       24128           64          57.280      3088384      3088384
       24128          128         114.032      6176768      6176768
       24128          256         226.843     12353536     12353536
       24128          512         452.164     24707072     24707072
       24128         1024         904.368     49414144     49414144
       24128         2048        1812.344     98828288     98828288
       26496            1           1.708        52992        52992
       26496            2           2.760       105984       105984
       26496            4           4.620       211968       211968
       26496            8           8.479       423936       423936
       26496           16          16.232       847872       847872
       26496           32          31.699      1695744      1695744
       26496           64          62.580      3391488      3391488
       26496          128         124.467      6782976      6782976
       26496          256         248.369     13565952     13565952
       26496          512         495.886     27131904     27131904
       26496         1024         991.056     54263808     54263808
       26496         2048        1984.246    108527616    108527616
       29120            1           1.798        58240        58240
       29120            2           2.868       116480       116480
       29120            4           4.993       232960       232960
       29120            8           9.243       465920       465920
       29120           16          17.764       931840       931840
       29120           32          34.956      1863680      1863680
       29120           64          68.872      3727360      3727360
       29120          128         137.013      7454720      7454720
       29120          256         273.405     14909440     14909440
       29120          512         545.836     29818880     29818880
       29120         1024        1090.628     59637760     59637760
       29120         2048        2452.590    119275520    119275520
       32000            1           1.969        64000        64000
       32000            2           3.065       128000       128000
       32000            4           5.412       256000       256000
       32000            8          10.073       512000       512000
       32000           16          19.408      1024000      1024000
       32000           32          38.071      2048000      2048000
       32000           64          75.459      4096000      4096000
       32000          128         150.191      8192000      8192000
       32000          256         299.686     16384000     16384000
       32000          512         598.457     32768000     32768000
       32000         1024        1213.117     65536000     65536000
       35200            1           2.412        70400        70400
       35200            2           3.312       140800       140800
       35200            4           5.912       281600       281600
       35200            8          11.007       563200       563200
       35200           16          25.498      1126400      1126400
       35200           32          41.876      2252800      2252800
       35200           64          86.812      4505600      4505600
       35200          128         171.416      9011200      9011200
       35200          256         329.529     18022400     18022400
       35200          512         658.061     36044800     36044800
       35200         1024        1314.865     72089600     72089600
       38720            1           2.489        77440        77440
       38720            2           3.623       154880       154880
       38720            4           6.570       309760       309760
       38720            8          12.106       619520       619520
       38720           16          23.355      1239040      1239040
       38720           32          46.080      2478080      2478080
       38720           64          91.154      4956160      4956160
       38720          128         181.566      9912320      9912320
       38720          256         362.560     19824640     19824640
       38720          512         730.502     39649280     39649280
       38720         1024        1487.047     79298560     79298560
       42560            1           1.876        85120        85120
       42560            2           3.926       170240       170240
       42560            4           7.038       340480       340480
       42560            8          13.154       680960       680960
       42560           16          25.591      1361920      1361920
       42560           32          50.387      2723840      2723840
       42560           64         100.065      5447680      5447680
       42560          128         199.709     10895360     10895360
       42560          256         398.182     21790720     21790720
       42560          512         795.772     43581440     43581440
       42560         1024        1638.214     87162880     87162880
       46784            1           2.813        93568        93568
       46784            2           4.150       187136       187136
       46784            4           7.572       374272       374272
       46784            8          14.401       748544       748544
       46784           16          28.061      1497088      1497088
       46784           32          55.353      2994176      2994176
       46784           64         109.976      5988352      5988352
       46784          128         227.403     11976704     11976704
       46784          256         437.618     23953408     23953408
       46784          512         874.257     47906816     47906816
       46784         1024        1751.039     95813632     95813632
       51456            1           3.073       102912       102912
       51456            2           4.492       205824       205824
       51456            4           8.261       411648       411648
       51456            8          15.788       823296       823296
       51456           16          30.943      1646592      1646592
       51456           32          60.687      3293184      3293184
       51456           64         120.722      6586368      6586368
       51456          128         240.627     13172736     13172736
       51456          256         480.537     26345472     26345472
       51456          512         985.145     52690944     52690944
       51456         1024        1928.040    105381888    105381888
       56576            1           2.715       113152       113152
       56576            2           4.847       226304       226304
       56576            4           8.983       452608       452608
       56576            8          17.213       905216       905216
       56576           16          33.677      1810432      1810432
       56576           32          66.795      3620864      3620864
       56576           64         132.634      7241728      7241728
       56576          128         264.462     14483456     14483456
       56576          256         528.170     28966912     28966912
       56576          512        1055.554     57933824     57933824
       56576         1024        2113.204    115867648    115867648
       62208            1           2.762       124416       124416
       62208            2           5.263       248832       248832
       62208            4           9.794       497664       497664
       62208            8          18.865       995328       995328
       62208           16          36.957      1990656      1990656
       62208           32          73.213      3981312      3981312
       62208           64         145.703      7962624      7962624
       62208          128         290.566     15925248     15925248
       62208          256         580.524     31850496     31850496
       62208          512        1160.380     63700992     63700992
       68416            1           3.654       136832       136832
       68416            2           5.728       273664       273664
       68416            4          10.884       547328       547328
       68416            8          20.691      1094656      1094656
       68416           16          40.607      2189312      2189312
       68416           32          80.459      4378624      4378624
       68416           64         160.330      8757248      8757248
       68416          128         319.727     17514496     17514496
       68416          256         641.257     35028992     35028992
       68416          512        1276.647     70057984     70057984
       75200            1           3.446       150400       150400
       75200            2           6.212       300800       300800
       75200            4          11.687       601600       601600
       75200            8          22.662      1203200      1203200
       75200           16          44.543      2406400      2406400
       75200           32          92.833      4812800      4812800
       75200           64         176.001      9625600      9625600
       75200          128         351.325     19251200     19251200
       75200          256         701.936     38502400     38502400
       75200          512        1417.072     77004800     77004800
       82688            1           3.673       165376       165376
       82688            2           6.807       330752       330752
       82688            4          12.939       661504       661504
       82688            8          24.825      1323008      1323008
       82688           16          48.924      2646016      2646016
       82688           32          97.140      5292032      5292032
       82688           64         193.247     10584064     10584064
       82688          128         385.933     21168128     21168128
       82688          256         771.084     42336256     42336256
       82688          512        1545.799     84672512     84672512
       90944            1           3.840       181888       181888
       90944            2           7.370       363776       363776
       90944            4          13.984       727552       727552
       90944            8          27.330      1455104      1455104
       90944           16          53.695      2910208      2910208
       90944           32         106.735      5820416      5820416
       90944           64         215.144     11640832     11640832
       90944          128         424.456     23281664     23281664
       90944          256         854.629     46563328     46563328
       90944          512        1695.526     93126656     93126656
      100032            1           4.624       200064       200064
      100032            2           8.118       400128       400128
      100032            4          15.510       800256       800256
      100032            8          30.052      1600512      1600512
      100032           16          58.997      3201024      3201024
      100032           32         117.186      6402048      6402048
      100032           64         233.921     12804096     12804096
      100032          128         469.813     25608192     25608192
      100032          256         933.034     51216384     51216384
      100032          512        1865.128    102432768    102432768
      110016            1           4.974       220032       220032
      110016            2           8.738       440064       440064
      110016            4          16.806       880128       880128
      110016            8          32.762      1760256      1760256
      110016           16          64.765      3520512      3520512
      110016           32         128.854      7041024      7041024
      110016           64         257.036     14082048     14082048
      110016          128         513.177     28164096     28164096
      110016          256        1028.982     56328192     56328192
      110016          512        2055.468    112656384    112656384
      120960            1           5.195       241920       241920
      120960            2           9.550       483840       483840
      120960            4          18.349       967680       967680
      120960            8          35.983      1935360      1935360
      120960           16          71.111      3870720      3870720
      120960           32         141.581      7741440      7741440
      120960           64         282.398     15482880     15482880
      120960          128         566.238     30965760     30965760
      120960          256        1127.028     61931520     61931520
      120960          512        2253.177    123863040    123863040
      133056            1           6.401       266112       266112
      133056            2          10.452       532224       532224
      133056            4          20.204      1064448      1064448
      133056            8          39.463      2128896      2128896
      133056           16          78.356      4257792      4257792
      133056           32         155.629      8515584      8515584
      133056           64         313.698     17031168     17031168
      133056          128         620.170     34062336     34062336
      133056          256        1239.984     68124672     68124672
      146304            1           6.247       292608       292608
      146304            2          11.390       585216       585216
      146304            4          22.037      1170432      1170432
      146304            8          43.309      2340864      2340864
      146304           16          86.070      4681728      4681728
      146304           32         170.994      9363456      9363456
      146304           64         341.309     18726912     18726912
      146304          128         686.401     37453824     37453824
      146304          256        1364.974     74907648     74907648
      160896            1           6.804       321792       321792
      160896            2          12.470       643584       643584
      160896            4          24.193      1287168      1287168
      160896            8          47.550      2574336      2574336
      160896           16          94.328      5148672      5148672
      160896           32         188.180     10297344     10297344
      160896           64         375.210     20594688     20594688
      160896          128         749.542     41189376     41189376
      160896          256        1498.302     82378752     82378752
      176960            1           7.514       353920       353920
      176960            2          13.679       707840       707840
      176960            4          26.551      1415680      1415680
      176960            8          52.252      2831360      2831360
      176960           16         106.834      5662720      5662720
      176960           32         206.796     11325440     11325440
      176960           64         412.574     22650880     22650880
      176960          128         824.561     45301760     45301760
      176960          256        1648.709     90603520     90603520
      194624            1           8.057       389248       389248
      194624            2          14.943       778496       778496
      194624            4          29.115      1556992      1556992
      194624            8          57.713      3113984      3113984
      194624           16         114.006      6227968      6227968
      194624           32         227.395     12455936     12455936
      194624           64         457.333     24911872     24911872
      194624          128         906.758     49823744     49823744
      194624          256        1812.500     99647488     99647488
      214080            1           9.148       428160       428160
      214080            2          16.491       856320       856320
      214080            4          32.007      1712640      1712640
      214080            8          63.145      3425280      3425280
      214080           16         125.432      6850560      6850560
      214080           32         249.990     13701120     13701120
      214080           64         499.087     27402240     27402240
      214080          128        1000.296     54804480     54804480
      214080          256        1993.547    109608960    109608960
      235456            1           9.731       470912       470912
      235456            2          18.075       941824       941824
      235456            4          35.181      1883648      1883648
      235456            8          69.492      3767296      3767296
      235456           16         137.897      7534592      7534592
      235456           32         274.938     15069184     15069184
      235456           64         548.894     30138368     30138368
      235456          128        1100.050     60276736     60276736
      235456          256        2192.525    120553472    120553472
      258944            1          10.703       517888       517888
      258944            2          19.918      1035776      1035776
      258944            4          38.734      2071552      2071552
      258944            8          76.427      4143104      4143104
      258944           16         151.709      8286208      8286208
      258944           32         302.427     16572416     16572416
      258944           64         607.145     33144832     33144832
      258944          128        1205.943     66289664     66289664
      284800            1          12.445       569600       569600
      284800            2          22.263      1139200      1139200
      284800            4          43.689      2278400      2278400
      284800            8          86.786      4556800      4556800
      284800           16         172.422      9113600      9113600
      284800           32         343.881     18227200     18227200
      284800           64         686.308     36454400     36454400
      284800          128        1375.149     72908800     72908800
      313280            1          14.232       626560       626560
      313280            2          24.590      1253120      1253120
      313280            4          48.505      2506240      2506240
      313280            8          96.190      5012480      5012480
      313280           16         191.762     10024960     10024960
      313280           32         382.720     20049920     20049920
      313280           64         764.566     40099840     40099840
      313280          128        1528.515     80199680     80199680
      344576            1          15.272       689152       689152
      344576            2          27.010      1378304      1378304
      344576            4          53.230      2756608      2756608
      344576            8         105.805      5513216      5513216
      344576           16         210.920     11026432     11026432
      344576           32         423.377     22052864     22052864
      344576           64         840.769     44105728     44105728
      344576          128        1680.151     88211456     88211456
      379008            1          16.585       758016       758016
      379008            2          29.597      1516032      1516032
      379008            4          58.525      3032064      3032064
      379008            8         116.278      6064128      6064128
      379008           16         232.020     12128256     12128256
      379008           32         462.616     24256512     24256512
      379008           64         928.183     48513024     48513024
      379008          128        1848.572     97026048     97026048
      416896            1          18.450       833792       833792
      416896            2          32.580      1667584      1667584
      416896            4          64.283      3335168      3335168
      416896            8         127.788      6670336      6670336
      416896           16         254.800     13340672     13340672
      416896           32         508.831     26681344     26681344
      416896           64        1019.358     53362688     53362688
      416896          128        2033.276    106725376    106725376
      458560            1          20.354       917120       917120
      458560            2          35.732      1834240      1834240
      458560            4          70.584      3668480      3668480
      458560            8         140.494      7336960      7336960
      458560           16         280.125     14673920     14673920
      458560           32         559.494     29347840     29347840
      458560           64        1120.983     58695680     58695680
      458560          128        2235.683    117391360    117391360
      504384            1          21.913      1008768      1008768
      504384            2          39.144      2017536      2017536
      504384            4          77.538      4035072      4035072
      504384            8         154.476      8070144      8070144
      504384           16         308.094     16140288     16140288
      504384           32         618.665     32280576     32280576
      504384           64        1229.676     64561152     64561152
      554816            1          23.197      1109632      1109632
      554816            2          42.981      2219264      2219264
      554816            4          85.375      4438528      4438528
      554816            8         169.789      8877056      8877056
      554816           16         338.849     17754112     17754112
      554816           32         676.839     35508224     35508224
      554816           64        1356.680     71016448     71016448
      610240            1          25.412      1220480      1220480
      610240            2          47.173      2440960      2440960
      610240            4          93.674      4881920      4881920
      610240            8         186.626      9763840      9763840
      610240           16         372.561     19527680     19527680
      610240           32         744.397     39055360     39055360
      610240           64        1488.159     78110720     78110720
      671232            1          27.799      1342464      1342464
      671232            2          51.838      2684928      2684928
      671232            4         102.985      5369856      5369856
      671232            8         205.086     10739712     10739712
      671232           16         412.203     21479424     21479424
      671232           32         818.591     42958848     42958848
      671232           64        1636.204     85917696     85917696
      738304            1          30.777      1476608      1476608
      738304            2          56.926      2953216      2953216
      738304            4         113.167      5906432      5906432
      738304            8         225.643     11812864     11812864
      738304           16         450.742     23625728     23625728
      738304           32         903.519     47251456     47251456
      738304           64        1799.918     94502912     94502912
      812096            1          33.744      1624192      1624192
      812096            2          62.545      3248384      3248384
      812096            4         124.432      6496768      6496768
      812096            8         248.106     12993536     12993536
      812096           16         495.560     25987072     25987072
      812096           32         994.541     51974144     51974144
      812096           64        1979.927    103948288    103948288
      893248            1          40.060      1786496      1786496
      893248            2          68.707      3572992      3572992
      893248            4         136.784      7145984      7145984
      893248            8         272.814     14291968     14291968
      893248           16         544.854     28583936     28583936
      893248           32        1091.866     57167872     57167872
      893248           64        2177.545    114335744    114335744
      982528            1          40.670      1965056      1965056
      982528            2          75.502      3930112      3930112
      982528            4         150.375      7860224      7860224
      982528            8         300.044     15720448     15720448
      982528           16         599.316     31440896     31440896
      982528           32        1201.192     62881792     62881792
     1080768            1          45.286      2161536      2161536
     1080768            2          83.109      4323072      4323072
     1080768            4         165.220      8646144      8646144
     1080768            8         329.983     17292288     17292288
     1080768           16         659.190     34584576     34584576
     1080768           32        1317.457     69169152     69169152
     1188800            1          49.592      2377600      2377600
     1188800            2          91.200      4755200      4755200
     1188800            4         181.840      9510400      9510400
     1188800            8         365.374     19020800     19020800
     1188800           16         724.894     38041600     38041600
     1188800           32        1449.264     76083200     76083200
     1307648            1          58.276      2615296      2615296
     1307648            2         100.224      5230592      5230592
     1307648            4         199.700     10461184     10461184
     1307648            8         398.889     20922368     20922368
     1307648           16         797.260     41844736     41844736
     1307648           32        1597.136     83689472     83689472
     1438400            1          58.853      2876800      2876800
     1438400            2         110.388      5753600      5753600
     1438400            4         219.614     11507200     11507200
     1438400            8         439.744     23014400     23014400
     1438400           16         878.845     46028800     46028800
     1438400           32        1760.803     92057600     92057600
     1582208            1          68.652      3164416      3164416
     1582208            2         121.306      6328832      6328832
     1582208            4         241.490     12657664     12657664
     1582208            8         482.918     25315328     25315328
     1582208           16         967.888     50630656     50630656
     1582208           32        1938.290    101261312    101261312
     1740416            1          75.679      3480832      3480832
     1740416            2         133.492      6961664      6961664
     1740416            4         265.753     13923328     13923328
     1740416            8         531.867     27846656     27846656
     1740416           16        1064.067     55693312     55693312
     1740416           32        2173.466    111386624    111386624
     1914432            1          81.546      3828864      3828864
     1914432            2         147.740      7657728      7657728
     1914432            4         293.616     15315456     15315456
     1914432            8         586.571     30630912     30630912
     1914432           16        1173.984     61261824     61261824
     1914432           32        2354.072    122523648    122523648
     2105856            1          87.577      4211712      4211712
     2105856            2         162.999      8423424      8423424
     2105856            4         323.423     16846848     16846848
     2105856            8         649.398     33693696     33693696
     2105856           16        1302.241     67387392     67387392
     2316416            1          96.501      4632832      4632832
     2316416            2         181.107      9265664      9265664
     2316416            4         359.003     18531328     18531328
     2316416            8         715.749     37062656     37062656
     2316416           16        1432.258     74125312     74125312
     2548032            1         106.702      5096064      5096064
     2548032            2         199.535     10192128     10192128
     2548032            4         396.293     20384256     20384256
     2548032            8         795.882     40768512     40768512
     2548032           16        1576.021     81537024     81537024
     2802816            1         118.920      5605632      5605632
     2802816            2         219.577     11211264     11211264
     2802816            4         434.742     22422528     22422528
     2802816            8         869.114     44845056     44845056
     2802816           16        1742.664     89690112     89690112
     3083072            1         130.413      6166144      6166144
     3083072            2         240.160     12332288     12332288
     3083072            4         479.870     24664576     24664576
     3083072            8         956.536     49329152     49329152
     3083072           16        1917.772     98658304     98658304
     3391360            1         141.395      6782720      6782720
     3391360            2         263.709     13565440     13565440
     3391360            4         527.803     27130880     27130880
     3391360            8        1051.619     54261760     54261760
     3391360           16        2111.676    108523520    108523520
     3730496            1         157.381      7460992      7460992
     3730496            2         291.725     14921984     14921984
     3730496            4         580.128     29843968     29843968
     3730496            8        1157.184     59687936     59687936
     3730496           16        2321.716    119375872    119375872
     4103488            1         172.917      8206976      8206976
     4103488            2         320.297     16413952     16413952
     4103488            4         637.772     32827904     32827904
     4103488            8        1279.727     65655808     65655808
     4513792            1         191.226      9027584      9027584
     4513792            2         351.989     18055168     18055168
     4513792            4         701.001     36110336     36110336
     4513792            8        1399.966     72220672     72220672
     4965120            1         208.710      9930240      9930240
     4965120            2         385.581     19860480     19860480
     4965120            4         776.980     39720960     39720960
     4965120            8        1541.180     79441920     79441920
     5461632            1         230.488     10923264     10923264
     5461632            2         423.827     21846528     21846528
     5461632            4         847.504     43693056     43693056
     5461632            8        1702.175     87386112     87386112
     6007744            1         251.183     12015488     12015488
     6007744            2         467.363     24030976     24030976
     6007744            4         932.210     48061952     48061952
     6007744            8        1870.347     96123904     96123904
     6608512            1         276.874     13217024     13217024
     6608512            2         513.818     26434048     26434048
     6608512            4        1024.358     52868096     52868096
     6608512            8        2102.853    105736192    105736192
     7269312            1         304.691     14538624     14538624
     7269312            2         564.800     29077248     29077248
     7269312            4        1126.775     58154496     58154496
     7269312            8        2261.495    116308992    116308992
     7996224            1         336.747     15992448     15992448
     7996224            2         620.766     31984896     31984896
     7996224            4        1239.325     63969792     63969792
     8795840            1         367.137     17591680     17591680
     8795840            2         688.359     35183360     35183360
     8795840            4        1364.273     70366720     70366720
     9675392            1         406.866     19350784     19350784
     9675392            2         750.293     38701568     38701568
     9675392            4        1508.416     77403136     77403136
    10642880            1         444.650     21285760     21285760
    10642880            2         824.089     42571520     42571520
    10642880            4        1649.076     85143040     85143040
    11707136            1         488.882     23414272     23414272
    11707136            2         913.591     46828544     46828544
    11707136            4        1813.973     93657088     93657088
    12877824            1         540.359     25755648     25755648
    12877824            2         998.206     51511296     51511296
    12877824            4        2004.280    103022592    103022592
    14165568            1         594.200     28331136     28331136
    14165568            2        1104.630     56662272     56662272
    14165568            4        2209.381    113324544    113324544
    15582080            1         652.444     31164160     31164160
    15582080            2        1215.830     62328320     62328320
    15582080            4        2440.368    124656640    124656640
    17140288            1         724.974     34280576     34280576
    17140288            2        1360.681     68561152     68561152
    18854272            1         796.288     37708544     37708544
    18854272            2        1504.599     75417088     75417088
    20739648            1         884.362     41479296     41479296
    20739648            2        1745.284     82958592     82958592
    22813568            1        1012.639     45627136     45627136
    22813568            2        2129.436     91254272     91254272
    25094912            1        1230.390     50189824     50189824
    25094912            2        2651.752    100379648    100379648
    27604352            1        1518.798     55208704     55208704
    27604352            2        3455.749    110417408    110417408
    30364736            1        1936.832     60729472     60729472
    30364736            2        4255.247    121458944    121458944
    33401152            1        2375.875     66802304     66802304
    36741248            1        2802.701     73482496     73482496
    40415360            1        3175.563     80830720     80830720
    44456896            1        3651.636     88913792     88913792
    48902528            1        3935.428     97805056     97805056
    53792768            1        4333.986    107585536    107585536
    59172032            1        4804.905    118344064    118344064

META_DATA
MPI_PROCS      1
OPENMP_THREADS 8
FLOPS          16
ERT_VERSION  1.0.0
TIMESTAMP_DATA  1594852879.79
HOSTNAME  ('apollo-PowerEdge-R430', [], ['127.0.1.1'])
UNAME  ('Linux', 'apollo-PowerEdge-R430', '4.19.129-0419129-generic', '#202006220433 SMP Mon Jun 22 09:12:54 UTC 2020', 'x86_64', 'x86_64')
CONFIG  {'ERT_WORKING_SET_MIN': ['1'], 'ERT_CFLAGS': ['-O3'], 'ERT_CC': ['gcc'], 'ERT_MPI_CFLAGS': [], 'ERT_MPI_LDFLAGS': [], 'ERT_MEMORY_MAX': ['62497788'], 'ERT_PROCS_THREADS': ['8'], 'ERT_LDFLAGS': [], 'ERT_LDLIBS': [], 'ERT_SPEC_GBYTES_DRAM': ['1.0'], 'ERT_RUN': ['export', 'KMP_AFFINITY=scatter;', 'export', 'OMP_NUM_THREADS=ERT_OPENMP_THREADS;', 'ERT_CODE'], 'ERT_FLOPS': ['1,2,4,8,16'], 'ERT_OPENMP_CFLAGS': ['-fopenmp'], 'ERT_SPEC_GFLOPS': ['1.0'], 'ERT_MPI': ['False'], 'ERT_TRIALS_MIN': ['1'], 'ERT_DRIVER': ['driver1'], 'ERT_RESULTS': ['Results.x86'], 'ERT_OPENMP': ['True'], 'ERT_MPI_PROCS': ['1'], 'ERT_KERNEL': ['kernel1'], 'ERT_OPENMP_THREADS': ['1-32'], 'ERT_LD': ['gcc'], 'ERT_NUM_EXPERIMENTS': ['6'], 'ERT_OPENMP_LDFLAGS': ['-fopenmp'], 'ERT_ALIGN': ['32'], 'ERT_GNUPLOT': ['gnuplot']}
