          64            1           2.128          128          128
          64            2           0.779          256          256
          64            4           0.779          512          512
          64            8           1.033         1024         1024
          64           16           1.063         2048         2048
          64           32           1.431         4096         4096
          64           64           2.200         8192         8192
          64          128           3.683        16384        16384
          64          256           6.696        32768        32768
          64          512          12.709        65536        65536
          64         1024          24.748       131072       131072
          64         2048          48.820       262144       262144
          64         4096          96.954       524288       524288
          64         8192         193.244      1048576      1048576
          64        16384         385.794      2097152      2097152
          64        32768         800.563      4194304      4194304
          64        65536        1541.145      8388608      8388608
          64       131072        3086.899     16777216     16777216
          64       262144        6169.695     33554432     33554432
          64       524288       12342.443     67108864     67108864
         128            1           0.760          256          256
         128            2           0.801          512          512
         128            4           0.811         1024         1024
         128            8           0.886         2048         2048
         128           16           1.071         4096         4096
         128           32           1.622         8192         8192
         128           64           2.208        16384        16384
         128          128           3.871        32768        32768
         128          256           6.723        65536        65536
         128          512          12.749       131072       131072
         128         1024          24.780       262144       262144
         128         2048          48.851       524288       524288
         128         4096          96.988      1048576      1048576
         128         8192         198.336      2097152      2097152
         128        16384         385.846      4194304      4194304
         128        32768         770.934      8388608      8388608
         128        65536        1541.160     16777216     16777216
         128       131072        3086.916     33554432     33554432
         128       262144        6180.183     67108864     67108864
         192            1           0.787          384          384
         192            2           0.785          768          768
         192            4           0.841         1536         1536
         192            8           0.892         3072         3072
         192           16           1.188         6144         6144
         192           32           1.464        12288        12288
         192           64           2.204        24576        24576
         192          128           3.707        49152        49152
         192          256           6.722        98304        98304
         192          512          12.871       196608       196608
         192         1024          24.803       393216       393216
         192         2048          48.873       786432       786432
         192         4096          97.133      1572864      1572864
         192         8192         193.367      3145728      3145728
         192        16384         386.064      6291456      6291456
         192        32768         771.176     12582912     12582912
         192        65536        1541.258     25165824     25165824
         192       131072        3086.084     50331648     50331648
         192       262144        6172.228    100663296    100663296
         256            1           0.768          512          512
         256            2           0.880         1024         1024
         256            4           0.808         2048         2048
         256            8           0.911         4096         4096
         256           16           1.080         8192         8192
         256           32           1.454        16384        16384
         256           64           2.207        32768        32768
         256          128           3.716        65536        65536
         256          256           6.722       131072       131072
         256          512          12.762       262144       262144
         256         1024          24.793       524288       524288
         256         2048          48.863      1048576      1048576
         256         4096          97.106      2097152      2097152
         256         8192         193.361      4194304      4194304
         256        16384         385.933      8388608      8388608
         256        32768         771.047     16777216     16777216
         256        65536        1541.285     33554432     33554432
         256       131072        3087.002     67108864     67108864
         320            1           0.757          640          640
         320            2           0.797         1280         1280
         320            4           0.871         2560         2560
         320            8           1.001         5120         5120
         320           16           1.093        10240        10240
         320           32           1.459        20480        20480
         320           64           2.332        40960        40960
         320          128           3.939        81920        81920
         320          256           6.741       163840       163840
         320          512          12.797       327680       327680
         320         1024          24.799       655360       655360
         320         2048          49.024      1310720      1310720
         320         4096          97.187      2621440      2621440
         320         8192         193.357      5242880      5242880
         320        16384         385.928     10485760     10485760
         320        32768         774.327     20971520     20971520
         320        65536        1541.280     41943040     41943040
         320       131072        3086.858     83886080     83886080
         384            1           0.896          768          768
         384            2           0.801         1536         1536
         384            4           0.825         3072         3072
         384            8           0.901         6144         6144
         384           16           1.111        12288        12288
         384           32           1.471        24576        24576
         384           64           2.215        49152        49152
         384          128           3.734        98304        98304
         384          256           6.733       196608       196608
         384          512          12.774       393216       393216
         384         1024          24.817       786432       786432
         384         2048          48.961      1572864      1572864
         384         4096          97.092      3145728      3145728
         384         8192         193.360      6291456      6291456
         384        16384         385.928     12582912     12582912
         384        32768         771.050     25165824     25165824
         384        65536        1545.024     50331648     50331648
         384       131072        3081.817    100663296    100663296
         448            1           0.772          896          896
         448            2           0.926         1792         1792
         448            4           0.824         3584         3584
         448            8           0.906         7168         7168
         448           16           1.109        14336        14336
         448           32           1.570        28672        28672
         448           64           2.238        57344        57344
         448          128           3.766       114688       114688
         448          256           6.770       229376       229376
         448          512          12.844       458752       458752
         448         1024          25.029       917504       917504
         448         2048          49.221      1835008      1835008
         448         4096          97.629      3670016      3670016
         448         8192         194.406      7340032      7340032
         448        16384         387.934     14680064     14680064
         448        32768         780.774     29360128     29360128
         448        65536        1548.686     58720256     58720256
         448       131072        3100.190    117440512    117440512
         512            1           0.764         1024         1024
         512            2           0.801         2048         2048
         512            4           0.836         4096         4096
         512            8           0.918         8192         8192
         512           16           1.103        16384        16384
         512           32           1.481        32768        32768
         512           64           2.251        65536        65536
         512          128           3.762       131072       131072
         512          256           6.801       262144       262144
         512          512          12.853       524288       524288
         512         1024          24.991      1048576      1048576
         512         2048          49.280      2097152      2097152
         512         4096          97.842      4194304      4194304
         512         8192         194.843      8388608      8388608
         512        16384         388.830     16777216     16777216
         512        32768         776.780     33554432     33554432
         512        65536        1558.043     67108864     67108864
         576            1           0.787         1152         1152
         576            2           0.790         2304         2304
         576            4           0.874         4608         4608
         576            8           1.053         9216         9216
         576           16           1.265        18432        18432
         576           32           1.530        36864        36864
         576           64           2.480        73728        73728
         576          128           4.055       147456       147456
         576          256           7.298       294912       294912
         576          512          13.565       589824       589824
         576         1024          26.533      1179648      1179648
         576         2048          52.254      2359296      2359296
         576         4096         103.355      4718592      4718592
         576         8192         205.712      9437184      9437184
         576        16384         410.620     18874368     18874368
         576        32768         820.485     37748736     37748736
         576        65536        1639.607     75497472     75497472
         640            1           0.775         1280         1280
         640            2           0.878         2560         2560
         640            4           0.913         5120         5120
         640            8           0.960        10240        10240
         640           16           1.130        20480        20480
         640           32           1.530        40960        40960
         640           64           2.319        81920        81920
         640          128           3.924       163840       163840
         640          256           7.132       327680       327680
         640          512          13.688       655360       655360
         640         1024          26.432      1310720      1310720
         640         2048          55.427      2621440      2621440
         640         4096         103.124      5242880      5242880
         640         8192         205.493     10485760     10485760
         640        16384         410.041     20971520     20971520
         640        32768         819.396     41943040     41943040
         640        65536        1637.834     83886080     83886080
         704            1           0.765         1408         1408
         704            2           0.809         2816         2816
         704            4           0.854         5632         5632
         704            8           0.964        11264        11264
         704           16           1.184        22528        22528
         704           32           1.638        45056        45056
         704           64           2.550        90112        90112
         704          128           4.374       180224       180224
         704          256           8.030       360448       360448
         704          512          15.331       720896       720896
         704         1024          29.970      1441792      1441792
         704         2048          59.051      2883584      2883584
         704         4096         117.320      5767168      5767168
         704         8192         233.788     11534336     11534336
         704        16384         471.743     23068672     23068672
         704        32768         932.532     46137344     46137344
         704        65536        1864.247     92274688     92274688
         768            1           0.781         1536         1536
         768            2           0.810         3072         3072
         768            4           0.854         6144         6144
         768            8           0.950        12288        12288
         768           16           1.189        24576        24576
         768           32           1.634        49152        49152
         768           64           2.519        98304        98304
         768          128           4.304       196608       196608
         768          256           7.903       393216       393216
         768          512          15.082       786432       786432
         768         1024          29.401      1572864      1572864
         768         2048          58.150      3145728      3145728
         768         4096         115.542      6291456      6291456
         768         8192         230.256     12582912     12582912
         768        16384         459.608     25165824     25165824
         768        32768         922.387     50331648     50331648
         768        65536        1835.915    100663296    100663296
         832            1           0.765         1664         1664
         832            2           0.958         3328         3328
         832            4           0.859         6656         6656
         832            8           0.985        13312        13312
         832           16           1.270        26624        26624
         832           32           1.932        53248        53248
         832           64           2.968       106496       106496
         832          128           4.988       212992       212992
         832          256           9.218       425984       425984
         832          512          17.730       851968       851968
         832         1024          34.733      1703936      1703936
         832         2048          68.774      3407872      3407872
         832         4096         136.680      6815744      6815744
         832         8192         272.477     13631488     13631488
         832        16384         544.051     27262976     27262976
         832        32768        1092.319     54525952     54525952
         832        65536        2174.157    109051904    109051904
         896            1           0.901         1792         1792
         896            2           0.786         3584         3584
         896            4           0.868         7168         7168
         896            8           1.003        14336        14336
         896           16           1.273        28672        28672
         896           32           1.801        57344        57344
         896           64           2.832       114688       114688
         896          128           4.969       229376       229376
         896          256           9.186       458752       458752
         896          512          17.659       917504       917504
         896         1024          34.728      1835008      1835008
         896         2048          68.499      3670016      3670016
         896         4096         136.355      7340032      7340032
         896         8192         271.735     14680064     14680064
         896        16384         545.711     29360128     29360128
         896        32768        1083.654     58720256     58720256
         896        65536        2166.586    117440512    117440512
         960            1           0.798         1920         1920
         960            2           0.812         3840         3840
         960            4           0.896         7680         7680
         960            8           1.026        15360        15360
         960           16           1.353        30720        30720
         960           32           1.938        61440        61440
         960           64           3.141       122880       122880
         960          128           5.566       245760       245760
         960          256          10.381       491520       491520
         960          512          20.064       983040       983040
         960         1024          39.443      1966080      1966080
         960         2048          78.112      3932160      3932160
         960         4096         155.374      7864320      7864320
         960         8192         315.090     15728640     15728640
         960        16384         618.927     31457280     31457280
         960        32768        1236.811     62914560     62914560
        1024            1           0.765         2048         2048
        1024            2           0.980         4096         4096
        1024            4           0.995         8192         8192
        1024            8           1.183        16384        16384
        1024           16           1.340        32768        32768
        1024           32           1.913        65536        65536
        1024           64           3.092       131072       131072
        1024          128           5.469       262144       262144
        1024          256          10.277       524288       524288
        1024          512          19.676      1048576      1048576
        1024         1024          38.787      2097152      2097152
        1024         2048          76.722      4194304      4194304
        1024         4096         152.667      8388608      8388608
        1024         8192         304.328     16777216     16777216
        1024        16384         607.992     33554432     33554432
        1024        32768        1222.152     67108864     67108864
        1088            1           0.794         2176         2176
        1088            2           0.828         4352         4352
        1088            4           0.906         8704         8704
        1088            8           1.066        17408        17408
        1088           16           1.413        34816        34816
        1088           32           2.088        69632        69632
        1088           64           3.444       139264       139264
        1088          128           6.162       278528       278528
        1088          256          11.608       557056       557056
        1088          512          22.492      1114112      1114112
        1088         1024          44.326      2228224      2228224
        1088         2048          87.835      4456448      4456448
        1088         4096         174.876      8912896      8912896
        1088         8192         348.846     17825792     17825792
        1088        16384         696.955     35651584     35651584
        1088        32768        1393.104     71303168     71303168
        1152            1           0.781         2304         2304
        1152            2           0.841         4608         4608
        1152            4           0.921         9216         9216
        1152            8           1.068        18432        18432
        1152           16           1.407        36864        36864
        1152           32           2.089        73728        73728
        1152           64           3.435       147456       147456
        1152          128           6.154       294912       294912
        1152          256          11.598       589824       589824
        1152          512          22.434      1179648      1179648
        1152         1024          44.360      2359296      2359296
        1152         2048          87.618      4718592      4718592
        1152         4096         174.245      9437184      9437184
        1152         8192         351.464     18874368     18874368
        1152        16384         694.705     37748736     37748736
        1152        32768        1388.816     75497472     75497472
        1216            1           0.779         2432         2432
        1216            2           0.838         4864         4864
        1216            4           0.933         9728         9728
        1216            8           1.109        19456        19456
        1216           16           1.479        38912        38912
        1216           32           2.230        77824        77824
        1216           64           3.739       155648       155648
        1216          128           6.755       311296       311296
        1216          256          12.778       622592       622592
        1216          512          24.805      1245184      1245184
        1216         1024          48.957      2490368      2490368
        1216         2048          97.154      4980736      4980736
        1216         4096         193.378      9961472      9961472
        1216         8192         385.964     19922944     19922944
        1216        16384         771.105     39845888     39845888
        1216        32768        1588.661     79691776     79691776
        1280            1           0.789         2560         2560
        1280            2           0.841         5120         5120
        1280            4           0.931        10240        10240
        1280            8           1.110        20480        20480
        1280           16           1.475        40960        40960
        1280           32           2.202        81920        81920
        1280           64           3.683       163840       163840
        1280          128           6.651       327680       327680
        1280          256          12.563       655360       655360
        1280          512          24.381      1310720      1310720
        1280         1024          48.115      2621440      2621440
        1280         2048          95.415      5242880      5242880
        1280         4096         190.045     10485760     10485760
        1280         8192         379.082     20971520     20971520
        1280        16384         757.435     41943040     41943040
        1280        32768        1517.904     83886080     83886080
        1408            1           0.791         2816         2816
        1408            2           0.962         5632         5632
        1408            4           1.116        11264        11264
        1408            8           1.161        22528        22528
        1408           16           1.702        45056        45056
        1408           32           2.374        90112        90112
        1408           64           4.042       180224       180224
        1408          128           7.337       360448       360448
        1408          256          13.965       720896       720896
        1408          512          27.190      1441792      1441792
        1408         1024          53.743      2883584      2883584
        1408         2048         106.590      5767168      5767168
        1408         4096         212.481     11534336     11534336
        1408         8192         424.061     23068672     23068672
        1408        16384         847.141     46137344     46137344
        1408        32768        1693.310     92274688     92274688
        1536            1           0.814         3072         3072
        1536            2           0.861         6144         6144
        1536            4           0.972        12288        12288
        1536            8           1.173        24576        24576
        1536           16           1.614        49152        49152
        1536           32           2.496        98304        98304
        1536           64           4.275       196608       196608
        1536          128           7.812       393216       393216
        1536          256          14.893       786432       786432
        1536          512          29.034      1572864      1572864
        1536         1024          57.431      3145728      3145728
        1536         2048         117.493      6291456      6291456
        1536         4096         227.158     12582912     12582912
        1536         8192         453.619     25165824     25165824
        1536        16384         906.401     50331648     50331648
        1536        32768        1811.988    100663296    100663296
        1664            1           0.797         3328         3328
        1664            2           1.017         6656         6656
        1664            4           1.096        13312        13312
        1664            8           1.361        26624        26624
        1664           16           1.803        53248        53248
        1664           32           2.673       106496       106496
        1664           64           4.751       212992       212992
        1664          128           8.533       425984       425984
        1664          256          16.345       851968       851968
        1664          512          31.934      1703936      1703936
        1664         1024          63.322      3407872      3407872
        1664         2048         125.687      6815744      6815744
        1664         4096         250.651     13631488     13631488
        1664         8192         503.658     27262976     27262976
        1664        16384         999.888     54525952     54525952
        1664        32768        1998.677    109051904    109051904
        1792            1           0.800         3584         3584
        1792            2           0.885         7168         7168
        1792            4           1.008        14336        14336
        1792            8           1.252        28672        28672
        1792           16           1.759        57344        57344
        1792           32           2.807       114688       114688
        1792           64           4.847       229376       229376
        1792          128           8.979       458752       458752
        1792          256          17.223       917504       917504
        1792          512          33.797      1835008      1835008
        1792         1024          66.776      3670016      3670016
        1792         2048         132.701      7340032      7340032
        1792         4096         267.819     14680064     14680064
        1792         8192         528.221     29360128     29360128
        1792        16384        1055.633     58720256     58720256
        1792        32768        2110.193    117440512    117440512
        1920            1           0.960         3840         3840
        1920            2           0.881         7680         7680
        1920            4           1.012        15360        15360
        1920            8           1.288        30720        30720
        1920           16           1.855        61440        61440
        1920           32           2.972       122880       122880
        1920           64           5.225       245760       245760
        1920          128           9.731       491520       491520
        1920          256          18.714       983040       983040
        1920          512          36.757      1966080      1966080
        1920         1024          72.762      3932160      3932160
        1920         2048         157.127      7864320      7864320
        1920         4096         288.585     15728640     15728640
        1920         8192         576.429     31457280     31457280
        1920        16384        1151.930     62914560     62914560
        2112            1           0.993         4224         4224
        2112            2           0.914         8448         8448
        2112            4           1.211        16896        16896
        2112            8           1.368        33792        33792
        2112           16           2.177        67584        67584
        2112           32           3.387       135168       135168
        2112           64           5.819       270336       270336
        2112          128          10.927       540672       540672
        2112          256          21.135      1081344      1081344
        2112          512          41.616      2162688      2162688
        2112         1024          82.401      4325376      4325376
        2112         2048         163.953      8650752      8650752
        2112         4096         327.079     17301504     17301504
        2112         8192         653.457     34603008     34603008
        2112        16384        1309.945     69206016     69206016
        2304            1           0.822         4608         4608
        2304            2           0.917         9216         9216
        2304            4           1.240        18432        18432
        2304            8           1.399        36864        36864
        2304           16           2.178        73728        73728
        2304           32           3.368       147456       147456
        2304           64           6.154       294912       294912
        2304          128          11.372       589824       589824
        2304          256          21.871      1179648      1179648
        2304          512          43.271      2359296      2359296
        2304         1024          85.407      4718592      4718592
        2304         2048         169.912      9437184      9437184
        2304         4096         339.018     18874368     18874368
        2304         8192         676.985     37748736     37748736
        2304        16384        1352.941     75497472     75497472
        2496            1           0.871         4992         4992
        2496            2           0.924         9984         9984
        2496            4           1.117        19968        19968
        2496            8           1.634        39936        39936
        2496           16           2.234        79872        79872
        2496           32           3.845       159744       159744
        2496           64           6.710       319488       319488
        2496          128          12.842       638976       638976
        2496          256          24.663      1277952      1277952
        2496          512          48.736      2555904      2555904
        2496         1024          96.609      5111808      5111808
        2496         2048         192.356     10223616     10223616
        2496         4096         387.327     20447232     20447232
        2496         8192         767.002     40894464     40894464
        2496        16384        1532.519     81788928     81788928
        2688            1           0.838         5376         5376
        2688            2           1.054        10752        10752
        2688            4           1.124        21504        21504
        2688            8           1.650        43008        43008
        2688           16           2.294        86016        86016
        2688           32           3.873       172032       172032
        2688           64           7.136       344064       344064
        2688          128          13.458       688128       688128
        2688          256          25.922      1376256      1376256
        2688          512          51.123      2752512      2752512
        2688         1024         101.338      5505024      5505024
        2688         2048         201.835     11010048     11010048
        2688         4096         403.128     22020096     22020096
        2688         8192         808.293     44040192     44040192
        2688        16384        1609.227     88080384     88080384
        2944            1           0.856         5888         5888
        2944            2           1.157        11776        11776
        2944            4           1.313        23552        23552
        2944            8           1.586        47104        47104
        2944           16           2.442        94208        94208
        2944           32           4.349       188416       188416
        2944           64           7.600       376832       376832
        2944          128          14.699       753664       753664
        2944          256          28.466      1507328      1507328
        2944          512          55.988      3014656      3014656
        2944         1024         111.073      6029312      6029312
        2944         2048         220.946     12058624     12058624
        2944         4096         441.048     24117248     24117248
        2944         8192         881.095     48234496     48234496
        2944        16384        1765.163     96468992     96468992
        3200            1           0.880         6400         6400
        3200            2           0.973        12800        12800
        3200            4           1.213        25600        25600
        3200            8           1.769        51200        51200
        3200           16           2.602       102400       102400
        3200           32           4.521       204800       204800
        3200           64           8.383       409600       409600
        3200          128          15.835       819200       819200
        3200          256          30.873      1638400      1638400
        3200          512          60.626      3276800      3276800
        3200         1024         120.504      6553600      6553600
        3200         2048         240.002     13107200     13107200
        3200         4096         479.081     26214400     26214400
        3200         8192         957.566     52428800     52428800
        3200        16384        1916.406    104857600    104857600
        3520            1           0.910         7040         7040
        3520            2           1.128        14080        14080
        3520            4           1.374        28160        28160
        3520            8           1.768        56320        56320
        3520           16           2.806       112640       112640
        3520           32           5.030       225280       225280
        3520           64           9.108       450560       450560
        3520          128          17.500       901120       901120
        3520          256          34.441      1802240      1802240
        3520          512          67.786      3604480      3604480
        3520         1024         134.863      7208960      7208960
        3520         2048         268.664     14417920     14417920
        3520         4096         536.281     28835840     28835840
        3520         8192        1071.223     57671680     57671680
        3520        16384        2145.554    115343360    115343360
        3840            1           0.990         7680         7680
        3840            2           1.037        15360        15360
        3840            4           1.310        30720        30720
        3840            8           1.911        61440        61440
        3840           16           2.922       122880       122880
        3840           32           5.103       245760       245760
        3840           64           9.612       491520       491520
        3840          128          18.428       983040       983040
        3840          256          35.976      1966080      1966080
        3840          512          71.190      3932160      3932160
        3840         1024         141.263      7864320      7864320
        3840         2048         281.538     15728640     15728640
        3840         4096         562.143     31457280     31457280
        3840         8192        1123.501     62914560     62914560
        4224            1           0.926         8448         8448
        4224            2           1.076        16896        16896
        4224            4           1.371        33792        33792
        4224            8           2.008        67584        67584
        4224           16           3.249       135168       135168
        4224           32           5.775       270336       270336
        4224           64          10.839       540672       540672
        4224          128          20.971      1081344      1081344
        4224          256          41.284      2162688      2162688
        4224          512          84.914      4325376      4325376
        4224         1024         162.601      8650752      8650752
        4224         2048         324.328     17301504     17301504
        4224         4096         647.759     34603008     34603008
        4224         8192        1294.718     69206016     69206016
        4608            1           0.926         9216         9216
        4608            2           1.064        18432        18432
        4608            4           1.403        36864        36864
        4608            8           2.048        73728        73728
        4608           16           3.355       147456       147456
        4608           32           5.999       294912       294912
        4608           64          11.251       589824       589824
        4608          128          21.770      1179648      1179648
        4608          256          42.864      2359296      2359296
        4608          512          84.916      4718592      4718592
        4608         1024         169.053      9437184      9437184
        4608         2048         337.177     18874368     18874368
        4608         4096         673.559     37748736     37748736
        4608         8192        1417.076     75497472     75497472
        5056            1           0.961        10112        10112
        5056            2           1.161        20224        20224
        5056            4           1.516        40448        40448
        5056            8           2.404        80896        80896
        5056           16           3.805       161792       161792
        5056           32           6.678       323584       323584
        5056           64          12.880       647168       647168
        5056          128          24.618      1294336      1294336
        5056          256          48.772      2588672      2588672
        5056          512          97.219      5177344      5177344
        5056         1024         194.645     10354688     10354688
        5056         2048         389.571     20709376     20709376
        5056         4096         779.308     41418752     41418752
        5056         8192        1561.763     82837504     82837504
        5504            1           0.955        11008        11008
        5504            2           1.152        22016        22016
        5504            4           1.689        44032        44032
        5504            8           2.410        88064        88064
        5504           16           4.134       176128       176128
        5504           32           7.435       352256       352256
        5504           64          13.836       704512       704512
        5504          128          26.919      1409024      1409024
        5504          256          53.336      2818048      2818048
        5504          512         104.830      5636096      5636096
        5504         1024         210.613     11272192     11272192
        5504         2048         420.141     22544384     22544384
        5504         4096         839.389     45088768     45088768
        5504         8192        1677.631     90177536     90177536
        6016            1           1.350        12032        12032
        6016            2           1.399        24064        24064
        6016            4           1.718        48128        48128
        6016            8           2.508        96256        96256
        6016           16           4.313       192512       192512
        6016           32           7.870       385024       385024
        6016           64          15.011       770048       770048
        6016          128          29.280      1540096      1540096
        6016          256          57.939      3080192      3080192
        6016          512         118.228      6160384      6160384
        6016         1024         229.182     12320768     12320768
        6016         2048         457.544     24641536     24641536
        6016         4096         914.154     49283072     49283072
        6016         8192        1828.098     98566144     98566144
        6592            1           1.059        13184        13184
        6592            2           1.234        26368        26368
        6592            4           1.735        52736        52736
        6592            8           2.700       105472       105472
        6592           16           4.659       210944       210944
        6592           32           8.602       421888       421888
        6592           64          16.489       843776       843776
        6592          128          32.197      1687552      1687552
        6592          256          63.783      3375104      3375104
        6592          512         126.712      6750208      6750208
        6592         1024         255.950     13500416     13500416
        6592         2048         504.033     27000832     27000832
        6592         4096        1008.241     54001664     54001664
        6592         8192        2016.085    108003328    108003328
        7232            1           1.014        14464        14464
        7232            2           1.432        28928        28928
        7232            4           1.827        57856        57856
        7232            8           2.879       115712       115712
        7232           16           5.029       231424       231424
        7232           32           9.314       462848       462848
        7232           64          17.929       925696       925696
        7232          128          35.121      1851392      1851392
        7232          256          69.622      3702784      3702784
        7232          512         138.411      7405568      7405568
        7232         1024         279.265     14811136     14811136
        7232         2048         550.846     29622272     29622272
        7232         4096        1102.019     59244544     59244544
        7232         8192        2206.737    118489088    118489088
        7936            1           1.037        15872        15872
        7936            2           1.346        31744        31744
        7936            4           1.912        63488        63488
        7936            8           3.067       126976       126976
        7936           16           5.412       253952       253952
        7936           32          10.111       507904       507904
        7936           64          19.486      1015808      1015808
        7936          128          38.245      2031616      2031616
        7936          256          75.760      4063232      4063232
        7936          512         150.796      8126464      8126464
        7936         1024         300.771     16252928     16252928
        7936         2048         600.304     32505856     32505856
        7936         4096        1200.277     65011712     65011712
        8704            1           1.055        17408        17408
        8704            2           1.375        34816        34816
        8704            4           2.012        69632        69632
        8704            8           3.297       139264       139264
        8704           16           5.851       278528       278528
        8704           32          10.977       557056       557056
        8704           64          21.287      1114112      1114112
        8704          128          41.797      2228224      2228224
        8704          256          82.894      4456448      4456448
        8704          512         165.100      8912896      8912896
        8704         1024         329.240     17825792     17825792
        8704         2048         657.906     35651584     35651584
        8704         4096        1317.879     71303168     71303168
        9536            1           1.126        19072        19072
        9536            2           1.467        38144        38144
        9536            4           2.161        76288        76288
        9536            8           3.551       152576       152576
        9536           16           6.382       305152       305152
        9536           32          12.025       610304       610304
        9536           64          23.420      1220608      1220608
        9536          128          46.010      2441216      2441216
        9536          256          91.172      4882432      4882432
        9536          512         181.329      9764864      9764864
        9536         1024         361.793     19529728     19529728
        9536         2048         722.323     39059456     39059456
        9536         4096        1484.355     78118912     78118912
       10432            1           1.153        20864        20864
       10432            2           1.624        41728        41728
       10432            4           2.421        83456        83456
       10432            8           3.810       166912       166912
       10432           16           6.887       333824       333824
       10432           32          13.056       667648       667648
       10432           64          25.618      1335296      1335296
       10432          128          50.107      2670592      2670592
       10432          256          99.615      5341184      5341184
       10432          512         198.071     10682368     10682368
       10432         1024         395.581     21364736     21364736
       10432         2048         789.591     42729472     42729472
       10432         4096        1579.356     85458944     85458944
       11456            1           1.151        22912        22912
       11456            2           1.583        45824        45824
       11456            4           2.547        91648        91648
       11456            8           4.155       183296       183296
       11456           16           7.495       366592       366592
       11456           32          14.272       733184       733184
       11456           64          27.811      1466368      1466368
       11456          128          55.049      2932736      2932736
       11456          256         109.007      5865472      5865472
       11456          512         217.383     11730944     11730944
       11456         1024         446.043     23461888     23461888
       11456         2048         866.345     46923776     46923776
       11456         4096        1731.875     93847552     93847552
       12544            1           1.199        25088        25088
       12544            2           1.723        50176        50176
       12544            4           2.574       100352       100352
       12544            8           4.512       200704       200704
       12544           16           8.097       401408       401408
       12544           32          15.470       802816       802816
       12544           64          30.176      1605632      1605632
       12544          128          59.833      3211264      3211264
       12544          256         118.649      6422528      6422528
       12544          512         236.494     12845056     12845056
       12544         1024         472.217     25690112     25690112
       12544         2048         946.977     51380224     51380224
       12544         4096        1886.055    102760448    102760448
       13760            1           1.230        27520        27520
       13760            2           1.732        55040        55040
       13760            4           2.748       110080       110080
       13760            8           4.766       220160       220160
       13760           16           8.853       440320       440320
       13760           32          16.935       880640       880640
       13760           64          33.247      1761280      1761280
       13760          128          65.496      3522560      3522560
       13760          256         130.485      7045120      7045120
       13760          512         260.125     14090240     14090240
       13760         1024         519.283     28180480     28180480
       13760         2048        1041.217     56360960     56360960
       13760         4096        2074.690    112721920    112721920
       15104            1           1.301        30208        30208
       15104            2           1.841        60416        60416
       15104            4           2.936       120832       120832
       15104            8           5.299       241664       241664
       15104           16           9.569       483328       483328
       15104           32          18.434       966656       966656
       15104           64          36.176      1933312      1933312
       15104          128          71.670      3866624      3866624
       15104          256         142.562      7733248      7733248
       15104          512         284.174     15466496     15466496
       15104         1024         567.458     30932992     30932992
       15104         2048        1137.059     61865984     61865984
       15104         4096        2266.843    123731968    123731968
       16576            1           1.347        33152        33152
       16576            2           1.943        66304        66304
       16576            4           3.166       132608       132608
       16576            8           5.604       265216       265216
       16576           16          10.458       530432       530432
       16576           32          20.198      1060864      1060864
       16576           64          39.706      2121728      2121728
       16576          128          78.646      4243456      4243456
       16576          256         156.630      8486912      8486912
       16576          512         315.648     16973824     16973824
       16576         1024         623.986     33947648     33947648
       16576         2048        1247.028     67895296     67895296
       18176            1           1.406        36352        36352
       18176            2           2.075        72704        72704
       18176            4           3.391       145408       145408
       18176            8           6.059       290816       290816
       18176           16          11.382       581632       581632
       18176           32          21.995      1163264      1163264
       18176           64          43.257      2326528      2326528
       18176          128          85.854      4653056      4653056
       18176          256         171.030      9306112      9306112
       18176          512         341.266     18612224     18612224
       18176         1024         681.600     37224448     37224448
       18176         2048        1365.592     74448896     74448896
       19968            1           1.480        39936        39936
       19968            2           2.188        79872        79872
       19968            4           3.664       159744       159744
       19968            8           6.577       319488       319488
       19968           16          12.400       638976       638976
       19968           32          24.112      1277952      1277952
       19968           64          47.496      2555904      2555904
       19968          128          94.184      5111808      5111808
       19968          256         187.763     10223616     10223616
       19968          512         374.666     20447232     20447232
       19968         1024         748.230     40894464     40894464
       19968         2048        1495.753     81788928     81788928
       21952            1           1.666        43904        43904
       21952            2           2.429        87808        87808
       21952            4           4.123       175616       175616
       21952            8           7.179       351232       351232
       21952           16          13.596       702464       702464
       21952           32          26.620      1404928      1404928
       21952           64          52.277      2809856      2809856
       21952          128         103.598      5619712      5619712
       21952          256         209.982     11239424     11239424
       21952          512         412.618     22478848     22478848
       21952         1024         823.977     44957696     44957696
       21952         2048        1647.021     89915392     89915392
       24128            1           1.772        48256        48256
       24128            2           2.515        96512        96512
       24128            4           4.292       193024       193024
       24128            8           7.813       386048       386048
       24128           16          14.831       772096       772096
       24128           32          28.994      1544192      1544192
       24128           64          57.217      3088384      3088384
       24128          128         113.647      6176768      6176768
       24128          256         226.708     12353536     12353536
       24128          512         453.027     24707072     24707072
       24128         1024         937.650     49414144     49414144
       24128         2048        1808.320     98828288     98828288
       26496            1           1.721        52992        52992
       26496            2           2.668       105984       105984
       26496            4           4.767       211968       211968
       26496            8           8.613       423936       423936
       26496           16          16.293       847872       847872
       26496           32          31.685      1695744      1695744
       26496           64          62.568      3391488      3391488
       26496          128         124.696      6782976      6782976
       26496          256         248.402     13565952     13565952
       26496          512         496.161     27131904     27131904
       26496         1024         994.670     54263808     54263808
       26496         2048        1981.524    108527616    108527616
       29120            1           1.827        58240        58240
       29120            2           2.872       116480       116480
       29120            4           4.998       232960       232960
       29120            8           9.252       465920       465920
       29120           16          17.782       931840       931840
       29120           32          34.792      1863680      1863680
       29120           64          68.884      3727360      3727360
       29120          128         137.109      7454720      7454720
       29120          256         273.480     14909440     14909440
       29120          512         545.881     29818880     29818880
       29120         1024        1094.169     59637760     59637760
       29120         2048        2180.831    119275520    119275520
       32000            1           1.902        64000        64000
       32000            2           3.072       128000       128000
       32000            4           5.399       256000       256000
       32000            8          10.083       512000       512000
       32000           16          19.424      1024000      1024000
       32000           32          38.092      2048000      2048000
       32000           64          75.422      4096000      4096000
       32000          128         150.151      8192000      8192000
       32000          256         299.696     16384000     16384000
       32000          512         606.228     32768000     32768000
       32000         1024        1195.871     65536000     65536000
       35200            1           2.793        70400        70400
       35200            2           3.313       140800       140800
       35200            4           5.950       281600       281600
       35200            8          11.111       563200       563200
       35200           16          21.272      1126400      1126400
       35200           32          41.827      2252800      2252800
       35200           64          82.895      4505600      4505600
       35200          128         164.977      9011200      9011200
       35200          256         329.448     18022400     18022400
       35200          512         657.921     36044800     36044800
       35200         1024        1318.315     72089600     72089600
       38720            1           2.604        77440        77440
       38720            2           3.687       154880       154880
       38720            4           6.406       309760       309760
       38720            8          12.032       619520       619520
       38720           16          23.484      1239040      1239040
       38720           32          45.971      2478080      2478080
       38720           64          91.288      4956160      4956160
       38720          128         181.596      9912320      9912320
       38720          256         362.621     19824640     19824640
       38720          512         724.269     39649280     39649280
       38720         1024        1447.420     79298560     79298560
       42560            1           2.651        85120        85120
       42560            2           3.950       170240       170240
       42560            4           6.943       340480       340480
       42560            8          13.242       680960       680960
       42560           16          25.717      1361920      1361920
       42560           32          50.453      2723840      2723840
       42560           64         100.142      5447680      5447680
       42560          128         199.511     10895360     10895360
       42560          256         398.265     21790720     21790720
       42560          512         798.751     43581440     43581440
       42560         1024        1590.408     87162880     87162880
       46784            1           2.453        93568        93568
       46784            2           4.161       187136       187136
       46784            4           7.633       374272       374272
       46784            8          14.500       748544       748544
       46784           16          28.201      1497088      1497088
       46784           32          55.460      2994176      2994176
       46784           64         109.955      5988352      5988352
       46784          128         219.172     11976704     11976704
       46784          256         437.480     23953408     23953408
       46784          512         877.643     47906816     47906816
       46784         1024        1747.735     95813632     95813632
       51456            1           2.280       102912       102912
       51456            2           4.607       205824       205824
       51456            4           8.399       411648       411648
       51456            8          15.742       823296       823296
       51456           16          30.700      1646592      1646592
       51456           32          60.830      3293184      3293184
       51456           64         120.866      6586368      6586368
       51456          128         240.830     13172736     13172736
       51456          256         480.631     26345472     26345472
       51456          512         960.247     52690944     52690944
       51456         1024        1922.875    105381888    105381888
       56576            1           2.663       113152       113152
       56576            2           5.000       226304       226304
       56576            4           9.096       452608       452608
       56576            8          17.209       905216       905216
       56576           16          33.678      1810432      1810432
       56576           32          66.768      3620864      3620864
       56576           64         132.618      7241728      7241728
       56576          128         264.343     14483456     14483456
       56576          256         528.271     28966912     28966912
       56576          512        1055.696     57933824     57933824
       56576         1024        2117.073    115867648    115867648
       62208            1           2.846       124416       124416
       62208            2           5.261       248832       248832
       62208            4           9.802       497664       497664
       62208            8          18.848       995328       995328
       62208           16          36.965      1990656      1990656
       62208           32          73.232      3981312      3981312
       62208           64         145.657      7962624      7962624
       62208          128         290.572     15925248     15925248
       62208          256         580.653     31850496     31850496
       62208          512        1163.599     63700992     63700992
       68416            1           3.213       136832       136832
       68416            2           5.731       273664       273664
       68416            4          10.711       547328       547328
       68416            8          20.699      1094656      1094656
       68416           16          40.591      2189312      2189312
       68416           32          80.520      4378624      4378624
       68416           64         160.236      8757248      8757248
       68416          128         319.660     17514496     17514496
       68416          256         638.697     35028992     35028992
       68416          512        1276.375     70057984     70057984
       75200            1           3.316       150400       150400
       75200            2           6.365       300800       300800
       75200            4          11.698       601600       601600
       75200            8          22.639      1203200      1203200
       75200           16          44.562      2406400      2406400
       75200           32          88.381      4812800      4812800
       75200           64         176.117      9625600      9625600
       75200          128         351.154     19251200     19251200
       75200          256         705.011     38502400     38502400
       75200          512        1402.793     77004800     77004800
       82688            1           3.739       165376       165376
       82688            2           6.754       330752       330752
       82688            4          12.802       661504       661504
       82688            8          24.786      1323008      1323008
       82688           16          48.885      2646016      2646016
       82688           32          97.049      5292032      5292032
       82688           64         193.270     10584064     10584064
       82688          128         385.857     21168128     21168128
       82688          256         771.132     42336256     42336256
       82688          512        1544.723     84672512     84672512
       90944            1           3.909       181888       181888
       90944            2           7.391       363776       363776
       90944            4          13.992       727552       727552
       90944            8          27.210      1455104      1455104
       90944           16          53.687      2910208      2910208
       90944           32         106.668      5820416      5820416
       90944           64         212.629     11640832     11640832
       90944          128         424.396     23281664     23281664
       90944          256         848.318     46563328     46563328
       90944          512        1698.989     93126656     93126656
      100032            1           4.261       200064       200064
      100032            2           8.208       400128       400128
      100032            4          15.298       800256       800256
      100032            8          29.995      1600512      1600512
      100032           16          59.004      3201024      3201024
      100032           32         117.254      6402048      6402048
      100032           64         233.727     12804096     12804096
      100032          128         466.878     25608192     25608192
      100032          256         932.944     51216384     51216384
      100032          512        1864.677    102432768    102432768
      110016            1           4.927       220032       220032
      110016            2           8.760       440064       440064
      110016            4          16.742       880128       880128
      110016            8          36.042      1760256      1760256
      110016           16          64.783      3520512      3520512
      110016           32         128.882      7041024      7041024
      110016           64         256.896     14082048     14082048
      110016          128         513.217     28164096     28164096
      110016          256        1025.774     56328192     56328192
      110016          512        2054.166    112656384    112656384
      120960            1           5.173       241920       241920
      120960            2           9.554       483840       483840
      120960            4          18.353       967680       967680
      120960            8          35.960      1935360      1935360
      120960           16          71.125      3870720      3870720
      120960           32         141.480      7741440      7741440
      120960           64         282.315     15482880     15482880
      120960          128         563.862     30965760     30965760
      120960          256        1127.000     61931520     61931520
      120960          512        2256.228    123863040    123863040
      133056            1           7.002       266112       266112
      133056            2          10.622       532224       532224
      133056            4          20.123      1064448      1064448
      133056            8          39.510      2128896      2128896
      133056           16          78.374      4257792      4257792
      133056           32         155.659      8515584      8515584
      133056           64         310.743     17031168     17031168
      133056          128         620.294     34062336     34062336
      133056          256        1239.919     68124672     68124672
      146304            1           6.170       292608       292608
      146304            2          11.396       585216       585216
      146304            4          22.094      1170432      1170432
      146304            8          43.353      2340864      2340864
      146304           16          85.876      4681728      4681728
      146304           32         171.040      9363456      9363456
      146304           64         341.113     18726912     18726912
      146304          128         684.705     37453824     37453824
      146304          256        1362.636     74907648     74907648
      160896            1           6.915       321792       321792
      160896            2          12.463       643584       643584
      160896            4          24.184      1287168      1287168
      160896            8          47.548      2574336      2574336
      160896           16          94.376      5148672      5148672
      160896           32         188.003     10297344     10297344
      160896           64         375.080     20594688     20594688
      160896          128         749.558     41189376     41189376
      160896          256        1501.873     82378752     82378752
      176960            1           8.290       353920       353920
      176960            2          13.655       707840       707840
      176960            4          26.555      1415680      1415680
      176960            8          52.348      2831360      2831360
      176960           16         103.729      5662720      5662720
      176960           32         206.932     11325440     11325440
      176960           64         412.666     22650880     22650880
      176960          128         824.679     45301760     45301760
      176960          256        1651.874     90603520     90603520
      194624            1           8.227       389248       389248
      194624            2          14.963       778496       778496
      194624            4          29.117      1556992      1556992
      194624            8          57.807      3113984      3113984
      194624           16         114.020      6227968      6227968
      194624           32         227.319     12455936     12455936
      194624           64         453.631     24911872     24911872
      194624          128         906.664     49823744     49823744
      194624          256        1812.587     99647488     99647488
      214080            1           9.055       428160       428160
      214080            2          16.450       856320       856320
      214080            4          32.002      1712640      1712640
      214080            8          63.105      3425280      3425280
      214080           16         128.735      6850560      6850560
      214080           32         250.018     13701120     13701120
      214080           64         498.923     27402240     27402240
      214080          128         997.251     54804480     54804480
      214080          256        1993.402    109608960    109608960
      235456            1           9.907       470912       470912
      235456            2          18.085       941824       941824
      235456            4          35.202      1883648      1883648
      235456            8          69.397      3767296      3767296
      235456           16         141.444      7534592      7534592
      235456           32         274.851     15069184     15069184
      235456           64         549.084     30138368     30138368
      235456          128        1096.907     60276736     60276736
      235456          256        2196.414    120553472    120553472
      258944            1          10.965       517888       517888
      258944            2          19.957      1035776      1035776
      258944            4          38.721      2071552      2071552
      258944            8          76.379      4143104      4143104
      258944           16         151.647      8286208      8286208
      258944           32         302.456     16572416     16572416
      258944           64         603.455     33144832     33144832
      258944          128        1205.827     66289664     66289664
      284800            1          12.076       569600       569600
      284800            2          22.303      1139200      1139200
      284800            4          43.821      2278400      2278400
      284800            8          86.556      4556800      4556800
      284800           16         172.274      9113600      9113600
      284800           32         343.637     18227200     18227200
      284800           64         689.602     36454400     36454400
      284800          128        1371.821     72908800     72908800
      313280            1          13.347       626560       626560
      313280            2          24.629      1253120      1253120
      313280            4          48.441      2506240      2506240
      313280            8          96.111      5012480      5012480
      313280           16         191.668     10024960     10024960
      313280           32         382.720     20049920     20049920
      313280           64         764.549     40099840     40099840
      313280          128        1532.271     80199680     80199680
      344576            1          15.049       689152       689152
      344576            2          27.014      1378304      1378304
      344576            4          53.386      2756608      2756608
      344576            8         105.748      5513216      5513216
      344576           16         210.699     11026432     11026432
      344576           32         420.762     22052864     22052864
      344576           64         840.799     44105728     44105728
      344576          128        1680.529     88211456     88211456
      379008            1          15.990       758016       758016
      379008            2          29.620      1516032      1516032
      379008            4          58.455      3032064      3032064
      379008            8         119.026      6064128      6064128
      379008           16         231.818     12128256     12128256
      379008           32         462.631     24256512     24256512
      379008           64         924.368     48513024     48513024
      379008          128        1848.672     97026048     97026048
      416896            1          17.654       833792       833792
      416896            2          32.488      1667584      1667584
      416896            4          64.347      3335168      3335168
      416896            8         127.769      6670336      6670336
      416896           16         258.121     13340672     13340672
      416896           32         508.963     26681344     26681344
      416896           64        1017.050     53362688     53362688
      416896          128        2033.213    106725376    106725376
      458560            1          20.262       917120       917120
      458560            2          35.833      1834240      1834240
      458560            4          70.671      3668480      3668480
      458560            8         140.471      7336960      7336960
      458560           16         283.404     14673920     14673920
      458560           32         559.817     29347840     29347840
      458560           64        1118.599     58695680     58695680
      458560          128        2239.164    117391360    117391360
      504384            1          23.633      1008768      1008768
      504384            2          39.135      2017536      2017536
      504384            4          77.540      4035072      4035072
      504384            8         154.410      8070144      8070144
      504384           16         308.084     16140288     16140288
      504384           32         615.449     32280576     32280576
      504384           64        1230.207     64561152     64561152
      554816            1          24.595      1109632      1109632
      554816            2          42.985      2219264      2219264
      554816            4         107.016      4438528      4438528
      554816            8         169.921      8877056      8877056
      554816           16         338.772     17754112     17754112
      554816           32         677.063     35508224     35508224
      554816           64        1356.643     71016448     71016448
      610240            1          25.611      1220480      1220480
      610240            2          47.202      2440960      2440960
      610240            4          93.795      4881920      4881920
      610240            8         186.595      9763840      9763840
      610240           16         372.560     19527680     19527680
      610240           32         744.759     39055360     39055360
      610240           64        1491.551     78110720     78110720
      671232            1          28.097      1342464      1342464
      671232            2          51.807      2684928      2684928
      671232            4         102.997      5369856      5369856
      671232            8         205.165     10739712     10739712
      671232           16         409.853     21479424     21479424
      671232           32         818.567     42958848     42958848
      671232           64        1636.606     85917696     85917696
      738304            1          30.705      1476608      1476608
      738304            2          56.922      2953216      2953216
      738304            4         113.296      5906432      5906432
      738304            8         225.680     11812864     11812864
      738304           16         454.779     23625728     23625728
      738304           32         900.417     47251456     47251456
      738304           64        1800.047     94502912     94502912
      812096            1          33.406      1624192      1624192
      812096            2          62.408      3248384      3248384
      812096            4         124.317      6496768      6496768
      812096            8         248.079     12993536     12993536
      812096           16         498.741     25987072     25987072
      812096           32         991.048     51974144     51974144
      812096           64        1979.650    103948288    103948288
      893248            1          40.682      1786496      1786496
      893248            2          68.768      3572992      3572992
      893248            4         136.605      7145984      7145984
      893248            8         272.740     14291968     14291968
      893248           16         549.053     28583936     28583936
      893248           32        1089.327     57167872     57167872
      893248           64        2177.541    114335744    114335744
      982528            1          44.197      1965056      1965056
      982528            2          75.593      3930112      3930112
      982528            4         150.364      7860224      7860224
      982528            8         303.233     15720448     15720448
      982528           16         599.482     31440896     31440896
      982528           32        1197.826     62881792     62881792
     1080768            1          44.438      2161536      2161536
     1080768            2          83.056      4323072      4323072
     1080768            4         165.361      8646144      8646144
     1080768            8         330.028     17292288     17292288
     1080768           16         659.769     34584576     34584576
     1080768           32        1322.100     69169152     69169152
     1188800            1          53.261      2377600      2377600
     1188800            2          91.453      4755200      4755200
     1188800            4         181.778      9510400      9510400
     1188800            8         362.959     19020800     19020800
     1188800           16         725.487     38041600     38041600
     1188800           32        1449.751     76083200     76083200
     1307648            1          54.524      2615296      2615296
     1307648            2         100.402      5230592      5230592
     1307648            4         199.893     10461184     10461184
     1307648            8         412.240     20922368     20922368
     1307648           16         827.519     41844736     41844736
     1307648           32        1594.769     83689472     83689472
     1438400            1          63.335      2876800      2876800
     1438400            2         110.745      5753600      5753600
     1438400            4         220.477     11507200     11507200
     1438400            8         440.505     23014400     23014400
     1438400           16         886.071     46028800     46028800
     1438400           32        1760.278     92057600     92057600
     1582208            1          68.588      3164416      3164416
     1582208            2         121.961      6328832      6328832
     1582208            4         243.212     12657664     12657664
     1582208            8         485.116     25315328     25315328
     1582208           16         970.230     50630656     50630656
     1582208           32        1943.969    101261312    101261312
     1740416            1          76.845      3480832      3480832
     1740416            2         134.206      6961664      6961664
     1740416            4         267.666     13923328     13923328
     1740416            8         534.317     27846656     27846656
     1740416           16        1068.034     55693312     55693312
     1740416           32        2141.002    111386624    111386624
     1914432            1          84.725      3828864      3828864
     1914432            2         147.857      7657728      7657728
     1914432            4         294.704     15315456     15315456
     1914432            8         588.521     30630912     30630912
     1914432           16        1182.512     61261824     61261824
     1914432           32        2351.986    122523648    122523648
     2105856            1          87.654      4211712      4211712
     2105856            2         163.285      8423424      8423424
     2105856            4         324.261     16846848     16846848
     2105856            8         656.192     33693696     33693696
     2105856           16        1298.113     67387392     67387392
     2316416            1          96.293      4632832      4632832
     2316416            2         179.957      9265664      9265664
     2316416            4         357.182     18531328     18531328
     2316416            8         714.355     37062656     37062656
     2316416           16        1435.949     74125312     74125312
     2548032            1         106.865      5096064      5096064
     2548032            2         197.936     10192128     10192128
     2548032            4         394.242     20384256     20384256
     2548032            8         787.149     40768512     40768512
     2548032           16        1574.458     81537024     81537024
     2802816            1         117.211      5605632      5605632
     2802816            2         219.496     11211264     11211264
     2802816            4         434.836     22422528     22422528
     2802816            8         874.705     44845056     44845056
     2802816           16        1735.330     89690112     89690112
     3083072            1         128.433      6166144      6166144
     3083072            2         240.275     12332288     12332288
     3083072            4         478.979     24664576     24664576
     3083072            8         964.716     49329152     49329152
     3083072           16        1911.550     98658304     98658304
     3391360            1         143.569      6782720      6782720
     3391360            2         264.482     13565440     13565440
     3391360            4         528.832     27130880     27130880
     3391360            8        1061.578     54261760     54261760
     3391360           16        2103.905    108523520    108523520
     3730496            1         156.992      7460992      7460992
     3730496            2         292.124     14921984     14921984
     3730496            4         580.138     29843968     29843968
     3730496            8        1165.925     59687936     59687936
     3730496           16        2316.930    119375872    119375872
     4103488            1         172.608      8206976      8206976
     4103488            2         319.756     16413952     16413952
     4103488            4         646.755     32827904     32827904
     4103488            8        1274.229     65655808     65655808
     4513792            1         190.425      9027584      9027584
     4513792            2         351.605     18055168     18055168
     4513792            4         702.616     36110336     36110336
     4513792            8        1406.710     72220672     72220672
     4965120            1         208.224      9930240      9930240
     4965120            2         386.321     19860480     19860480
     4965120            4         772.817     39720960     39720960
     4965120            8        1540.957     79441920     79441920
     5461632            1         227.748     10923264     10923264
     5461632            2         426.057     21846528     21846528
     5461632            4         857.041     43693056     43693056
     5461632            8        1696.574     87386112     87386112
     6007744            1         251.777     12015488     12015488
     6007744            2         468.924     24030976     24030976
     6007744            4         935.020     48061952     48061952
     6007744            8        1874.379     96123904     96123904
     6608512            1         277.447     13217024     13217024
     6608512            2         513.886     26434048     26434048
     6608512            4        1028.836     52868096     52868096
     6608512            8        2058.512    105736192    105736192
     7269312            1         304.558     14538624     14538624
     7269312            2         566.595     29077248     29077248
     7269312            4        1130.272     58154496     58154496
     7269312            8        2265.107    116308992    116308992
     7996224            1         335.529     15992448     15992448
     7996224            2         620.981     31984896     31984896
     7996224            4        1248.376     63969792     63969792
     8795840            1         368.226     17591680     17591680
     8795840            2         685.754     35183360     35183360
     8795840            4        1365.658     70366720     70366720
     9675392            1         404.640     19350784     19350784
     9675392            2         752.778     38701568     38701568
     9675392            4        1509.747     77403136     77403136
    10642880            1         447.584     21285760     21285760
    10642880            2         826.233     42571520     42571520
    10642880            4        1659.699     85143040     85143040
    11707136            1         488.905     23414272     23414272
    11707136            2         911.273     46828544     46828544
    11707136            4        1817.851     93657088     93657088
    12877824            1         539.577     25755648     25755648
    12877824            2        1007.440     51511296     51511296
    12877824            4        2001.711    103022592    103022592
    14165568            1         596.631     28331136     28331136
    14165568            2        1111.636     56662272     56662272
    14165568            4        2203.004    113324544    113324544
    15582080            1         651.066     31164160     31164160
    15582080            2        1270.075     62328320     62328320
    15582080            4        2427.834    124656640    124656640
    17140288            1         718.518     34280576     34280576
    17140288            2        1363.889     68561152     68561152
    18854272            1         796.491     37708544     37708544
    18854272            2        1498.340     75417088     75417088
    20739648            1         907.353     41479296     41479296
    20739648            2        1722.849     82958592     82958592
    22813568            1        1005.135     45627136     45627136
    22813568            2        2071.341     91254272     91254272
    25094912            1        1208.827     50189824     50189824
    25094912            2        2660.741    100379648    100379648
    27604352            1        1523.273     55208704     55208704
    27604352            2        3520.324    110417408    110417408
    30364736            1        2045.491     60729472     60729472
    30364736            2        4475.495    121458944    121458944
    33401152            1        2405.750     66802304     66802304
    36741248            1        2883.568     73482496     73482496
    40415360            1        3193.357     80830720     80830720
    44456896            1        3567.795     88913792     88913792
    48902528            1        3934.416     97805056     97805056
    53792768            1        4364.533    107585536    107585536
    59172032            1        4789.280    118344064    118344064

META_DATA
MPI_PROCS      1
OPENMP_THREADS 8
FLOPS          16
ERT_VERSION  1.0.0
TIMESTAMP_DATA  1594852880.31
HOSTNAME  ('apollo-PowerEdge-R430', [], ['127.0.1.1'])
UNAME  ('Linux', 'apollo-PowerEdge-R430', '4.19.129-0419129-generic', '#202006220433 SMP Mon Jun 22 09:12:54 UTC 2020', 'x86_64', 'x86_64')
CONFIG  {'ERT_WORKING_SET_MIN': ['1'], 'ERT_CFLAGS': ['-O3'], 'ERT_CC': ['gcc'], 'ERT_MPI_CFLAGS': [], 'ERT_MPI_LDFLAGS': [], 'ERT_MEMORY_MAX': ['62497788'], 'ERT_PROCS_THREADS': ['8'], 'ERT_LDFLAGS': [], 'ERT_LDLIBS': [], 'ERT_SPEC_GBYTES_DRAM': ['1.0'], 'ERT_RUN': ['export', 'KMP_AFFINITY=scatter;', 'export', 'OMP_NUM_THREADS=ERT_OPENMP_THREADS;', 'ERT_CODE'], 'ERT_FLOPS': ['1,2,4,8,16'], 'ERT_OPENMP_CFLAGS': ['-fopenmp'], 'ERT_SPEC_GFLOPS': ['1.0'], 'ERT_MPI': ['False'], 'ERT_TRIALS_MIN': ['1'], 'ERT_DRIVER': ['driver1'], 'ERT_RESULTS': ['Results.x86'], 'ERT_OPENMP': ['True'], 'ERT_MPI_PROCS': ['1'], 'ERT_KERNEL': ['kernel1'], 'ERT_OPENMP_THREADS': ['1-32'], 'ERT_LD': ['gcc'], 'ERT_NUM_EXPERIMENTS': ['6'], 'ERT_OPENMP_LDFLAGS': ['-fopenmp'], 'ERT_ALIGN': ['32'], 'ERT_GNUPLOT': ['gnuplot']}
