          64            1           1.177          128          128
          64            2           0.776          256          256
          64            4           0.764          512          512
          64            8           0.852         1024         1024
          64           16           1.057         2048         2048
          64           32           1.427         4096         4096
          64           64           2.183         8192         8192
          64          128           3.677        16384        16384
          64          256           6.686        32768        32768
          64          512          12.701        65536        65536
          64         1024          24.745       131072       131072
          64         2048          60.991       262144       262144
          64         4096         111.492       524288       524288
          64         8192         222.210      1048576      1048576
          64        16384         443.646      2097152      2097152
          64        32768         886.535      4194304      4194304
          64        65536        1772.289      8388608      8388608
          64       131072        3547.156     16777216     16777216
          64       262144        6862.126     33554432     33554432
          64       524288       12337.241     67108864     67108864
         128            1           0.815          256          256
         128            2           0.782          512          512
         128            4           0.798         1024         1024
         128            8           1.055         2048         2048
         128           16           1.142         4096         4096
         128           32           1.664         8192         8192
         128           64           2.204        16384        16384
         128          128           3.719        32768        32768
         128          256           6.717        65536        65536
         128          512          12.862       131072       131072
         128         1024          24.830       262144       262144
         128         2048          48.998       524288       524288
         128         4096          97.202      1048576      1048576
         128         8192         193.420      2097152      2097152
         128        16384         385.813      4194304      4194304
         128        32768         775.540      8388608      8388608
         128        65536        1541.174     16777216     16777216
         128       131072        3087.269     33554432     33554432
         128       262144        6179.954     67108864     67108864
         192            1           0.868          384          384
         192            2           0.775          768          768
         192            4           0.792         1536         1536
         192            8           0.885         3072         3072
         192           16           1.081         6144         6144
         192           32           1.450        12288        12288
         192           64           2.202        24576        24576
         192          128           3.703        49152        49152
         192          256           6.725        98304        98304
         192          512          12.733       196608       196608
         192         1024          24.802       393216       393216
         192         2048          48.947       786432       786432
         192         4096          97.077      1572864      1572864
         192         8192         193.364      3145728      3145728
         192        16384         385.930      6291456      6291456
         192        32768         774.922     12582912     12582912
         192        65536        1541.250     25165824     25165824
         192       131072        3086.759     50331648     50331648
         192       262144        6211.797    100663296    100663296
         256            1           0.762          512          512
         256            2           0.788         1024         1024
         256            4           0.801         2048         2048
         256            8           0.902         4096         4096
         256           16           1.093         8192         8192
         256           32           1.453        16384        16384
         256           64           2.206        32768        32768
         256          128           3.712        65536        65536
         256          256           6.712       131072       131072
         256          512          12.736       262144       262144
         256         1024          24.798       524288       524288
         256         2048          48.878      1048576      1048576
         256         4096          97.080      2097152      2097152
         256         8192         193.360      4194304      4194304
         256        16384         391.654      8388608      8388608
         256        32768         771.055     16777216     16777216
         256        65536        1541.286     33554432     33554432
         256       131072        3084.408     67108864     67108864
         320            1           0.757          640          640
         320            2           0.779         1280         1280
         320            4           0.813         2560         2560
         320            8           0.899         5120         5120
         320           16           1.116        10240        10240
         320           32           1.455        20480        20480
         320           64           2.295        40960        40960
         320          128           3.791        81920        81920
         320          256           6.726       163840       163840
         320          512          12.779       327680       327680
         320         1024          24.790       655360       655360
         320         2048          49.094      1310720      1310720
         320         4096          97.271      2621440      2621440
         320         8192         193.486      5242880      5242880
         320        16384         386.013     10485760     10485760
         320        32768         771.170     20971520     20971520
         320        65536        1545.312     41943040     41943040
         320       131072        3081.869     83886080     83886080
         384            1           0.761          768          768
         384            2           0.797         1536         1536
         384            4           0.934         3072         3072
         384            8           0.904         6144         6144
         384           16           1.286        12288        12288
         384           32           1.466        24576        24576
         384           64           2.244        49152        49152
         384          128           3.722        98304        98304
         384          256           6.728       196608       196608
         384          512          12.865       393216       393216
         384         1024          25.006       786432       786432
         384         2048          48.972      1572864      1572864
         384         4096          97.182      3145728      3145728
         384         8192         203.197      6291456      6291456
         384        16384         385.944     12582912     12582912
         384        32768         771.069     25165824     25165824
         384        65536        1541.291     50331648     50331648
         384       131072        3085.287    100663296    100663296
         448            1           0.762          896          896
         448            2           0.781         1792         1792
         448            4           0.834         3584         3584
         448            8           0.915         7168         7168
         448           16           1.109        14336        14336
         448           32           1.478        28672        28672
         448           64           2.236        57344        57344
         448          128           3.762       114688       114688
         448          256           6.776       229376       229376
         448          512          12.828       458752       458752
         448         1024          24.939       917504       917504
         448         2048          49.174      1835008      1835008
         448         4096          97.538      3670016      3670016
         448         8192         194.475      7340032      7340032
         448        16384         387.850     14680064     14680064
         448        32768         774.656     29360128     29360128
         448        65536        1554.316     58720256     58720256
         448       131072        3099.644    117440512    117440512
         512            1           0.769         1024         1024
         512            2           0.909         2048         2048
         512            4           0.823         4096         4096
         512            8           0.911         8192         8192
         512           16           1.106        16384        16384
         512           32           1.473        32768        32768
         512           64           2.252        65536        65536
         512          128           3.848       131072       131072
         512          256           6.863       262144       262144
         512          512          12.885       524288       524288
         512         1024          25.090      1048576      1048576
         512         2048          49.514      2097152      2097152
         512         4096          97.929      4194304      4194304
         512         8192         194.906      8388608      8388608
         512        16384         388.819     16777216     16777216
         512        32768         776.707     33554432     33554432
         512        65536        1552.852     67108864     67108864
         576            1           0.758         1152         1152
         576            2           0.825         2304         2304
         576            4           0.833         4608         4608
         576            8           0.927         9216         9216
         576           16           1.126        18432        18432
         576           32           1.526        36864        36864
         576           64           2.517        73728        73728
         576          128           3.929       147456       147456
         576          256           7.326       294912       294912
         576          512          13.551       589824       589824
         576         1024          26.431      1179648      1179648
         576         2048          52.078      2359296      2359296
         576         4096         103.278      4718592      4718592
         576         8192         205.757      9437184      9437184
         576        16384         414.921     18874368     18874368
         576        32768         820.209     37748736     37748736
         576        65536        1640.130     75497472     75497472
         640            1           0.783         1280         1280
         640            2           0.798         2560         2560
         640            4           0.836         5120         5120
         640            8           0.928        10240        10240
         640           16           1.130        20480        20480
         640           32           1.743        40960        40960
         640           64           2.329        81920        81920
         640          128           3.912       163840       163840
         640          256           7.125       327680       327680
         640          512          13.641       655360       655360
         640         1024          26.498      1310720      1310720
         640         2048          52.175      2621440      2621440
         640         4096         103.140      5242880      5242880
         640         8192         205.365     10485760     10485760
         640        16384         410.055     20971520     20971520
         640        32768         821.988     41943040     41943040
         640        65536        1637.597     83886080     83886080
         704            1           0.774         1408         1408
         704            2           0.815         2816         2816
         704            4           0.844         5632         5632
         704            8           0.958        11264        11264
         704           16           1.175        22528        22528
         704           32           1.639        45056        45056
         704           64           2.542        90112        90112
         704          128           4.364       180224       180224
         704          256           8.013       360448       360448
         704          512          15.298       720896       720896
         704         1024          29.968      1441792      1441792
         704         2048          59.063      2883584      2883584
         704         4096         117.280      5767168      5767168
         704         8192         233.828     11534336     11534336
         704        16384         466.727     23068672     23068672
         704        32768         932.050     46137344     46137344
         704        65536        1868.636     92274688     92274688
         768            1           0.779         1536         1536
         768            2           0.800         3072         3072
         768            4           1.038         6144         6144
         768            8           1.084        12288        12288
         768           16           1.182        24576        24576
         768           32           1.821        49152        49152
         768           64           2.557        98304        98304
         768          128           4.315       196608       196608
         768          256           7.982       393216       393216
         768          512          15.162       786432       786432
         768         1024          29.402      1572864      1572864
         768         2048          58.238      3145728      3145728
         768         4096         115.603      6291456      6291456
         768         8192         230.268     12582912     12582912
         768        16384         459.818     25165824     25165824
         768        32768         918.564     50331648     50331648
         768        65536        1838.857    100663296    100663296
         832            1           0.787         1664         1664
         832            2           0.924         3328         3328
         832            4           0.872         6656         6656
         832            8           0.997        13312        13312
         832           16           1.298        26624        26624
         832           32           1.988        53248        53248
         832           64           2.846       106496       106496
         832          128           4.973       212992       212992
         832          256           9.304       425984       425984
         832          512          17.809       851968       851968
         832         1024          34.819      1703936      1703936
         832         2048          68.859      3407872      3407872
         832         4096         136.669      6815744      6815744
         832         8192         272.548     13631488     13631488
         832        16384         544.034     27262976     27262976
         832        32768        1087.305     54525952     54525952
         832        65536        2177.842    109051904    109051904
         896            1           0.834         1792         1792
         896            2           0.830         3584         3584
         896            4           0.870         7168         7168
         896            8           0.994        14336        14336
         896           16           1.257        28672        28672
         896           32           1.782        57344        57344
         896           64           2.849       114688       114688
         896          128           4.963       229376       229376
         896          256           9.187       458752       458752
         896          512          17.744       917504       917504
         896         1024          34.553      1835008      1835008
         896         2048          68.555      3670016      3670016
         896         4096         136.242      7340032      7340032
         896         8192         271.649     14680064     14680064
         896        16384         542.395     29360128     29360128
         896        32768        1086.439     58720256     58720256
         896        65536        2166.543    117440512    117440512
         960            1           0.901         1920         1920
         960            2           0.917         3840         3840
         960            4           0.885         7680         7680
         960            8           1.035        15360        15360
         960           16           1.334        30720        30720
         960           32           2.008        61440        61440
         960           64           3.129       122880       122880
         960          128           5.741       245760       245760
         960          256          10.387       491520       491520
         960          512          20.049       983040       983040
         960         1024          39.484      1966080      1966080
         960         2048          78.164      3932160      3932160
         960         4096         155.410      7864320      7864320
         960         8192         310.002     15728640     15728640
         960        16384         618.987     31457280     31457280
         960        32768        1241.107     62914560     62914560
        1024            1           0.778         2048         2048
        1024            2           0.817         4096         4096
        1024            4           0.891         8192         8192
        1024            8           1.024        16384        16384
        1024           16           1.323        32768        32768
        1024           32           1.913        65536        65536
        1024           64           3.094       131072       131072
        1024          128           5.468       262144       262144
        1024          256          10.239       524288       524288
        1024          512          19.726      1048576      1048576
        1024         1024          38.769      2097152      2097152
        1024         2048          76.728      4194304      4194304
        1024         4096         152.635      8388608      8388608
        1024         8192         304.406     16777216     16777216
        1024        16384         607.908     33554432     33554432
        1024        32768        1215.255     67108864     67108864
        1088            1           0.801         2176         2176
        1088            2           0.825         4352         4352
        1088            4           0.903         8704         8704
        1088            8           1.062        17408        17408
        1088           16           1.423        34816        34816
        1088           32           2.087        69632        69632
        1088           64           3.442       139264       139264
        1088          128           6.161       278528       278528
        1088          256          11.613       557056       557056
        1088          512          22.475      1114112      1114112
        1088         1024          44.320      2228224      2228224
        1088         2048          87.856      4456448      4456448
        1088         4096         174.848      8912896      8912896
        1088         8192         348.859     17825792     17825792
        1088        16384         700.011     35651584     35651584
        1088        32768        1393.138     71303168     71303168
        1152            1           0.768         2304         2304
        1152            2           0.822         4608         4608
        1152            4           0.917         9216         9216
        1152            8           1.070        18432        18432
        1152           16           1.407        36864        36864
        1152           32           2.078        73728        73728
        1152           64           3.444       147456       147456
        1152          128           6.155       294912       294912
        1152          256          11.589       589824       589824
        1152          512          22.538      1179648      1179648
        1152         1024          44.293      2359296      2359296
        1152         2048          87.616      4718592      4718592
        1152         4096         174.435      9437184      9437184
        1152         8192         347.843     18874368     18874368
        1152        16384         694.727     37748736     37748736
        1152        32768        1392.968     75497472     75497472
        1216            1           0.792         2432         2432
        1216            2           0.854         4864         4864
        1216            4           0.930         9728         9728
        1216            8           1.103        19456        19456
        1216           16           1.480        38912        38912
        1216           32           2.241        77824        77824
        1216           64           3.737       155648       155648
        1216          128           6.764       311296       311296
        1216          256          12.793       622592       622592
        1216          512          24.899      1245184      1245184
        1216         1024          48.952      2490368      2490368
        1216         2048          97.075      4980736      4980736
        1216         4096         193.374      9961472      9961472
        1216         8192         385.905     19922944     19922944
        1216        16384         771.119     39845888     39845888
        1216        32768        1541.423     79691776     79691776
        1280            1           0.779         2560         2560
        1280            2           1.003         5120         5120
        1280            4           0.927        10240        10240
        1280            8           1.112        20480        20480
        1280           16           1.476        40960        40960
        1280           32           2.202        81920        81920
        1280           64           3.790       163840       163840
        1280          128           6.642       327680       327680
        1280          256          12.562       655360       655360
        1280          512          24.507      1310720      1310720
        1280         1024          48.102      2621440      2621440
        1280         2048          95.379      5242880      5242880
        1280         4096         190.011     10485760     10485760
        1280         8192         379.408     20971520     20971520
        1280        16384         757.568     41943040     41943040
        1280        32768        1514.402     83886080     83886080
        1408            1           0.781         2816         2816
        1408            2           0.896         5632         5632
        1408            4           1.042        11264        11264
        1408            8           1.321        22528        22528
        1408           16           1.559        45056        45056
        1408           32           2.573        90112        90112
        1408           64           4.024       180224       180224
        1408          128           7.334       360448       360448
        1408          256          13.991       720896       720896
        1408          512          27.163      1441792      1441792
        1408         1024          53.747      2883584      2883584
        1408         2048         106.704      5767168      5767168
        1408         4096         212.411     11534336     11534336
        1408         8192         424.011     23068672     23068672
        1408        16384         850.314     46137344     46137344
        1408        32768        1693.438     92274688     92274688
        1536            1           0.816         3072         3072
        1536            2           0.863         6144         6144
        1536            4           0.947        12288        12288
        1536            8           1.180        24576        24576
        1536           16           1.619        49152        49152
        1536           32           2.502        98304        98304
        1536           64           4.275       196608       196608
        1536          128           7.828       393216       393216
        1536          256          14.911       786432       786432
        1536          512          29.045      1572864      1572864
        1536         1024          57.485      3145728      3145728
        1536         2048         114.158      6291456      6291456
        1536         4096         227.439     12582912     12582912
        1536         8192         453.710     25165824     25165824
        1536        16384         932.892     50331648     50331648
        1536        32768        1823.369    100663296    100663296
        1664            1           0.792         3328         3328
        1664            2           0.930         6656         6656
        1664            4           0.994        13312        13312
        1664            8           1.357        26624        26624
        1664           16           1.695        53248        53248
        1664           32           2.817       106496       106496
        1664           64           4.624       212992       212992
        1664          128           8.542       425984       425984
        1664          256          16.356       851968       851968
        1664          512          32.142      1703936      1703936
        1664         1024          63.313      3407872      3407872
        1664         2048         125.869      6815744      6815744
        1664         4096         250.556     13631488     13631488
        1664         8192         500.305     27262976     27262976
        1664        16384        1002.491     54525952     54525952
        1664        32768        1998.873    109051904    109051904
        1792            1           0.802         3584         3584
        1792            2           0.872         7168         7168
        1792            4           1.154        14336        14336
        1792            8           1.243        28672        28672
        1792           16           1.895        57344        57344
        1792           32           2.851       114688       114688
        1792           64           4.858       229376       229376
        1792          128           9.078       458752       458752
        1792          256          17.213       917504       917504
        1792          512          33.679      1835008      1835008
        1792         1024          66.771      3670016      3670016
        1792         2048         132.635      7340032      7340032
        1792         4096         264.745     14680064     14680064
        1792         8192         528.191     29360128     29360128
        1792        16384        1058.456     58720256     58720256
        1792        32768        2110.262    117440512    117440512
        1920            1           0.799         3840         3840
        1920            2           1.111         7680         7680
        1920            4           1.035        15360        15360
        1920            8           1.374        30720        30720
        1920           16           1.851        61440        61440
        1920           32           3.178       122880       122880
        1920           64           5.224       245760       245760
        1920          128           9.847       491520       491520
        1920          256          18.795       983040       983040
        1920          512          36.834      1966080      1966080
        1920         1024          72.802      3932160      3932160
        1920         2048         144.769      7864320      7864320
        1920         4096         288.863     15728640     15728640
        1920         8192         576.412     31457280     31457280
        1920        16384        1154.703     62914560     62914560
        2112            1           0.835         4224         4224
        2112            2           1.011         8448         8448
        2112            4           1.063        16896        16896
        2112            8           1.369        33792        33792
        2112           16           2.008        67584        67584
        2112           32           3.388       135168       135168
        2112           64           5.907       270336       270336
        2112          128          11.110       540672       540672
        2112          256          21.167      1081344      1081344
        2112          512          41.613      2162688      2162688
        2112         1024          82.392      4325376      4325376
        2112         2048         164.096      8650752      8650752
        2112         4096         327.116     17301504     17301504
        2112         8192         653.498     34603008     34603008
        2112        16384        1305.992     69206016     69206016
        2304            1           0.874         4608         4608
        2304            2           1.013         9216         9216
        2304            4           1.176        18432        18432
        2304            8           1.392        36864        36864
        2304           16           2.064        73728        73728
        2304           32           3.441       147456       147456
        2304           64           6.169       294912       294912
        2304          128          11.450       589824       589824
        2304          256          22.040      1179648      1179648
        2304          512          43.186      2359296      2359296
        2304         1024          85.346      4718592      4718592
        2304         2048         169.900      9437184      9437184
        2304         4096         341.510     18874368     18874368
        2304         8192         676.918     37748736     37748736
        2304        16384        1353.101     75497472     75497472
        2496            1           0.846         4992         4992
        2496            2           0.954         9984         9984
        2496            4           1.137        19968        19968
        2496            8           1.478        39936        39936
        2496           16           2.213        79872        79872
        2496           32           3.707       159744       159744
        2496           64           6.731       319488       319488
        2496          128          12.707       638976       638976
        2496          256          24.547      1277952      1277952
        2496          512          49.696      2555904      2555904
        2496         1024          98.951      5111808      5111808
        2496         2048         198.135     10223616     10223616
        2496         4096         396.698     20447232     20447232
        2496         8192         793.019     40894464     40894464
        2496        16384        1540.004     81788928     81788928
        2688            1           0.945         5376         5376
        2688            2           0.957        10752        10752
        2688            4           1.135        21504        21504
        2688            8           1.520        43008        43008
        2688           16           2.303        86016        86016
        2688           32           3.855       172032       172032
        2688           64           7.040       344064       344064
        2688          128          13.329       688128       688128
        2688          256          25.895      1376256      1376256
        2688          512          51.112      2752512      2752512
        2688         1024         101.348      5505024      5505024
        2688         2048         201.919     11010048     11010048
        2688         4096         402.886     22020096     22020096
        2688         8192         805.019     44040192     44040192
        2688        16384        1611.867     88080384     88080384
        2944            1           0.841         5888         5888
        2944            2           0.953        11776        11776
        2944            4           1.171        23552        23552
        2944            8           1.592        47104        47104
        2944           16           2.443        94208        94208
        2944           32           4.162       188416       188416
        2944           64           7.694       376832       376832
        2944          128          14.560       753664       753664
        2944          256          28.360      1507328      1507328
        2944          512          55.851      3014656      3014656
        2944         1024         111.105      6029312      6029312
        2944         2048         221.011     12058624     12058624
        2944         4096         440.923     24117248     24117248
        2944         8192         881.150     48234496     48234496
        2944        16384        1764.090     96468992     96468992
        3200            1           0.951         6400         6400
        3200            2           0.965        12800        12800
        3200            4           1.190        25600        25600
        3200            8           1.652        51200        51200
        3200           16           2.577       102400       102400
        3200           32           4.447       204800       204800
        3200           64           8.185       409600       409600
        3200          128          15.676       819200       819200
        3200          256          30.636      1638400      1638400
        3200          512          60.643      3276800      3276800
        3200         1024         120.463      6553600      6553600
        3200         2048         239.992     13107200     13107200
        3200         4096         479.177     26214400     26214400
        3200         8192         957.380     52428800     52428800
        3200        16384        1916.706    104857600    104857600
        3520            1           0.880         7040         7040
        3520            2           1.005        14080        14080
        3520            4           1.247        28160        28160
        3520            8           1.761        56320        56320
        3520           16           2.808       112640       112640
        3520           32           4.914       225280       225280
        3520           64           9.101       450560       450560
        3520          128          17.446       901120       901120
        3520          256          34.204      1802240      1802240
        3520          512          67.720      3604480      3604480
        3520         1024         134.620      7208960      7208960
        3520         2048         268.484     14417920     14417920
        3520         4096         536.126     28835840     28835840
        3520         8192        1071.500     57671680     57671680
        3520        16384        2145.419    115343360    115343360
        3840            1           0.883         7680         7680
        3840            2           1.024        15360        15360
        3840            4           1.303        30720        30720
        3840            8           1.837        61440        61440
        3840           16           2.910       122880       122880
        3840           32           5.119       245760       245760
        3840           64           9.500       491520       491520
        3840          128          18.268       983040       983040
        3840          256          35.805      1966080      1966080
        3840          512          71.012      3932160      3932160
        3840         1024         141.143      7864320      7864320
        3840         2048         281.496     15728640     15728640
        3840         4096         561.974     31457280     31457280
        3840         8192        1123.288     62914560     62914560
        4224            1           0.884         8448         8448
        4224            2           1.058        16896        16896
        4224            4           1.354        33792        33792
        4224            8           1.995        67584        67584
        4224           16           3.275       135168       135168
        4224           32           5.767       270336       270336
        4224           64          10.848       540672       540672
        4224          128          20.926      1081344      1081344
        4224          256          41.278      2162688      2162688
        4224          512          81.689      4325376      4325376
        4224         1024         162.587      8650752      8650752
        4224         2048         324.479     17301504     17301504
        4224         4096         650.372     34603008     34603008
        4224         8192        1294.776     69206016     69206016
        4608            1           0.907         9216         9216
        4608            2           1.082        18432        18432
        4608            4           1.429        36864        36864
        4608            8           2.089        73728        73728
        4608           16           3.464       147456       147456
        4608           32           6.214       294912       294912
        4608           64          11.264       589824       589824
        4608          128          21.774      1179648      1179648
        4608          256          44.013      2359296      2359296
        4608          512          88.087      4718592      4718592
        4608         1024         176.073      9437184      9437184
        4608         2048         351.802     18874368     18874368
        4608         4096         704.290     37748736     37748736
        4608         8192        1411.701     75497472     75497472
        5056            1           0.924        10112        10112
        5056            2           1.140        20224        20224
        5056            4           1.517        40448        40448
        5056            8           2.244        80896        80896
        5056           16           3.756       161792       161792
        5056           32           6.800       323584       323584
        5056           64          12.902       647168       647168
        5056          128          25.083      1294336      1294336
        5056          256          49.478      2588672      2588672
        5056          512          97.153      5177344      5177344
        5056         1024         194.477     10354688     10354688
        5056         2048         389.075     20709376     20709376
        5056         4096         778.409     41418752     41418752
        5056         8192        1557.537     82837504     82837504
        5504            1           0.935        11008        11008
        5504            2           1.157        22016        22016
        5504            4           1.556        44032        44032
        5504            8           2.370        88064        88064
        5504           16           3.983       176128       176128
        5504           32           7.270       352256       352256
        5504           64          13.846       704512       704512
        5504          128          26.941      1409024      1409024
        5504          256          53.220      2818048      2818048
        5504          512         104.702      5636096      5636096
        5504         1024         210.468     11272192     11272192
        5504         2048         422.529     22544384     22544384
        5504         4096         839.251     45088768     45088768
        5504         8192        1677.532     90177536     90177536
        6016            1           1.027        12032        12032
        6016            2           1.271        24064        24064
        6016            4           1.631        48128        48128
        6016            8           2.731        96256        96256
        6016           16           4.310       192512       192512
        6016           32           7.875       385024       385024
        6016           64          14.989       770048       770048
        6016          128          29.357      1540096      1540096
        6016          256          57.974      3080192      3080192
        6016          512         115.089      6160384      6160384
        6016         1024         229.248     12320768     12320768
        6016         2048         457.429     24641536     24641536
        6016         4096         916.703     49283072     49283072
        6016         8192        1827.956     98566144     98566144
        6592            1           1.047        13184        13184
        6592            2           1.238        26368        26368
        6592            4           1.730        52736        52736
        6592            8           2.691       105472       105472
        6592           16           4.667       210944       210944
        6592           32           8.608       421888       421888
        6592           64          16.579       843776       843776
        6592          128          32.252      1687552      1687552
        6592          256          63.879      3375104      3375104
        6592          512         126.878      6750208      6750208
        6592         1024         252.699     13500416     13500416
        6592         2048         504.431     27000832     27000832
        6592         4096        1024.151     54001664     54001664
        6592         8192        2025.838    108003328    108003328
        7232            1           0.998        14464        14464
        7232            2           1.260        28928        28928
        7232            4           1.800        57856        57856
        7232            8           2.876       115712       115712
        7232           16           5.031       231424       231424
        7232           32           9.312       462848       462848
        7232           64          17.941       925696       925696
        7232          128          35.117      1851392      1851392
        7232          256          69.676      3702784      3702784
        7232          512         138.441      7405568      7405568
        7232         1024         275.975     14811136     14811136
        7232         2048         551.275     29622272     29622272
        7232         4096        1104.362     59244544     59244544
        7232         8192        2202.527    118489088    118489088
        7936            1           1.034        15872        15872
        7936            2           1.337        31744        31744
        7936            4           1.905        63488        63488
        7936            8           3.071       126976       126976
        7936           16           5.400       253952       253952
        7936           32          10.098       507904       507904
        7936           64          19.523      1015808      1015808
        7936          128          38.233      2031616      2031616
        7936          256          75.833      4063232      4063232
        7936          512         150.855      8126464      8126464
        7936         1024         300.739     16252928     16252928
        7936         2048         603.217     32505856     32505856
        7936         4096        1200.341     65011712     65011712
        8704            1           1.046        17408        17408
        8704            2           1.369        34816        34816
        8704            4           2.067        69632        69632
        8704            8           3.444       139264       139264
        8704           16           5.862       278528       278528
        8704           32          11.086       557056       557056
        8704           64          21.456      1114112      1114112
        8704          128          41.804      2228224      2228224
        8704          256          82.968      4456448      4456448
        8704          512         165.028      8912896      8912896
        8704         1024         329.400     17825792     17825792
        8704         2048         658.018     35651584     35651584
        8704         4096        1317.425     71303168     71303168
        9536            1           1.116        19072        19072
        9536            2           1.454        38144        38144
        9536            4           2.170        76288        76288
        9536            8           3.564       152576       152576
        9536           16           6.374       305152       305152
        9536           32          12.024       610304       610304
        9536           64          23.306      1220608      1220608
        9536          128          45.839      2441216      2441216
        9536          256          91.021      4882432      4882432
        9536          512         181.244      9764864      9764864
        9536         1024         361.693     19529728     19529728
        9536         2048         722.677     39059456     39059456
        9536         4096        1444.280     78118912     78118912
       10432            1           1.123        20864        20864
       10432            2           1.513        41728        41728
       10432            4           2.281        83456        83456
       10432            8           3.805       166912       166912
       10432           16           6.908       333824       333824
       10432           32          13.068       667648       667648
       10432           64          25.443      1335296      1335296
       10432          128          50.065      2670592      2670592
       10432          256          99.451      5341184      5341184
       10432          512         198.057     10682368     10682368
       10432         1024         395.431     21364736     21364736
       10432         2048         792.678     42729472     42729472
       10432         4096        1579.218     85458944     85458944
       11456            1           1.233        22912        22912
       11456            2           1.662        45824        45824
       11456            4           2.500        91648        91648
       11456            8           4.100       183296       183296
       11456           16           7.609       366592       366592
       11456           32          14.324       733184       733184
       11456           64          27.838      1466368      1466368
       11456          128          54.844      2932736      2932736
       11456          256         109.004      5865472      5865472
       11456          512         217.265     11730944     11730944
       11456         1024         433.602     23461888     23461888
       11456         2048         866.511     46923776     46923776
       11456         4096        1734.421     93847552     93847552
       12544            1           1.195        25088        25088
       12544            2           1.670        50176        50176
       12544            4           2.585       100352       100352
       12544            8           4.412       200704       200704
       12544           16           8.122       401408       401408
       12544           32          15.458       802816       802816
       12544           64          30.212      1605632      1605632
       12544          128          59.668      3211264      3211264
       12544          256         118.642      6422528      6422528
       12544          512         236.484     12845056     12845056
       12544         1024         472.147     25690112     25690112
       12544         2048         943.708     51380224     51380224
       12544         4096        1888.264    102760448    102760448
       13760            1           1.315        27520        27520
       13760            2           1.747        55040        55040
       13760            4           2.760       110080       110080
       13760            8           4.788       220160       220160
       13760           16           8.837       440320       440320
       13760           32          16.975       880640       880640
       13760           64          33.156      1761280      1761280
       13760          128          65.583      3522560      3522560
       13760          256         130.421      7045120      7045120
       13760          512         260.083     14090240     14090240
       13760         1024         519.349     28180480     28180480
       13760         2048        1037.498     56360960     56360960
       13760         4096        2077.512    112721920    112721920
       15104            1           1.373        30208        30208
       15104            2           1.867        60416        60416
       15104            4           2.961       120832       120832
       15104            8           5.206       241664       241664
       15104           16           9.658       483328       483328
       15104           32          18.537       966656       966656
       15104           64          36.155      1933312      1933312
       15104          128          71.639      3866624      3866624
       15104          256         142.512      7733248      7733248
       15104          512         284.340     15466496     15466496
       15104         1024         567.449     30932992     30932992
       15104         2048        1133.988     61865984     61865984
       15104         4096        2269.409    123731968    123731968
       16576            1           1.351        33152        33152
       16576            2           2.115        66304        66304
       16576            4           3.160       132608       132608
       16576            8           5.603       265216       265216
       16576           16          10.578       530432       530432
       16576           32          20.349      1060864      1060864
       16576           64          39.899      2121728      2121728
       16576          128          78.787      4243456      4243456
       16576          256         156.712      8486912      8486912
       16576          512         312.485     16973824     16973824
       16576         1024         624.040     33947648     33947648
       16576         2048        1250.006     67895296     67895296
       18176            1           1.411        36352        36352
       18176            2           2.060        72704        72704
       18176            4           3.383       145408       145408
       18176            8           6.130       290816       290816
       18176           16          11.547       581632       581632
       18176           32          22.034      1163264      1163264
       18176           64          43.447      2326528      2326528
       18176          128          86.032      4653056      4653056
       18176          256         171.082      9306112      9306112
       18176          512         341.356     18612224     18612224
       18176         1024         681.630     37224448     37224448
       18176         2048        1362.294     74448896     74448896
       19968            1           1.504        39936        39936
       19968            2           2.321        79872        79872
       19968            4           3.655       159744       159744
       19968            8           6.575       319488       319488
       19968           16          12.587       638976       638976
       19968           32          24.067      1277952      1277952
       19968           64          47.548      2555904      2555904
       19968          128          94.214      5111808      5111808
       19968          256         187.819     10223616     10223616
       19968          512         379.825     20447232     20447232
       19968         1024         748.396     40894464     40894464
       19968         2048        1496.029     81788928     81788928
       21952            1           1.544        43904        43904
       21952            2           2.342        87808        87808
       21952            4           3.937       175616       175616
       21952            8           7.193       351232       351232
       21952           16          13.609       702464       702464
       21952           32          26.456      1404928      1404928
       21952           64          52.188      2809856      2809856
       21952          128         103.774      5619712      5619712
       21952          256         206.719     11239424     11239424
       21952          512         412.442     22478848     22478848
       21952         1024         827.593     44957696     44957696
       21952         2048        1647.351     89915392     89915392
       24128            1           1.616        48256        48256
       24128            2           2.500        96512        96512
       24128            4           4.273       193024       193024
       24128            8           7.789       386048       386048
       24128           16          14.847       772096       772096
       24128           32          28.971      1544192      1544192
       24128           64          57.205      3088384      3088384
       24128          128         113.653      6176768      6176768
       24128          256         226.584     12353536     12353536
       24128          512         452.229     24707072     24707072
       24128         1024         904.373     49414144     49414144
       24128         2048        1812.059     98828288     98828288
       26496            1           1.707        52992        52992
       26496            2           2.678       105984       105984
       26496            4           4.723       211968       211968
       26496            8           8.458       423936       423936
       26496           16          16.235       847872       847872
       26496           32          31.730      1695744      1695744
       26496           64          62.639      3391488      3391488
       26496          128         124.578      6782976      6782976
       26496          256         248.402     13565952     13565952
       26496          512         495.947     27131904     27131904
       26496         1024         991.259     54263808     54263808
       26496         2048        1983.228    108527616    108527616
       29120            1           2.002        58240        58240
       29120            2           3.038       116480       116480
       29120            4           4.992       232960       232960
       29120            8           9.448       465920       465920
       29120           16          17.759       931840       931840
       29120           32          34.782      1863680      1863680
       29120           64          68.895      3727360      3727360
       29120          128         137.096      7454720      7454720
       29120          256         273.305     14909440     14909440
       29120          512         545.775     29818880     29818880
       29120         1024        1090.861     59637760     59637760
       29120         2048        2183.135    119275520    119275520
       32000            1           2.005        64000        64000
       32000            2           3.151       128000       128000
       32000            4           5.412       256000       256000
       32000            8          10.122       512000       512000
       32000           16          19.498      1024000      1024000
       32000           32          38.196      2048000      2048000
       32000           64          75.388      4096000      4096000
       32000          128         150.148      8192000      8192000
       32000          256         299.864     16384000     16384000
       32000          512         598.420     32768000     32768000
       32000         1024        1209.196     65536000     65536000
       35200            1           2.623        70400        70400
       35200            2           3.451       140800       140800
       35200            4           5.979       281600       281600
       35200            8          11.165       563200       563200
       35200           16          21.306      1126400      1126400
       35200           32          41.812      2252800      2252800
       35200           64          82.890      4505600      4505600
       35200          128         165.210      9011200      9011200
       35200          256         329.526     18022400     18022400
       35200          512         657.690     36044800     36044800
       35200         1024        1314.597     72089600     72089600
       38720            1           2.239        77440        77440
       38720            2           3.573       154880       154880
       38720            4           6.404       309760       309760
       38720            8          12.035       619520       619520
       38720           16          23.364      1239040      1239040
       38720           32          45.976      2478080      2478080
       38720           64          91.190      4956160      4956160
       38720          128         181.566      9912320      9912320
       38720          256         362.574     19824640     19824640
       38720          512         726.513     39649280     39649280
       38720         1024        1447.541     79298560     79298560
       42560            1           2.493        85120        85120
       42560            2           3.841       170240       170240
       42560            4           6.953       340480       340480
       42560            8          13.142       680960       680960
       42560           16          25.588      1361920      1361920
       42560           32          50.397      2723840      2723840
       42560           64         100.076      5447680      5447680
       42560          128         199.392     10895360     10895360
       42560          256         398.201     21790720     21790720
       42560          512         795.735     43581440     43581440
       42560         1024        1594.088     87162880     87162880
       46784            1           2.460        93568        93568
       46784            2           4.266       187136       187136
       46784            4           7.569       374272       374272
       46784            8          14.514       748544       748544
       46784           16          28.249      1497088      1497088
       46784           32          55.357      2994176      2994176
       46784           64         109.972      5988352      5988352
       46784          128         219.159     11976704     11976704
       46784          256         437.580     23953408     23953408
       46784          512         874.522     47906816     47906816
       46784         1024        1750.678     95813632     95813632
       51456            1           2.270       102912       102912
       51456            2           4.488       205824       205824
       51456            4           8.227       411648       411648
       51456            8          15.835       823296       823296
       51456           16          30.751      1646592      1646592
       51456           32          60.825      3293184      3293184
       51456           64         120.812      6586368      6586368
       51456          128         240.693     13172736     13172736
       51456          256         480.647     26345472     26345472
       51456          512         960.407     52690944     52690944
       51456         1024        1922.277    105381888    105381888
       56576            1           2.803       113152       113152
       56576            2           4.858       226304       226304
       56576            4           8.961       452608       452608
       56576            8          17.436       905216       905216
       56576           16          33.800      1810432      1810432
       56576           32          66.665      3620864      3620864
       56576           64         132.621      7241728      7241728
       56576          128         264.428     14483456     14483456
       56576          256         528.437     28966912     28966912
       56576          512        1055.524     57933824     57933824
       56576         1024        2112.947    115867648    115867648
       62208            1           3.009       124416       124416
       62208            2           5.271       248832       248832
       62208            4           9.803       497664       497664
       62208            8          18.858       995328       995328
       62208           16          36.958      1990656      1990656
       62208           32          73.153      3981312      3981312
       62208           64         145.668      7962624      7962624
       62208          128         290.651     15925248     15925248
       62208          256         580.620     31850496     31850496
       62208          512        1160.443     63700992     63700992
       68416            1           3.461       136832       136832
       68416            2           5.722       273664       273664
       68416            4          10.793       547328       547328
       68416            8          20.788      1094656      1094656
       68416           16          40.736      2189312      2189312
       68416           32          80.477      4378624      4378624
       68416           64         160.228      8757248      8757248
       68416          128         319.776     17514496     17514496
       68416          256         641.139     35028992     35028992
       68416          512        1276.487     70057984     70057984
       75200            1           3.947       150400       150400
       75200            2           6.207       300800       300800
       75200            4          11.689       601600       601600
       75200            8          22.662      1203200      1203200
       75200           16          44.543      2406400      2406400
       75200           32          88.332      4812800      4812800
       75200           64         176.025      9625600      9625600
       75200          128         351.310     19251200     19251200
       75200          256         701.711     38502400     38502400
       75200          512        1405.387     77004800     77004800
       82688            1           3.667       165376       165376
       82688            2           6.751       330752       330752
       82688            4          12.776       661504       661504
       82688            8          24.804      1323008      1323008
       82688           16          48.858      2646016      2646016
       82688           32          97.025      5292032      5292032
       82688           64         193.377     10584064     10584064
       82688          128         385.755     21168128     21168128
       82688          256         771.076     42336256     42336256
       82688          512        1541.167     84672512     84672512
       90944            1           4.013       181888       181888
       90944            2           7.387       363776       363776
       90944            4          14.084       727552       727552
       90944            8          27.407      1455104      1455104
       90944           16          53.802      2910208      2910208
       90944           32         106.619      5820416      5820416
       90944           64         212.813     11640832     11640832
       90944          128         426.440     23281664     23281664
       90944          256         848.255     46563328     46563328
       90944          512        1695.713     93126656     93126656
      100032            1           4.601       200064       200064
      100032            2           8.012       400128       400128
      100032            4          15.506       800256       800256
      100032            8          29.876      1600512      1600512
      100032           16          59.036      3201024      3201024
      100032           32         117.223      6402048      6402048
      100032           64         233.841     12804096     12804096
      100032          128         466.777     25608192     25608192
      100032          256         935.638     51216384     51216384
      100032          512        1864.683    102432768    102432768
      110016            1           5.025       220032       220032
      110016            2           8.741       440064       440064
      110016            4          16.858       880128       880128
      110016            8          32.738      1760256      1760256
      110016           16          64.762      3520512      3520512
      110016           32         128.832      7041024      7041024
      110016           64         256.969     14082048     14082048
      110016          128         513.225     28164096     28164096
      110016          256        1028.304     56328192     56328192
      110016          512        2050.604    112656384    112656384
      120960            1           5.312       241920       241920
      120960            2           9.544       483840       483840
      120960            4          18.347       967680       967680
      120960            8          35.939      1935360      1935360
      120960           16          71.117      3870720      3870720
      120960           32         141.485      7741440      7741440
      120960           64         282.123     15482880     15482880
      120960          128         563.778     30965760     30965760
      120960          256        1129.402     61931520     61931520
      120960          512        2253.314    123863040    123863040
      133056            1           6.233       266112       266112
      133056            2          10.438       532224       532224
      133056            4          20.120      1064448      1064448
      133056            8          39.551      2128896      2128896
      133056           16          78.410      4257792      4257792
      133056           32         155.777      8515584      8515584
      133056           64         312.913     17031168     17031168
      133056          128         620.215     34062336     34062336
      133056          256        1240.173     68124672     68124672
      146304            1           6.332       292608       292608
      146304            2          11.391       585216       585216
      146304            4          22.026      1170432      1170432
      146304            8          43.428      2340864      2340864
      146304           16          85.842      4681728      4681728
      146304           32         171.053      9363456      9363456
      146304           64         341.147     18726912     18726912
      146304          128         681.792     37453824     37453824
      146304          256        1367.645     74907648     74907648
      160896            1           6.884       321792       321792
      160896            2          12.469       643584       643584
      160896            4          24.138      1287168      1287168
      160896            8          47.596      2574336      2574336
      160896           16          94.363      5148672      5148672
      160896           32         188.153     10297344     10297344
      160896           64         375.104     20594688     20594688
      160896          128         749.516     41189376     41189376
      160896          256        1498.413     82378752     82378752
      176960            1           8.236       353920       353920
      176960            2          13.649       707840       707840
      176960            4          26.515      1415680      1415680
      176960            8          52.259      2831360      2831360
      176960           16         103.815      5662720      5662720
      176960           32         209.362     11325440     11325440
      176960           64         412.661     22650880     22650880
      176960          128         824.662     45301760     45301760
      176960          256        1648.298     90603520     90603520
      194624            1           8.285       389248       389248
      194624            2          14.999       778496       778496
      194624            4          29.118      1556992      1556992
      194624            8          57.691      3113984      3113984
      194624           16         114.072      6227968      6227968
      194624           32         227.282     12455936     12455936
      194624           64         453.996     24911872     24911872
      194624          128         909.682     49823744     49823744
      194624          256        1812.693     99647488     99647488
      214080            1           8.675       428160       428160
      214080            2          16.417       856320       856320
      214080            4          32.096      1712640      1712640
      214080            8          63.130      3425280      3425280
      214080           16         125.392      6850560      6850560
      214080           32         250.090     13701120     13701120
      214080           64         499.034     27402240     27402240
      214080          128         999.850     54804480     54804480
      214080          256        1993.040    109608960    109608960
      235456            1          10.008       470912       470912
      235456            2          18.151       941824       941824
      235456            4          35.178      1883648      1883648
      235456            8          69.429      3767296      3767296
      235456           16         137.917      7534592      7534592
      235456           32         274.929     15069184     15069184
      235456           64         548.786     30138368     30138368
      235456          128        1108.682     60276736     60276736
      235456          256        2192.663    120553472    120553472
      258944            1          11.103       517888       517888
      258944            2          19.952      1035776      1035776
      258944            4          38.783      2071552      2071552
      258944            8          76.406      4143104      4143104
      258944           16         151.660      8286208      8286208
      258944           32         302.280     16572416     16572416
      258944           64         606.531     33144832     33144832
      258944          128        1205.799     66289664     66289664
      284800            1          11.815       569600       569600
      284800            2          22.247      1139200      1139200
      284800            4          43.700      2278400      2278400
      284800            8          86.566      4556800      4556800
      284800           16         172.307      9113600      9113600
      284800           32         343.703     18227200     18227200
      284800           64         686.235     36454400     36454400
      284800          128        1374.015     72908800     72908800
      313280            1          13.324       626560       626560
      313280            2          24.603      1253120      1253120
      313280            4          48.495      2506240      2506240
      313280            8          96.230      5012480      5012480
      313280           16         191.744     10024960     10024960
      313280           32         382.685     20049920     20049920
      313280           64         764.732     40099840     40099840
      313280          128        1528.568     80199680     80199680
      344576            1          15.306       689152       689152
      344576            2          27.000      1378304      1378304
      344576            4          53.258      2756608      2756608
      344576            8         105.691      5513216      5513216
      344576           16         210.770     11026432     11026432
      344576           32         423.093     22052864     22052864
      344576           64         840.886     44105728     44105728
      344576          128        1680.557     88211456     88211456
      379008            1          16.652       758016       758016
      379008            2          29.620      1516032      1516032
      379008            4          58.494      3032064      3032064
      379008            8         116.268      6064128      6064128
      379008           16         231.667     12128256     12128256
      379008           32         462.678     24256512     24256512
      379008           64         927.330     48513024     48513024
      379008          128        1848.499     97026048     97026048
      416896            1          17.959       833792       833792
      416896            2          32.492      1667584      1667584
      416896            4          64.236      3335168      3335168
      416896            8         127.733      6670336      6670336
      416896           16         254.801     13340672     13340672
      416896           32         508.791     26681344     26681344
      416896           64        1019.007     53362688     53362688
      416896          128        2033.187    106725376    106725376
      458560            1          20.108       917120       917120
      458560            2          35.684      1834240      1834240
      458560            4          70.669      3668480      3668480
      458560            8         140.448      7336960      7336960
      458560           16         280.136     14673920     14673920
      458560           32         559.586     29347840     29347840
      458560           64        1120.973     58695680     58695680
      458560          128        2236.502    117391360    117391360
      504384            1          21.607      1008768      1008768
      504384            2          39.127      2017536      2017536
      504384            4          77.773      4035072      4035072
      504384            8         154.336      8070144      8070144
      504384           16         308.083     16140288     16140288
      504384           32         625.079     32280576     32280576
      504384           64        1230.214     64561152     64561152
      554816            1          23.564      1109632      1109632
      554816            2          42.977      2219264      2219264
      554816            4          85.251      4438528      4438528
      554816            8         169.691      8877056      8877056
      554816           16         338.763     17754112     17754112
      554816           32         676.900     35508224     35508224
      554816           64        1355.488     71016448     71016448
      610240            1          26.611      1220480      1220480
      610240            2          47.258      2440960      2440960
      610240            4          93.703      4881920      4881920
      610240            8         186.633      9763840      9763840
      610240           16         372.516     19527680     19527680
      610240           32         744.409     39055360     39055360
      610240           64        1488.021     78110720     78110720
      671232            1          28.388      1342464      1342464
      671232            2          51.815      2684928      2684928
      671232            4         102.970      5369856      5369856
      671232            8         205.203     10739712     10739712
      671232           16         409.649     21479424     21479424
      671232           32         820.575     42958848     42958848
      671232           64        1636.725     85917696     85917696
      738304            1          31.196      1476608      1476608
      738304            2          56.940      2953216      2953216
      738304            4         113.162      5906432      5906432
      738304            8         225.652     11812864     11812864
      738304           16         450.385     23625728     23625728
      738304           32         903.059     47251456     47251456
      738304           64        1799.948     94502912     94502912
      812096            1          34.736      1624192      1624192
      812096            2          62.484      3248384      3248384
      812096            4         124.402      6496768      6496768
      812096            8         248.062     12993536     12993536
      812096           16         495.630     25987072     25987072
      812096           32         990.833     51974144     51974144
      812096           64        1982.408    103948288    103948288
      893248            1          38.089      1786496      1786496
      893248            2          68.760      3572992      3572992
      893248            4         136.792      7145984      7145984
      893248            8         272.832     14291968     14291968
      893248           16         545.009     28583936     28583936
      893248           32        1091.376     57167872     57167872
      893248           64        2177.640    114335744    114335744
      982528            1          44.012      1965056      1965056
      982528            2          75.537      3930112      3930112
      982528            4         150.466      7860224      7860224
      982528            8         299.927     15720448     15720448
      982528           16         599.276     31440896     31440896
      982528           32        1200.511     62881792     62881792
     1080768            1          44.436      2161536      2161536
     1080768            2          82.996      4323072      4323072
     1080768            4         165.257      8646144      8646144
     1080768            8         329.995     17292288     17292288
     1080768           16         658.887     34584576     34584576
     1080768           32        1317.416     69169152     69169152
     1188800            1          48.962      2377600      2377600
     1188800            2          91.238      4755200      4755200
     1188800            4         181.409      9510400      9510400
     1188800            8         362.794     19020800     19020800
     1188800           16         728.514     38041600     38041600
     1188800           32        1452.098     76083200     76083200
     1307648            1          53.633      2615296      2615296
     1307648            2         100.206      5230592      5230592
     1307648            4         199.431     10461184     10461184
     1307648            8         399.376     20922368     20922368
     1307648           16         799.090     41844736     41844736
     1307648           32        1611.286     83689472     83689472
     1438400            1          62.132      2876800      2876800
     1438400            2         110.551      5753600      5753600
     1438400            4         219.421     11507200     11507200
     1438400            8         439.658     23014400     23014400
     1438400           16         879.197     46028800     46028800
     1438400           32        1773.253     92057600     92057600
     1582208            1          69.799      3164416      3164416
     1582208            2         121.261      6328832      6328832
     1582208            4         241.547     12657664     12657664
     1582208            8         483.310     25315328     25315328
     1582208           16         966.672     50630656     50630656
     1582208           32        1961.457    101261312    101261312
     1740416            1          76.615      3480832      3480832
     1740416            2         134.077      6961664      6961664
     1740416            4         266.558     13923328     13923328
     1740416            8         531.787     27846656     27846656
     1740416           16        1063.935     55693312     55693312
     1740416           32        2133.086    111386624    111386624
     1914432            1          83.191      3828864      3828864
     1914432            2         148.129      7657728      7657728
     1914432            4         293.472     15315456     15315456
     1914432            8         585.505     30630912     30630912
     1914432           16        1171.803     61261824     61261824
     1914432           32        2347.886    122523648    122523648
     2105856            1          87.826      4211712      4211712
     2105856            2         163.534      8423424      8423424
     2105856            4         324.665     16846848     16846848
     2105856            8         649.363     33693696     33693696
     2105856           16        1292.361     67387392     67387392
     2316416            1         101.338      4632832      4632832
     2316416            2         179.847      9265664      9265664
     2316416            4         356.954     18531328     18531328
     2316416            8         712.782     37062656     37062656
     2316416           16        1426.123     74125312     74125312
     2548032            1         105.860      5096064      5096064
     2548032            2         199.152     10192128     10192128
     2548032            4         393.725     20384256     20384256
     2548032            8         794.026     40768512     40768512
     2548032           16        1577.568     81537024     81537024
     2802816            1         117.786      5605632      5605632
     2802816            2         218.149     11211264     11211264
     2802816            4         433.863     22422528     22422528
     2802816            8         868.206     44845056     44845056
     2802816           16        1742.482     89690112     89690112
     3083072            1         129.480      6166144      6166144
     3083072            2         241.219     12332288     12332288
     3083072            4         479.498     24664576     24664576
     3083072            8         955.259     49329152     49329152
     3083072           16        1927.714     98658304     98658304
     3391360            1         141.665      6782720      6782720
     3391360            2         263.665     13565440     13565440
     3391360            4         526.139     27130880     27130880
     3391360            8        1051.104     54261760     54261760
     3391360           16        2111.405    108523520    108523520
     3730496            1         155.271      7460992      7460992
     3730496            2         291.407     14921984     14921984
     3730496            4         580.165     29843968     29843968
     3730496            8        1156.461     59687936     59687936
     3730496           16        2321.829    119375872    119375872
     4103488            1         172.304      8206976      8206976
     4103488            2         320.673     16413952     16413952
     4103488            4         637.616     32827904     32827904
     4103488            8        1278.390     65655808     65655808
     4513792            1         188.730      9027584      9027584
     4513792            2         352.043     18055168     18055168
     4513792            4         699.859     36110336     36110336
     4513792            8        1399.873     72220672     72220672
     4965120            1         207.476      9930240      9930240
     4965120            2         385.527     19860480     19860480
     4965120            4         776.311     39720960     39720960
     4965120            8        1539.664     79441920     79441920
     5461632            1         229.248     10923264     10923264
     5461632            2         425.058     21846528     21846528
     5461632            4         847.276     43693056     43693056
     5461632            8        1700.593     87386112     87386112
     6007744            1         250.729     12015488     12015488
     6007744            2         466.186     24030976     24030976
     6007744            4         932.522     48061952     48061952
     6007744            8        1870.253     96123904     96123904
     6608512            1         275.481     13217024     13217024
     6608512            2         512.219     26434048     26434048
     6608512            4        1024.204     52868096     52868096
     6608512            8        2056.821    105736192    105736192
     7269312            1         303.912     14538624     14538624
     7269312            2         562.661     29077248     29077248
     7269312            4        1127.882     58154496     58154496
     7269312            8        2291.995    116308992    116308992
     7996224            1         341.200     15992448     15992448
     7996224            2         620.216     31984896     31984896
     7996224            4        1240.432     63969792     63969792
     8795840            1         368.667     17591680     17591680
     8795840            2         681.975     35183360     35183360
     8795840            4        1370.708     70366720     70366720
     9675392            1         403.069     19350784     19350784
     9675392            2         750.192     38701568     38701568
     9675392            4        1498.971     77403136     77403136
    10642880            1         451.424     21285760     21285760
    10642880            2         824.767     42571520     42571520
    10642880            4        1650.270     85143040     85143040
    11707136            1         490.780     23414272     23414272
    11707136            2         912.904     46828544     46828544
    11707136            4        1814.588     93657088     93657088
    12877824            1         540.253     25755648     25755648
    12877824            2         998.366     51511296     51511296
    12877824            4        2003.017    103022592    103022592
    14165568            1         592.243     28331136     28331136
    14165568            2        1099.127     56662272     56662272
    14165568            4        2205.064    113324544    113324544
    15582080            1         651.871     31164160     31164160
    15582080            2        1214.287     62328320     62328320
    15582080            4        2432.445    124656640    124656640
    17140288            1         723.407     34280576     34280576
    17140288            2        1342.834     68561152     68561152
    18854272            1         811.140     37708544     37708544
    18854272            2        1495.905     75417088     75417088
    20739648            1         893.711     41479296     41479296
    20739648            2        1725.905     82958592     82958592
    22813568            1        1022.506     45627136     45627136
    22813568            2        2048.192     91254272     91254272
    25094912            1        1249.629     50189824     50189824
    25094912            2        2631.033    100379648    100379648
    27604352            1        1559.452     55208704     55208704
    27604352            2        3452.180    110417408    110417408
    30364736            1        1951.448     60729472     60729472
    30364736            2        4245.679    121458944    121458944
    33401152            1        2386.306     66802304     66802304
    36741248            1        2852.522     73482496     73482496
    40415360            1        3150.509     80830720     80830720
    44456896            1        3566.010     88913792     88913792
    48902528            1        3955.200     97805056     97805056
    53792768            1        4378.742    107585536    107585536
    59172032            1        4861.950    118344064    118344064

META_DATA
MPI_PROCS      1
OPENMP_THREADS 8
FLOPS          16
ERT_VERSION  1.0.0
TIMESTAMP_DATA  1594866807.12
HOSTNAME  ('apollo-PowerEdge-R430', [], ['127.0.1.1'])
UNAME  ('Linux', 'apollo-PowerEdge-R430', '4.19.129-0419129-generic', '#202006220433 SMP Mon Jun 22 09:12:54 UTC 2020', 'x86_64', 'x86_64')
CONFIG  {'ERT_WORKING_SET_MIN': ['1'], 'ERT_CFLAGS': ['-O3'], 'ERT_CC': ['gcc'], 'ERT_MPI_CFLAGS': [], 'ERT_MPI_LDFLAGS': [], 'ERT_MEMORY_MAX': ['62497788'], 'ERT_PROCS_THREADS': ['8'], 'ERT_LDFLAGS': [], 'ERT_LDLIBS': [], 'ERT_SPEC_GBYTES_DRAM': ['1.0'], 'ERT_RUN': ['export', 'KMP_AFFINITY=scatter;', 'export', 'OMP_NUM_THREADS=ERT_OPENMP_THREADS;', 'ERT_CODE'], 'ERT_FLOPS': ['1,2,4,8,16'], 'ERT_OPENMP_CFLAGS': ['-fopenmp'], 'ERT_SPEC_GFLOPS': ['1.0'], 'ERT_MPI': ['False'], 'ERT_TRIALS_MIN': ['1'], 'ERT_DRIVER': ['driver1'], 'ERT_RESULTS': ['Results.x86'], 'ERT_OPENMP': ['True'], 'ERT_MPI_PROCS': ['1'], 'ERT_KERNEL': ['kernel1'], 'ERT_OPENMP_THREADS': ['1-32'], 'ERT_LD': ['gcc'], 'ERT_NUM_EXPERIMENTS': ['6'], 'ERT_OPENMP_LDFLAGS': ['-fopenmp'], 'ERT_ALIGN': ['32'], 'ERT_GNUPLOT': ['gnuplot']}
