          64            1           1.632          128          128
          64            2           0.794          256          256
          64            4           0.765          512          512
          64            8           0.953         1024         1024
          64           16           1.043         2048         2048
          64           32           1.433         4096         4096
          64           64           2.180         8192         8192
          64          128           3.677        16384        16384
          64          256           6.811        32768        32768
          64          512          12.699        65536        65536
          64         1024          24.746       131072       131072
          64         2048          48.810       262144       262144
          64         4096          96.951       524288       524288
          64         8192         193.231      1048576      1048576
          64        16384         385.780      2097152      2097152
          64        32768         771.025      4194304      4194304
          64        65536        1563.955      8388608      8388608
          64       131072        3081.586     16777216     16777216
          64       262144        6176.459     33554432     33554432
          64       524288       12334.374     67108864     67108864
         128            1           0.775          256          256
         128            2           0.878          512          512
         128            4           0.869         1024         1024
         128            8           0.941         2048         2048
         128           16           1.076         4096         4096
         128           32           1.450         8192         8192
         128           64           2.204        16384        16384
         128          128           3.711        32768        32768
         128          256           6.786        65536        65536
         128          512          12.735       131072       131072
         128         1024          24.934       262144       262144
         128         2048          48.912       524288       524288
         128         4096          97.053      1048576      1048576
         128         8192         193.315      2097152      2097152
         128        16384         385.812      4194304      4194304
         128        32768         775.412      8388608      8388608
         128        65536        1541.183     16777216     16777216
         128       131072        3087.245     33554432     33554432
         128       262144        6168.048     67108864     67108864
         192            1           0.793          384          384
         192            2           0.785          768          768
         192            4           0.846         1536         1536
         192            8           0.897         3072         3072
         192           16           1.157         6144         6144
         192           32           1.468        12288        12288
         192           64           2.207        24576        24576
         192          128           3.722        49152        49152
         192          256           6.761        98304        98304
         192          512          12.792       196608       196608
         192         1024          24.829       393216       393216
         192         2048          48.976       786432       786432
         192         4096          97.103      1572864      1572864
         192         8192         193.376      3145728      3145728
         192        16384         385.936      6291456      6291456
         192        32768         773.840     12582912     12582912
         192        65536        1541.384     25165824     25165824
         192       131072        3086.398     50331648     50331648
         192       262144        6174.987    100663296    100663296
         256            1           0.760          512          512
         256            2           0.858         1024         1024
         256            4           0.903         2048         2048
         256            8           0.938         4096         4096
         256           16           1.082         8192         8192
         256           32           1.457        16384        16384
         256           64           2.203        32768        32768
         256          128           3.777        65536        65536
         256          256           6.726       131072       131072
         256          512          12.777       262144       262144
         256         1024          24.815       524288       524288
         256         2048          48.955      1048576      1048576
         256         4096          97.085      2097152      2097152
         256         8192         193.355      4194304      4194304
         256        16384         389.795      8388608      8388608
         256        32768         771.035     16777216     16777216
         256        65536        1541.320     33554432     33554432
         256       131072        3089.521     67108864     67108864
         320            1           0.775          640          640
         320            2           0.777         1280         1280
         320            4           0.805         2560         2560
         320            8           0.909         5120         5120
         320           16           1.095        10240        10240
         320           32           1.462        20480        20480
         320           64           2.216        40960        40960
         320          128           3.721        81920        81920
         320          256           6.731       163840       163840
         320          512          12.784       327680       327680
         320         1024          24.808       655360       655360
         320         2048          48.967      1310720      1310720
         320         4096          97.107      2621440      2621440
         320         8192         193.371      5242880      5242880
         320        16384         385.934     10485760     10485760
         320        32768         771.054     20971520     20971520
         320        65536        1543.614     41943040     41943040
         320       131072        3081.941     83886080     83886080
         384            1           0.763          768          768
         384            2           0.891         1536         1536
         384            4           0.815         3072         3072
         384            8           0.906         6144         6144
         384           16           1.202        12288        12288
         384           32           1.571        24576        24576
         384           64           2.220        49152        49152
         384          128           3.721        98304        98304
         384          256           6.738       196608       196608
         384          512          12.773       393216       393216
         384         1024          24.810       786432       786432
         384         2048          48.963      1572864      1572864
         384         4096          97.100      3145728      3145728
         384         8192         199.003      6291456      6291456
         384        16384         385.930     12582912     12582912
         384        32768         771.044     25165824     25165824
         384        65536        1541.413     50331648     50331648
         384       131072        3084.668    100663296    100663296
         448            1           0.764          896          896
         448            2           0.798         1792         1792
         448            4           0.848         3584         3584
         448            8           0.916         7168         7168
         448           16           1.100        14336        14336
         448           32           1.476        28672        28672
         448           64           2.228        57344        57344
         448          128           3.750       114688       114688
         448          256           6.806       229376       229376
         448          512          12.837       458752       458752
         448         1024          24.940       917504       917504
         448         2048          49.209      1835008      1835008
         448         4096          97.627      3670016      3670016
         448         8192         194.336      7340032      7340032
         448        16384         387.832     14680064     14680064
         448        32768         774.805     29360128     29360128
         448        65536        1594.198     58720256     58720256
         448       131072        3106.363    117440512    117440512
         512            1           0.771         1024         1024
         512            2           0.785         2048         2048
         512            4           0.833         4096         4096
         512            8           0.912         8192         8192
         512           16           1.107        16384        16384
         512           32           1.483        32768        32768
         512           64           2.247        65536        65536
         512          128           3.765       131072       131072
         512          256           6.833       262144       262144
         512          512          12.881       524288       524288
         512         1024          24.998      1048576      1048576
         512         2048          49.431      2097152      2097152
         512         4096          97.818      4194304      4194304
         512         8192         194.818      8388608      8388608
         512        16384         388.903     16777216     16777216
         512        32768         776.905     33554432     33554432
         512        65536        1552.727     67108864     67108864
         576            1           0.765         1152         1152
         576            2           0.804         2304         2304
         576            4           0.896         4608         4608
         576            8           0.926         9216         9216
         576           16           1.209        18432        18432
         576           32           1.530        36864        36864
         576           64           2.418        73728        73728
         576          128           4.116       147456       147456
         576          256           7.115       294912       294912
         576          512          13.560       589824       589824
         576         1024          26.450      1179648      1179648
         576         2048          52.047      2359296      2359296
         576         4096         103.462      4718592      4718592
         576         8192         205.761      9437184      9437184
         576        16384         413.491     18874368     18874368
         576        32768         820.322     37748736     37748736
         576        65536        1640.023     75497472     75497472
         640            1           0.793         1280         1280
         640            2           0.800         2560         2560
         640            4           0.830         5120         5120
         640            8           0.929        10240        10240
         640           16           1.121        20480        20480
         640           32           1.536        40960        40960
         640           64           2.321        81920        81920
         640          128           3.930       163840       163840
         640          256           7.109       327680       327680
         640          512          13.520       655360       655360
         640         1024          26.292      1310720      1310720
         640         2048          51.973      2621440      2621440
         640         4096         103.120      5242880      5242880
         640         8192         205.344     10485760     10485760
         640        16384         409.848     20971520     20971520
         640        32768         826.912     41943040     41943040
         640        65536        1637.674     83886080     83886080
         704            1           0.783         1408         1408
         704            2           0.814         2816         2816
         704            4           0.845         5632         5632
         704            8           0.960        11264        11264
         704           16           1.185        22528        22528
         704           32           1.793        45056        45056
         704           64           2.543        90112        90112
         704          128           4.353       180224       180224
         704          256           7.998       360448       360448
         704          512          15.300       720896       720896
         704         1024          29.917      1441792      1441792
         704         2048          59.180      2883584      2883584
         704         4096         117.347      5767168      5767168
         704         8192         233.792     11534336     11534336
         704        16384         466.652     23068672     23068672
         704        32768         932.522     46137344     46137344
         704        65536        1867.237     92274688     92274688
         768            1           0.880         1536         1536
         768            2           0.811         3072         3072
         768            4           0.947         6144         6144
         768            8           0.957        12288        12288
         768           16           1.187        24576        24576
         768           32           1.661        49152        49152
         768           64           2.593        98304        98304
         768          128           4.313       196608       196608
         768          256           7.935       393216       393216
         768          512          15.062       786432       786432
         768         1024          29.496      1572864      1572864
         768         2048          58.179      3145728      3145728
         768         4096         115.517      6291456      6291456
         768         8192         230.308     12582912     12582912
         768        16384         459.553     25165824     25165824
         768        32768         918.464     50331648     50331648
         768        65536        1840.694    100663296    100663296
         832            1           0.766         1664         1664
         832            2           0.861         3328         3328
         832            4           0.870         6656         6656
         832            8           0.995        13312        13312
         832           16           1.359        26624        26624
         832           32           1.783        53248        53248
         832           64           2.852       106496       106496
         832          128           4.973       212992       212992
         832          256           9.213       425984       425984
         832          512          17.701       851968       851968
         832         1024          34.760      1703936      1703936
         832         2048          68.692      3407872      3407872
         832         4096         136.614      6815744      6815744
         832         8192         272.409     13631488     13631488
         832        16384         543.900     27262976     27262976
         832        32768        1086.702     54525952     54525952
         832        65536        2176.520    109051904    109051904
         896            1           0.795         1792         1792
         896            2           0.810         3584         3584
         896            4           1.105         7168         7168
         896            8           1.168        14336        14336
         896           16           1.254        28672        28672
         896           32           1.782        57344        57344
         896           64           3.003       114688       114688
         896          128           5.014       229376       229376
         896          256           9.262       458752       458752
         896          512          17.650       917504       917504
         896         1024          34.656      1835008      1835008
         896         2048          68.455      3670016      3670016
         896         4096         136.149      7340032      7340032
         896         8192         271.502     14680064     14680064
         896        16384         542.191     29360128     29360128
         896        32768        1087.701     58720256     58720256
         896        65536        2166.397    117440512    117440512
         960            1           0.799         1920         1920
         960            2           0.836         3840         3840
         960            4           0.895         7680         7680
         960            8           1.030        15360        15360
         960           16           1.348        30720        30720
         960           32           1.934        61440        61440
         960           64           3.146       122880       122880
         960          128           5.551       245760       245760
         960          256          10.384       491520       491520
         960          512          20.057       983040       983040
         960         1024          39.493      1966080      1966080
         960         2048          78.063      3932160      3932160
         960         4096         155.299      7864320      7864320
         960         8192         309.863     15728640     15728640
         960        16384         619.080     31457280     31457280
         960        32768        1240.601     62914560     62914560
        1024            1           0.941         2048         2048
        1024            2           0.802         4096         4096
        1024            4           0.921         8192         8192
        1024            8           1.103        16384        16384
        1024           16           1.388        32768        32768
        1024           32           2.004        65536        65536
        1024           64           3.190       131072       131072
        1024          128           5.463       262144       262144
        1024          256          10.292       524288       524288
        1024          512          19.746      1048576      1048576
        1024         1024          38.806      2097152      2097152
        1024         2048          76.717      4194304      4194304
        1024         4096         152.665      8388608      8388608
        1024         8192         304.448     16777216     16777216
        1024        16384         608.048     33554432     33554432
        1024        32768        1215.174     67108864     67108864
        1088            1           0.770         2176         2176
        1088            2           0.830         4352         4352
        1088            4           0.909         8704         8704
        1088            8           1.136        17408        17408
        1088           16           1.451        34816        34816
        1088           32           2.090        69632        69632
        1088           64           3.440       139264       139264
        1088          128           6.146       278528       278528
        1088          256          11.615       557056       557056
        1088          512          22.534      1114112      1114112
        1088         1024          44.301      2228224      2228224
        1088         2048          87.799      4456448      4456448
        1088         4096         174.858      8912896      8912896
        1088         8192         348.920     17825792     17825792
        1088        16384         699.168     35651584     35651584
        1088        32768        1393.101     71303168     71303168
        1152            1           0.848         2304         2304
        1152            2           0.810         4608         4608
        1152            4           0.904         9216         9216
        1152            8           1.070        18432        18432
        1152           16           1.406        36864        36864
        1152           32           2.089        73728        73728
        1152           64           3.484       147456       147456
        1152          128           6.154       294912       294912
        1152          256          11.629       589824       589824
        1152          512          22.396      1179648      1179648
        1152         1024          44.277      2359296      2359296
        1152         2048          87.600      4718592      4718592
        1152         4096         174.349      9437184      9437184
        1152         8192         347.843     18874368     18874368
        1152        16384         694.832     37748736     37748736
        1152        32768        1391.762     75497472     75497472
        1216            1           0.867         2432         2432
        1216            2           0.837         4864         4864
        1216            4           0.930         9728         9728
        1216            8           1.190        19456        19456
        1216           16           1.514        38912        38912
        1216           32           2.236        77824        77824
        1216           64           3.741       155648       155648
        1216          128           6.734       311296       311296
        1216          256          12.851       622592       622592
        1216          512          24.832      1245184      1245184
        1216         1024          49.004      2490368      2490368
        1216         2048          97.175      4980736      4980736
        1216         4096         193.378      9961472      9961472
        1216         8192         385.902     19922944     19922944
        1216        16384         771.013     39845888     39845888
        1216        32768        1544.212     79691776     79691776
        1280            1           0.819         2560         2560
        1280            2           1.006         5120         5120
        1280            4           0.935        10240        10240
        1280            8           1.104        20480        20480
        1280           16           1.469        40960        40960
        1280           32           2.280        81920        81920
        1280           64           3.822       163840       163840
        1280          128           6.679       327680       327680
        1280          256          12.606       655360       655360
        1280          512          24.592      1310720      1310720
        1280         1024          48.113      2621440      2621440
        1280         2048          95.421      5242880      5242880
        1280         4096         189.985     10485760     10485760
        1280         8192         379.095     20971520     20971520
        1280        16384         757.595     41943040     41943040
        1280        32768        1514.194     83886080     83886080
        1408            1           0.893         2816         2816
        1408            2           0.844         5632         5632
        1408            4           0.948        11264        11264
        1408            8           1.137        22528        22528
        1408           16           1.557        45056        45056
        1408           32           2.388        90112        90112
        1408           64           4.033       180224       180224
        1408          128           7.336       360448       360448
        1408          256          13.970       720896       720896
        1408          512          27.190      1441792      1441792
        1408         1024          53.700      2883584      2883584
        1408         2048         106.606      5767168      5767168
        1408         4096         212.350     11534336     11534336
        1408         8192         423.791     23068672     23068672
        1408        16384         849.008     46137344     46137344
        1408        32768        1693.361     92274688     92274688
        1536            1           0.938         3072         3072
        1536            2           0.849         6144         6144
        1536            4           0.963        12288        12288
        1536            8           1.293        24576        24576
        1536           16           1.607        49152        49152
        1536           32           2.553        98304        98304
        1536           64           4.262       196608       196608
        1536          128           7.889       393216       393216
        1536          256          14.910       786432       786432
        1536          512          29.098      1572864      1572864
        1536         1024          57.468      3145728      3145728
        1536         2048         114.078      6291456      6291456
        1536         4096         227.316     12582912     12582912
        1536         8192         453.726     25165824     25165824
        1536        16384         909.184     50331648     50331648
        1536        32768        1811.902    100663296    100663296
        1664            1           0.947         3328         3328
        1664            2           0.853         6656         6656
        1664            4           0.979        13312        13312
        1664            8           1.210        26624        26624
        1664           16           1.695        53248        53248
        1664           32           2.683       106496       106496
        1664           64           4.636       212992       212992
        1664          128           8.529       425984       425984
        1664          256          16.340       851968       851968
        1664          512          32.039      1703936      1703936
        1664         1024          63.275      3407872      3407872
        1664         2048         125.664      6815744      6815744
        1664         4096         250.506     13631488     13631488
        1664         8192         500.477     27262976     27262976
        1664        16384        1011.705     54525952     54525952
        1664        32768        2015.929    109051904    109051904
        1792            1           0.802         3584         3584
        1792            2           0.950         7168         7168
        1792            4           1.019        14336        14336
        1792            8           1.323        28672        28672
        1792           16           1.757        57344        57344
        1792           32           2.786       114688       114688
        1792           64           4.967       229376       229376
        1792          128           8.978       458752       458752
        1792          256          17.203       917504       917504
        1792          512          33.782      1835008      1835008
        1792         1024          66.773      3670016      3670016
        1792         2048         132.624      7340032      7340032
        1792         4096         264.506     14680064     14680064
        1792         8192         528.076     29360128     29360128
        1792        16384        1057.674     58720256     58720256
        1792        32768        2110.274    117440512    117440512
        1920            1           0.804         3840         3840
        1920            2           1.010         7680         7680
        1920            4           1.026        15360        15360
        1920            8           1.286        30720        30720
        1920           16           2.036        61440        61440
        1920           32           2.978       122880       122880
        1920           64           5.212       245760       245760
        1920          128           9.726       491520       491520
        1920          256          18.752       983040       983040
        1920          512          36.794      1966080      1966080
        1920         1024          72.785      3932160      3932160
        1920         2048         144.737      7864320      7864320
        1920         4096         288.712     15728640     15728640
        1920         8192         576.429     31457280     31457280
        1920        16384        1154.613     62914560     62914560
        2112            1           0.876         4224         4224
        2112            2           0.921         8448         8448
        2112            4           1.076        16896        16896
        2112            8           1.429        33792        33792
        2112           16           2.045        67584        67584
        2112           32           3.260       135168       135168
        2112           64           5.813       270336       270336
        2112          128          10.948       540672       540672
        2112          256          21.182      1081344      1081344
        2112          512          41.671      2162688      2162688
        2112         1024          82.591      4325376      4325376
        2112         2048         163.966      8650752      8650752
        2112         4096         327.135     17301504     17301504
        2112         8192         653.430     34603008     34603008
        2112        16384        1306.210     69206016     69206016
        2304            1           0.957         4608         4608
        2304            2           0.929         9216         9216
        2304            4           1.326        18432        18432
        2304            8           1.399        36864        36864
        2304           16           2.050        73728        73728
        2304           32           3.487       147456       147456
        2304           64           6.014       294912       294912
        2304          128          11.309       589824       589824
        2304          256          21.870      1179648      1179648
        2304          512          43.187      2359296      2359296
        2304         1024          85.488      4718592      4718592
        2304         2048         169.785      9437184      9437184
        2304         4096         341.662     18874368     18874368
        2304         8192         676.946     37748736     37748736
        2304        16384        1353.007     75497472     75497472
        2496            1           0.858         4992         4992
        2496            2           0.938         9984         9984
        2496            4           1.153        19968        19968
        2496            8           1.474        39936        39936
        2496           16           2.284        79872        79872
        2496           32           3.723       159744       159744
        2496           64           6.702       319488       319488
        2496          128          12.693       638976       638976
        2496          256          24.634      1277952      1277952
        2496          512          48.674      2555904      2555904
        2496         1024          96.554      5111808      5111808
        2496         2048         192.266     10223616     10223616
        2496         4096         383.768     20447232     20447232
        2496         8192         767.049     40894464     40894464
        2496        16384        1535.123     81788928     81788928
        2688            1           0.966         5376         5376
        2688            2           0.949        10752        10752
        2688            4           1.140        21504        21504
        2688            8           1.506        43008        43008
        2688           16           2.297        86016        86016
        2688           32           3.869       172032       172032
        2688           64           7.018       344064       344064
        2688          128          13.294       688128       688128
        2688          256          25.879      1376256      1376256
        2688          512          51.096      2752512      2752512
        2688         1024         101.344      5505024      5505024
        2688         2048         201.907     11010048     11010048
        2688         4096         403.017     22020096     22020096
        2688         8192         804.973     44040192     44040192
        2688        16384        1611.736     88080384     88080384
        2944            1           0.836         5888         5888
        2944            2           1.037        11776        11776
        2944            4           1.281        23552        23552
        2944            8           1.583        47104        47104
        2944           16           2.578        94208        94208
        2944           32           4.172       188416       188416
        2944           64           7.598       376832       376832
        2944          128          14.482       753664       753664
        2944          256          28.433      1507328      1507328
        2944          512          55.869      3014656      3014656
        2944         1024         111.017      6029312      6029312
        2944         2048         221.098     12058624     12058624
        2944         4096         441.016     24117248     24117248
        2944         8192         881.124     48234496     48234496
        2944        16384        1764.503     96468992     96468992
        3200            1           0.864         6400         6400
        3200            2           0.976        12800        12800
        3200            4           1.214        25600        25600
        3200            8           1.664        51200        51200
        3200           16           2.576       102400       102400
        3200           32           4.452       204800       204800
        3200           64           8.195       409600       409600
        3200          128          15.664       819200       819200
        3200          256          30.690      1638400      1638400
        3200          512          60.626      3276800      3276800
        3200         1024         120.378      6553600      6553600
        3200         2048         240.010     13107200     13107200
        3200         4096         479.123     26214400     26214400
        3200         8192         957.391     52428800     52428800
        3200        16384        1915.868    104857600    104857600
        3520            1           0.891         7040         7040
        3520            2           1.014        14080        14080
        3520            4           1.282        28160        28160
        3520            8           1.768        56320        56320
        3520           16           2.815       112640       112640
        3520           32           4.908       225280       225280
        3520           64           9.084       450560       450560
        3520          128          17.451       901120       901120
        3520          256          34.382      1802240      1802240
        3520          512          67.882      3604480      3604480
        3520         1024         134.696      7208960      7208960
        3520         2048         268.503     14417920     14417920
        3520         4096         536.203     28835840     28835840
        3520         8192        1071.682     57671680     57671680
        3520        16384        2144.776    115343360    115343360
        3840            1           0.873         7680         7680
        3840            2           1.023        15360        15360
        3840            4           1.323        30720        30720
        3840            8           1.857        61440        61440
        3840           16           2.905       122880       122880
        3840           32           5.110       245760       245760
        3840           64           9.512       491520       491520
        3840          128          18.251       983040       983040
        3840          256          35.789      1966080      1966080
        3840          512          70.987      3932160      3932160
        3840         1024         141.123      7864320      7864320
        3840         2048         281.364     15728640     15728640
        3840         4096         561.994     31457280     31457280
        3840         8192        1123.145     62914560     62914560
        4224            1           1.055         8448         8448
        4224            2           1.067        16896        16896
        4224            4           1.549        33792        33792
        4224            8           2.056        67584        67584
        4224           16           3.285       135168       135168
        4224           32           5.769       270336       270336
        4224           64          10.824       540672       540672
        4224          128          21.007      1081344      1081344
        4224          256          41.505      2162688      2162688
        4224          512          81.738      4325376      4325376
        4224         1024         162.539      8650752      8650752
        4224         2048         324.310     17301504     17301504
        4224         4096         647.694     34603008     34603008
        4224         8192        1297.160     69206016     69206016
        4608            1           0.907         9216         9216
        4608            2           1.077        18432        18432
        4608            4           1.420        36864        36864
        4608            8           2.087        73728        73728
        4608           16           3.474       147456       147456
        4608           32           6.213       294912       294912
        4608           64          10.897       589824       589824
        4608          128          22.964      1179648      1179648
        4608          256          44.036      2359296      2359296
        4608          512          88.031      4718592      4718592
        4608         1024         176.004      9437184      9437184
        4608         2048         352.081     18874368     18874368
        4608         4096         704.477     37748736     37748736
        4608         8192        1412.044     75497472     75497472
        5056            1           0.957        10112        10112
        5056            2           1.127        20224        20224
        5056            4           1.500        40448        40448
        5056            8           2.339        80896        80896
        5056           16           3.844       161792       161792
        5056           32           6.884       323584       323584
        5056           64          12.949       647168       647168
        5056          128          24.913      1294336      1294336
        5056          256          48.643      2588672      2588672
        5056          512          97.304      5177344      5177344
        5056         1024         194.705     10354688     10354688
        5056         2048         389.600     20709376     20709376
        5056         4096         779.269     41418752     41418752
        5056         8192        1558.777     82837504     82837504
        5504            1           1.127        11008        11008
        5504            2           1.142        22016        22016
        5504            4           1.562        44032        44032
        5504            8           2.364        88064        88064
        5504           16           3.986       176128       176128
        5504           32           7.244       352256       352256
        5504           64          13.842       704512       704512
        5504          128          26.985      1409024      1409024
        5504          256          53.250      2818048      2818048
        5504          512         104.706      5636096      5636096
        5504         1024         210.406     11272192     11272192
        5504         2048         422.679     22544384     22544384
        5504         4096         838.928     45088768     45088768
        5504         8192        1677.483     90177536     90177536
        6016            1           0.955        12032        12032
        6016            2           1.183        24064        24064
        6016            4           1.629        48128        48128
        6016            8           2.506        96256        96256
        6016           16           4.307       192512       192512
        6016           32           7.877       385024       385024
        6016           64          15.006       770048       770048
        6016          128          29.275      1540096      1540096
        6016          256          58.032      3080192      3080192
        6016          512         114.976      6160384      6160384
        6016         1024         229.159     12320768     12320768
        6016         2048         457.446     24641536     24641536
        6016         4096         916.916     49283072     49283072
        6016         8192        1827.029     98566144     98566144
        6592            1           1.087        13184        13184
        6592            2           1.344        26368        26368
        6592            4           1.766        52736        52736
        6592            8           2.798       105472       105472
        6592           16           4.665       210944       210944
        6592           32           8.627       421888       421888
        6592           64          16.456       843776       843776
        6592          128          32.377      1687552      1687552
        6592          256          63.828      3375104      3375104
        6592          512         126.852      6750208      6750208
        6592         1024         252.579     13500416     13500416
        6592         2048         504.127     27000832     27000832
        6592         4096        1010.602     54001664     54001664
        6592         8192        2016.653    108003328    108003328
        7232            1           0.994        14464        14464
        7232            2           1.270        28928        28928
        7232            4           1.809        57856        57856
        7232            8           2.880       115712       115712
        7232           16           5.032       231424       231424
        7232           32           9.338       462848       462848
        7232           64          17.940       925696       925696
        7232          128          35.152      1851392      1851392
        7232          256          69.679      3702784      3702784
        7232          512         138.393      7405568      7405568
        7232         1024         276.051     14811136     14811136
        7232         2048         550.823     29622272     29622272
        7232         4096        1104.499     59244544     59244544
        7232         8192        2203.874    118489088    118489088
        7936            1           1.036        15872        15872
        7936            2           1.328        31744        31744
        7936            4           1.926        63488        63488
        7936            8           3.076       126976       126976
        7936           16           5.412       253952       253952
        7936           32          10.094       507904       507904
        7936           64          19.480      1015808      1015808
        7936          128          38.252      2031616      2031616
        7936          256          75.818      4063232      4063232
        7936          512         150.799      8126464      8126464
        7936         1024         300.771     16252928     16252928
        7936         2048         603.517     32505856     32505856
        7936         4096        1200.299     65011712     65011712
        8704            1           1.064        17408        17408
        8704            2           1.366        34816        34816
        8704            4           2.019        69632        69632
        8704            8           3.295       139264       139264
        8704           16           5.853       278528       278528
        8704           32          10.987       557056       557056
        8704           64          21.293      1114112      1114112
        8704          128          41.822      2228224      2228224
        8704          256          82.958      4456448      4456448
        8704          512         165.117      8912896      8912896
        8704         1024         329.307     17825792     17825792
        8704         2048         657.892     35651584     35651584
        8704         4096        1314.645     71303168     71303168
        9536            1           1.092        19072        19072
        9536            2           1.446        38144        38144
        9536            4           2.198        76288        76288
        9536            8           3.551       152576       152576
        9536           16           6.372       305152       305152
        9536           32          12.164       610304       610304
        9536           64          25.198      1220608      1220608
        9536          128          45.908      2441216      2441216
        9536          256          91.078      4882432      4882432
        9536          512         181.328      9764864      9764864
        9536         1024         361.751     19529728     19529728
        9536         2048         722.404     39059456     39059456
        9536         4096        1444.834     78118912     78118912
       10432            1           1.113        20864        20864
       10432            2           1.502        41728        41728
       10432            4           2.257        83456        83456
       10432            8           3.815       166912       166912
       10432           16           6.901       333824       333824
       10432           32          13.064       667648       667648
       10432           64          25.392      1335296      1335296
       10432          128          50.032      2670592      2670592
       10432          256          99.533      5341184      5341184
       10432          512         198.148     10682368     10682368
       10432         1024         395.502     21364736     21364736
       10432         2048         792.250     42729472     42729472
       10432         4096        1579.353     85458944     85458944
       11456            1           1.169        22912        22912
       11456            2           1.585        45824        45824
       11456            4           2.426        91648        91648
       11456            8           4.126       183296       183296
       11456           16           7.480       366592       366592
       11456           32          14.245       733184       733184
       11456           64          27.772      1466368      1466368
       11456          128          54.802      2932736      2932736
       11456          256         109.020      5865472      5865472
       11456          512         217.168     11730944     11730944
       11456         1024         433.733     23461888     23461888
       11456         2048         866.528     46923776     46923776
       11456         4096        1734.577     93847552     93847552
       12544            1           1.295        25088        25088
       12544            2           1.652        50176        50176
       12544            4           2.619       100352       100352
       12544            8           4.432       200704       200704
       12544           16           8.099       401408       401408
       12544           32          15.479       802816       802816
       12544           64          30.205      1605632      1605632
       12544          128          59.655      3211264      3211264
       12544          256         118.716      6422528      6422528
       12544          512         236.501     12845056     12845056
       12544         1024         472.147     25690112     25690112
       12544         2048         943.683     51380224     51380224
       12544         4096        1888.305    102760448    102760448
       13760            1           1.350        27520        27520
       13760            2           1.751        55040        55040
       13760            4           2.853       110080       110080
       13760            8           4.788       220160       220160
       13760           16           8.847       440320       440320
       13760           32          16.919       880640       880640
       13760           64          33.140      1761280      1761280
       13760          128          65.581      3522560      3522560
       13760          256         130.423      7045120      7045120
       13760          512         260.019     14090240     14090240
       13760         1024         519.339     28180480     28180480
       13760         2048        1037.871     56360960     56360960
       13760         4096        2077.294    112721920    112721920
       15104            1           1.299        30208        30208
       15104            2           1.853        60416        60416
       15104            4           2.941       120832       120832
       15104            8           5.170       241664       241664
       15104           16           9.582       483328       483328
       15104           32          18.440       966656       966656
       15104           64          36.161      1933312      1933312
       15104          128          71.564      3866624      3866624
       15104          256         142.479      7733248      7733248
       15104          512         284.105     15466496     15466496
       15104         1024         567.373     30932992     30932992
       15104         2048        1133.822     61865984     61865984
       15104         4096        2269.828    123731968    123731968
       16576            1           1.346        33152        33152
       16576            2           1.960        66304        66304
       16576            4           3.165       132608       132608
       16576            8           5.587       265216       265216
       16576           16          10.456       530432       530432
       16576           32          20.234      1060864      1060864
       16576           64          39.673      2121728      2121728
       16576          128          78.591      4243456      4243456
       16576          256         156.673      8486912      8486912
       16576          512         312.451     16973824     16973824
       16576         1024         623.967     33947648     33947648
       16576         2048        1249.289     67895296     67895296
       18176            1           1.409        36352        36352
       18176            2           2.064        72704        72704
       18176            4           3.392       145408       145408
       18176            8           6.044       290816       290816
       18176           16          11.350       581632       581632
       18176           32          22.107      1163264      1163264
       18176           64          43.291      2326528      2326528
       18176          128          85.843      4653056      4653056
       18176          256         171.006      9306112      9306112
       18176          512         341.389     18612224     18612224
       18176         1024         681.804     37224448     37224448
       18176         2048        1362.588     74448896     74448896
       19968            1           1.579        39936        39936
       19968            2           2.188        79872        79872
       19968            4           3.659       159744       159744
       19968            8           6.801       319488       319488
       19968           16          12.534       638976       638976
       19968           32          24.191      1277952      1277952
       19968           64          47.587      2555904      2555904
       19968          128          94.218      5111808      5111808
       19968          256         187.743     10223616     10223616
       19968          512         377.119     20447232     20447232
       19968         1024         748.585     40894464     40894464
       19968         2048        1495.912     81788928     81788928
       21952            1           1.533        43904        43904
       21952            2           2.442        87808        87808
       21952            4           3.939       175616       175616
       21952            8           7.280       351232       351232
       21952           16          13.662       702464       702464
       21952           32          26.598      1404928      1404928
       21952           64          52.266      2809856      2809856
       21952          128         103.743      5619712      5619712
       21952          256         206.603     11239424     11239424
       21952          512         412.526     22478848     22478848
       21952         1024         826.888     44957696     44957696
       21952         2048        1647.384     89915392     89915392
       24128            1           1.634        48256        48256
       24128            2           2.509        96512        96512
       24128            4           4.277       193024       193024
       24128            8           7.810       386048       386048
       24128           16          14.830       772096       772096
       24128           32          28.993      1544192      1544192
       24128           64          57.245      3088384      3088384
       24128          128         113.820      6176768      6176768
       24128          256         226.729     12353536     12353536
       24128          512         452.627     24707072     24707072
       24128         1024         904.595     49414144     49414144
       24128         2048        1811.032     98828288     98828288
       26496            1           2.006        52992        52992
       26496            2           2.667       105984       105984
       26496            4           4.624       211968       211968
       26496            8           8.487       423936       423936
       26496           16          16.219       847872       847872
       26496           32          31.693      1695744      1695744
       26496           64          62.643      3391488      3391488
       26496          128         124.473      6782976      6782976
       26496          256         248.337     13565952     13565952
       26496          512         496.042     27131904     27131904
       26496         1024         991.273     54263808     54263808
       26496         2048        1983.711    108527616    108527616
       29120            1           2.152        58240        58240
       29120            2           2.940       116480       116480
       29120            4           5.000       232960       232960
       29120            8           9.249       465920       465920
       29120           16          17.870       931840       931840
       29120           32          34.792      1863680      1863680
       29120           64          68.883      3727360      3727360
       29120          128         136.936      7454720      7454720
       29120          256         273.407     14909440     14909440
       29120          512         545.741     29818880     29818880
       29120         1024        1090.671     59637760     59637760
       29120         2048        2183.388    119275520    119275520
       32000            1           2.148        64000        64000
       32000            2           3.174       128000       128000
       32000            4           5.485       256000       256000
       32000            8          10.093       512000       512000
       32000           16          19.411      1024000      1024000
       32000           32          38.247      2048000      2048000
       32000           64          75.555      4096000      4096000
       32000          128         150.098      8192000      8192000
       32000          256         299.603     16384000     16384000
       32000          512         598.419     32768000     32768000
       32000         1024        1198.230     65536000     65536000
       35200            1           2.468        70400        70400
       35200            2           3.307       140800       140800
       35200            4           5.888       281600       281600
       35200            8          10.993       563200       563200
       35200           16          21.363      1126400      1126400
       35200           32          41.850      2252800      2252800
       35200           64          82.931      4505600      4505600
       35200          128         165.015      9011200      9011200
       35200          256         329.348     18022400     18022400
       35200          512         657.928     36044800     36044800
       35200         1024        1314.906     72089600     72089600
       38720            1           2.537        77440        77440
       38720            2           3.580       154880       154880
       38720            4           6.389       309760       309760
       38720            8          12.024       619520       619520
       38720           16          23.370      1239040      1239040
       38720           32          45.968      2478080      2478080
       38720           64          91.128      4956160      4956160
       38720          128         181.572      9912320      9912320
       38720          256         362.416     19824640     19824640
       38720          512         728.628     39649280     39649280
       38720         1024        1447.876     79298560     79298560
       42560            1           2.815        85120        85120
       42560            2           3.841       170240       170240
       42560            4           6.955       340480       340480
       42560            8          13.129       680960       680960
       42560           16          25.587      1361920      1361920
       42560           32          50.374      2723840      2723840
       42560           64         100.060      5447680      5447680
       42560          128         199.365     10895360     10895360
       42560          256         398.212     21790720     21790720
       42560          512         795.428     43581440     43581440
       42560         1024        1594.905     87162880     87162880
       46784            1           2.451        93568        93568
       46784            2           4.149       187136       187136
       46784            4           7.713       374272       374272
       46784            8          14.410       748544       748544
       46784           16          28.119      1497088      1497088
       46784           32          55.341      2994176      2994176
       46784           64         109.978      5988352      5988352
       46784          128         219.083     11976704     11976704
       46784          256         437.551     23953408     23953408
       46784          512         874.463     47906816     47906816
       46784         1024        1750.006     95813632     95813632
       51456            1           2.270       102912       102912
       51456            2           4.487       205824       205824
       51456            4           8.225       411648       411648
       51456            8          15.737       823296       823296
       51456           16          30.737      1646592      1646592
       51456           32          60.668      3293184      3293184
       51456           64         120.779      6586368      6586368
       51456          128         240.677     13172736     13172736
       51456          256         480.458     26345472     26345472
       51456          512         960.297     52690944     52690944
       51456         1024        1922.610    105381888    105381888
       56576            1           2.657       113152       113152
       56576            2           4.946       226304       226304
       56576            4           9.013       452608       452608
       56576            8          17.210       905216       905216
       56576           16          33.682      1810432      1810432
       56576           32          66.656      3620864      3620864
       56576           64         132.551      7241728      7241728
       56576          128         264.458     14483456     14483456
       56576          256         528.280     28966912     28966912
       56576          512        1055.579     57933824     57933824
       56576         1024        2113.241    115867648    115867648
       62208            1           2.853       124416       124416
       62208            2           5.260       248832       248832
       62208            4           9.792       497664       497664
       62208            8          18.852       995328       995328
       62208           16          37.042      1990656      1990656
       62208           32          73.228      3981312      3981312
       62208           64         145.617      7962624      7962624
       62208          128         290.660     15925248     15925248
       62208          256         580.504     31850496     31850496
       62208          512        1160.378     63700992     63700992
       68416            1           3.337       136832       136832
       68416            2           5.826       273664       273664
       68416            4          10.719       547328       547328
       68416            8          20.793      1094656      1094656
       68416           16          40.596      2189312      2189312
       68416           32          80.475      4378624      4378624
       68416           64         160.270      8757248      8757248
       68416          128         319.840     17514496     17514496
       68416          256         640.738     35028992     35028992
       68416          512        1276.622     70057984     70057984
       75200            1           3.478       150400       150400
       75200            2           6.201       300800       300800
       75200            4          11.689       601600       601600
       75200            8          22.661      1203200      1203200
       75200           16          44.553      2406400      2406400
       75200           32          88.361      4812800      4812800
       75200           64         175.964      9625600      9625600
       75200          128         351.326     19251200     19251200
       75200          256         701.953     38502400     38502400
       75200          512        1405.562     77004800     77004800
       82688            1           3.845       165376       165376
       82688            2           6.757       330752       330752
       82688            4          12.799       661504       661504
       82688            8          24.827      1323008      1323008
       82688           16          48.997      2646016      2646016
       82688           32          97.111      5292032      5292032
       82688           64         193.340     10584064     10584064
       82688          128         385.870     21168128     21168128
       82688          256         771.084     42336256     42336256
       82688          512        1541.472     84672512     84672512
       90944            1           3.838       181888       181888
       90944            2           7.372       363776       363776
       90944            4          13.978       727552       727552
       90944            8          27.220      1455104      1455104
       90944           16          53.715      2910208      2910208
       90944           32         106.680      5820416      5820416
       90944           64         212.596     11640832     11640832
       90944          128         426.953     23281664     23281664
       90944          256         848.267     46563328     46563328
       90944          512        1695.729     93126656     93126656
      100032            1           4.767       200064       200064
      100032            2           8.021       400128       400128
      100032            4          15.325       800256       800256
      100032            8          29.854      1600512      1600512
      100032           16          59.013      3201024      3201024
      100032           32         117.280      6402048      6402048
      100032           64         233.745     12804096     12804096
      100032          128         466.823     25608192     25608192
      100032          256         935.488     51216384     51216384
      100032          512        1864.988    102432768    102432768
      110016            1           5.243       220032       220032
      110016            2           8.753       440064       440064
      110016            4          16.774       880128       880128
      110016            8          32.782      1760256      1760256
      110016           16          64.772      3520512      3520512
      110016           32         128.851      7041024      7041024
      110016           64         256.907     14082048     14082048
      110016          128         513.225     28164096     28164096
      110016          256        1028.134     56328192     56328192
      110016          512        2050.748    112656384    112656384
      120960            1           5.281       241920       241920
      120960            2           9.603       483840       483840
      120960            4          18.507       967680       967680
      120960            8          35.936      1935360      1935360
      120960           16          71.102      3870720      3870720
      120960           32         141.508      7741440      7741440
      120960           64         282.243     15482880     15482880
      120960          128         563.754     30965760     30965760
      120960          256        1129.886     61931520     61931520
      120960          512        2253.096    123863040    123863040
      133056            1           5.735       266112       266112
      133056            2          10.492       532224       532224
      133056            4          20.134      1064448      1064448
      133056            8          39.480      2128896      2128896
      133056           16          78.193      4257792      4257792
      133056           32         155.661      8515584      8515584
      133056           64         310.477     17031168     17031168
      133056          128         622.471     34062336     34062336
      133056          256        1239.941     68124672     68124672
      146304            1           6.305       292608       292608
      146304            2          11.413       585216       585216
      146304            4          22.045      1170432      1170432
      146304            8          43.353      2340864      2340864
      146304           16          85.915      4681728      4681728
      146304           32         170.941      9363456      9363456
      146304           64         341.146     18726912     18726912
      146304          128         681.680     37453824     37453824
      146304          256        1365.049     74907648     74907648
      160896            1           7.192       321792       321792
      160896            2          12.583       643584       643584
      160896            4          24.185      1287168      1287168
      160896            8          47.541      2574336      2574336
      160896           16          94.321      5148672      5148672
      160896           32         187.955     10297344     10297344
      160896           64         375.146     20594688     20594688
      160896          128         749.514     41189376     41189376
      160896          256        1498.711     82378752     82378752
      176960            1           7.513       353920       353920
      176960            2          13.690       707840       707840
      176960            4          26.505      1415680      1415680
      176960            8          52.238      2831360      2831360
      176960           16         103.709      5662720      5662720
      176960           32         206.642     11325440     11325440
      176960           64         415.283     22650880     22650880
      176960          128         824.508     45301760     45301760
      176960          256        1647.998     90603520     90603520
      194624            1           8.208       389248       389248
      194624            2          14.953       778496       778496
      194624            4          29.174      1556992      1556992
      194624            8          57.745      3113984      3113984
      194624           16         113.989      6227968      6227968
      194624           32         227.286     12455936     12455936
      194624           64         453.661     24911872     24911872
      194624          128         909.018     49823744     49823744
      194624          256        1812.597     99647488     99647488
      214080            1           9.222       428160       428160
      214080            2          16.477       856320       856320
      214080            4          31.990      1712640      1712640
      214080            8          63.157      3425280      3425280
      214080           16         125.480      6850560      6850560
      214080           32         249.981     13701120     13701120
      214080           64         498.967     27402240     27402240
      214080          128         999.189     54804480     54804480
      214080          256        1993.489    109608960    109608960
      235456            1           9.990       470912       470912
      235456            2          18.120       941824       941824
      235456            4          35.202      1883648      1883648
      235456            8          69.437      3767296      3767296
      235456           16         137.886      7534592      7534592
      235456           32         274.905     15069184     15069184
      235456           64         548.806     30138368     30138368
      235456          128        1099.748     60276736     60276736
      235456          256        4953.079    120553472    120553472
      258944            1        1964.719       517888       517888
      258944            2          61.308      1035776      1035776
      258944            4          38.801      2071552      2071552
      258944            8          76.337      4143104      4143104
      258944           16         151.623      8286208      8286208
      258944           32         311.011     16572416     16572416
      258944           64         603.536     33144832     33144832
      258944          128        1205.721     66289664     66289664
      284800            1          12.807       569600       569600
      284800            2          22.037      1139200      1139200
      284800            4          42.750      2278400      2278400
      284800            8          85.525      4556800      4556800
      284800           16         171.361      9113600      9113600
      284800           32         342.648     18227200     18227200
      284800           64         685.492     36454400     36454400
      284800          128        1394.957     72908800     72908800
      313280            1          14.042       626560       626560
      313280            2          24.564      1253120      1253120
      313280            4          47.804      2506240      2506240
      313280            8          95.301      5012480      5012480
      313280           16         190.851     10024960     10024960
      313280           32         381.678     20049920     20049920
      313280           64         763.850     40099840     40099840
      313280          128        1527.600     80199680     80199680
      344576            1          15.402       689152       689152
      344576            2          27.033      1378304      1378304
      344576            4          53.163      2756608      2756608
      344576            8         105.688      5513216      5513216
      344576           16         253.960     11026432     11026432
      344576           32         420.873     22052864     22052864
      344576           64         840.511     44105728     44105728
      344576          128        1680.663     88211456     88211456
      379008            1          16.723       758016       758016
      379008            2          29.601      1516032      1516032
      379008            4          58.459      3032064      3032064
      379008            8         116.306      6064128      6064128
      379008           16         232.102     12128256     12128256
      379008           32         468.839     24256512     24256512
      379008           64         924.601     48513024     48513024
      379008          128        1848.540     97026048     97026048
      416896            1          17.802       833792       833792
      416896            2          32.476      1667584      1667584
      416896            4          64.226      3335168      3335168
      416896            8         127.824      6670336      6670336
      416896           16         254.774     13340672     13340672
      416896           32         508.885     26681344     26681344
      416896           64        1019.160     53362688     53362688
      416896          128        2033.091    106725376    106725376
      458560            1          19.587       917120       917120
      458560            2          35.645      1834240      1834240
      458560            4          70.473      3668480      3668480
      458560            8         140.432      7336960      7336960
      458560           16         280.237     14673920     14673920
      458560           32         564.532     29347840     29347840
      458560           64        1118.739     58695680     58695680
      458560          128        2235.911    117391360    117391360
      504384            1          21.827      1008768      1008768
      504384            2          39.144      2017536      2017536
      504384            4          77.557      4035072      4035072
      504384            8         154.495      8070144      8070144
      504384           16         317.446     16140288     16140288
      504384           32         615.430     32280576     32280576
      504384           64        1230.330     64561152     64561152
      554816            1          24.248      1109632      1109632
      554816            2          42.970      2219264      2219264
      554816            4          85.280      4438528      4438528
      554816            8         169.806      8877056      8877056
      554816           16         338.722     17754112     17754112
      554816           32         676.831     35508224     35508224
      554816           64        1355.933     71016448     71016448
      610240            1          26.064      1220480      1220480
      610240            2          47.182      2440960      2440960
      610240            4          93.802      4881920      4881920
      610240            8         186.775      9763840      9763840
      610240           16         372.596     19527680     19527680
      610240           32         744.421     39055360     39055360
      610240           64        1488.093     78110720     78110720
      671232            1          29.160      1342464      1342464
      671232            2          51.828      2684928      2684928
      671232            4         102.934      5369856      5369856
      671232            8         205.187     10739712     10739712
      671232           16         415.381     21479424     21479424
      671232           32         837.736     42958848     42958848
      671232           64        1636.714     85917696     85917696
      738304            1          31.731      1476608      1476608
      738304            2          56.923      2953216      2953216
      738304            4         113.184      5906432      5906432
      738304            8         225.606     11812864     11812864
      738304           16         450.501     23625728     23625728
      738304           32         966.323     47251456     47251456
      738304           64        1801.952     94502912     94502912
      812096            1          35.460      1624192      1624192
      812096            2          62.561      3248384      3248384
      812096            4         124.500      6496768      6496768
      812096            8         248.335     12993536     12993536
      812096           16         495.467     25987072     25987072
      812096           32         996.081     51974144     51974144
      812096           64        1980.270    103948288    103948288
      893248            1          39.545      1786496      1786496
      893248            2          68.814      3572992      3572992
      893248            4         136.734      7145984      7145984
      893248            8         273.100     14291968     14291968
      893248           16         545.014     28583936     28583936
      893248           32        1092.369     57167872     57167872
      893248           64        2178.019    114335744    114335744
      982528            1          42.203      1965056      1965056
      982528            2          75.589      3930112      3930112
      982528            4         150.465      7860224      7860224
      982528            8         300.194     15720448     15720448
      982528           16         602.910     31440896     31440896
      982528           32        1199.089     62881792     62881792
     1080768            1          47.972      2161536      2161536
     1080768            2          83.179      4323072      4323072
     1080768            4         165.660      8646144      8646144
     1080768            8         330.580     17292288     17292288
     1080768           16         660.486     34584576     34584576
     1080768           32        1320.308     69169152     69169152
     1188800            1          53.340      2377600      2377600
     1188800            2          91.876      4755200      4755200
     1188800            4         185.380      9510400      9510400
     1188800            8         363.698     19020800     19020800
     1188800           16         727.195     38041600     38041600
     1188800           32        1453.304     76083200     76083200
     1307648            1          53.901      2615296      2615296
     1307648            2         100.733      5230592      5230592
     1307648            4         200.404     10461184     10461184
     1307648            8         400.184     20922368     20922368
     1307648           16         802.730     41844736     41844736
     1307648           32        1599.294     83689472     83689472
     1438400            1          59.193      2876800      2876800
     1438400            2         110.675      5753600      5753600
     1438400            4         220.420     11507200     11507200
     1438400            8         440.663     23014400     23014400
     1438400           16         880.152     46028800     46028800
     1438400           32        1790.125     92057600     92057600
     1582208            1          68.153      3164416      3164416
     1582208            2         121.636      6328832      6328832
     1582208            4         243.891     12657664     12657664
     1582208            8         485.367     25315328     25315328
     1582208           16         969.683     50630656     50630656
     1582208           32        1941.481    101261312    101261312
     1740416            1          76.119      3480832      3480832
     1740416            2         134.084      6961664      6961664
     1740416            4         267.162     13923328     13923328
     1740416            8         534.934     27846656     27846656
     1740416           16        1067.470     55693312     55693312
     1740416           32        2136.815    111386624    111386624
     1914432            1          83.879      3828864      3828864
     1914432            2         147.639      7657728      7657728
     1914432            4         294.552     15315456     15315456
     1914432            8         587.463     30630912     30630912
     1914432           16        1173.640     61261824     61261824
     1914432           32        2350.431    122523648    122523648
     2105856            1          88.137      4211712      4211712
     2105856            2         163.274      8423424      8423424
     2105856            4         324.255     16846848     16846848
     2105856            8         651.176     33693696     33693696
     2105856           16        1300.571     67387392     67387392
     2316416            1          95.885      4632832      4632832
     2316416            2         179.706      9265664      9265664
     2316416            4         357.928     18531328     18531328
     2316416            8         713.950     37062656     37062656
     2316416           16        1429.813     74125312     74125312
     2548032            1         106.758      5096064      5096064
     2548032            2         197.495     10192128     10192128
     2548032            4         400.128     20384256     20384256
     2548032            8         787.696     40768512     40768512
     2548032           16        1574.873     81537024     81537024
     2802816            1         116.777      5605632      5605632
     2802816            2         217.415     11211264     11211264
     2802816            4         433.962     22422528     22422528
     2802816            8         873.447     44845056     44845056
     2802816           16        1732.915     89690112     89690112
     3083072            1         130.257      6166144      6166144
     3083072            2         241.123     12332288     12332288
     3083072            4         477.357     24664576     24664576
     3083072            8         956.008     49329152     49329152
     3083072           16        1917.853     98658304     98658304
     3391360            1         141.893      6782720      6782720
     3391360            2         263.591     13565440     13565440
     3391360            4         525.479     27130880     27130880
     3391360            8        1051.539     54261760     54261760
     3391360           16        2109.431    108523520    108523520
     3730496            1         155.256      7460992      7460992
     3730496            2         291.124     14921984     14921984
     3730496            4         579.267     29843968     29843968
     3730496            8        1157.405     59687936     59687936
     3730496           16        2323.636    119375872    119375872
     4103488            1         173.577      8206976      8206976
     4103488            2         320.005     16413952     16413952
     4103488            4         637.084     32827904     32827904
     4103488            8        1279.564     65655808     65655808
     4513792            1         188.565      9027584      9027584
     4513792            2         351.872     18055168     18055168
     4513792            4         699.854     36110336     36110336
     4513792            8        1401.650     72220672     72220672
     4965120            1         206.854      9930240      9930240
     4965120            2         386.246     19860480     19860480
     4965120            4         778.246     39720960     39720960
     4965120            8        1540.002     79441920     79441920
     5461632            1         227.586     10923264     10923264
     5461632            2         425.128     21846528     21846528
     5461632            4         847.747     43693056     43693056
     5461632            8        1700.748     87386112     87386112
     6007744            1         250.744     12015488     12015488
     6007744            2         465.192     24030976     24030976
     6007744            4         932.559     48061952     48061952
     6007744            8        1871.577     96123904     96123904
     6608512            1         276.545     13217024     13217024
     6608512            2         513.794     26434048     26434048
     6608512            4        1024.716     52868096     52868096
     6608512            8        2057.486    105736192    105736192
     7269312            1         302.963     14538624     14538624
     7269312            2         564.955     29077248     29077248
     7269312            4        1126.859     58154496     58154496
     7269312            8        2261.330    116308992    116308992
     7996224            1         334.344     15992448     15992448
     7996224            2         620.950     31984896     31984896
     7996224            4        1239.605     63969792     63969792
     8795840            1         366.963     17591680     17591680
     8795840            2         689.875     35183360     35183360
     8795840            4        1363.353     70366720     70366720
     9675392            1         403.204     19350784     19350784
     9675392            2         750.509     38701568     38701568
     9675392            4        1507.505     77403136     77403136
    10642880            1         445.220     21285760     21285760
    10642880            2         825.383     42571520     42571520
    10642880            4        1649.696     85143040     85143040
    11707136            1         489.148     23414272     23414272
    11707136            2         915.901     46828544     46828544
    11707136            4        1814.458     93657088     93657088
    12877824            1         537.758     25755648     25755648
    12877824            2        1005.191     51511296     51511296
    12877824            4        1996.690    103022592    103022592
    14165568            1         591.043     28331136     28331136
    14165568            2        1098.814     56662272     56662272
    14165568            4        2203.646    113324544    113324544
    15582080            1         651.122     31164160     31164160
    15582080            2        1214.002     62328320     62328320
    15582080            4        2434.724    124656640    124656640
    17140288            1         715.249     34280576     34280576
    17140288            2        1366.799     68561152     68561152
    18854272            1         804.106     37708544     37708544
    18854272            2        1518.623     75417088     75417088
    20739648            1         906.189     41479296     41479296
    20739648            2        1783.945     82958592     82958592
    22813568            1        1034.465     45627136     45627136
    22813568            2        2101.259     91254272     91254272
    25094912            1        1229.257     50189824     50189824
    25094912            2        2649.548    100379648    100379648
    27604352            1        1514.670     55208704     55208704
    27604352            2        3432.488    110417408    110417408
    30364736            1        1922.142     60729472     60729472
    30364736            2        4259.127    121458944    121458944
    33401152            1        2405.348     66802304     66802304
    36741248            1        2833.570     73482496     73482496
    40415360            1        3252.747     80830720     80830720
    44456896            1        3536.230     88913792     88913792
    48902528            1        3974.379     97805056     97805056
    53792768            1        4387.586    107585536    107585536
    59172032            1        4766.397    118344064    118344064

META_DATA
MPI_PROCS      1
OPENMP_THREADS 8
FLOPS          16
ERT_VERSION  1.0.0
TIMESTAMP_DATA  1594866808.68
HOSTNAME  ('apollo-PowerEdge-R430', [], ['127.0.1.1'])
UNAME  ('Linux', 'apollo-PowerEdge-R430', '4.19.129-0419129-generic', '#202006220433 SMP Mon Jun 22 09:12:54 UTC 2020', 'x86_64', 'x86_64')
CONFIG  {'ERT_WORKING_SET_MIN': ['1'], 'ERT_CFLAGS': ['-O3'], 'ERT_CC': ['gcc'], 'ERT_MPI_CFLAGS': [], 'ERT_MPI_LDFLAGS': [], 'ERT_MEMORY_MAX': ['62497788'], 'ERT_PROCS_THREADS': ['8'], 'ERT_LDFLAGS': [], 'ERT_LDLIBS': [], 'ERT_SPEC_GBYTES_DRAM': ['1.0'], 'ERT_RUN': ['export', 'KMP_AFFINITY=scatter;', 'export', 'OMP_NUM_THREADS=ERT_OPENMP_THREADS;', 'ERT_CODE'], 'ERT_FLOPS': ['1,2,4,8,16'], 'ERT_OPENMP_CFLAGS': ['-fopenmp'], 'ERT_SPEC_GFLOPS': ['1.0'], 'ERT_MPI': ['False'], 'ERT_TRIALS_MIN': ['1'], 'ERT_DRIVER': ['driver1'], 'ERT_RESULTS': ['Results.x86'], 'ERT_OPENMP': ['True'], 'ERT_MPI_PROCS': ['1'], 'ERT_KERNEL': ['kernel1'], 'ERT_OPENMP_THREADS': ['1-32'], 'ERT_LD': ['gcc'], 'ERT_NUM_EXPERIMENTS': ['6'], 'ERT_OPENMP_LDFLAGS': ['-fopenmp'], 'ERT_ALIGN': ['32'], 'ERT_GNUPLOT': ['gnuplot']}
