          64            1           1.129          128          128
          64            2           0.889          256          256
          64            4           0.893          512          512
          64            8           1.000         1024         1024
          64           16           1.390         2048         2048
          64           32           1.626         4096         4096
          64           64           2.499         8192         8192
          64          128           4.226        16384        16384
          64          256           7.683        32768        32768
          64          512          14.607        65536        65536
          64         1024          28.455       131072       131072
          64         2048          56.125       262144       262144
          64         4096         111.489       524288       524288
          64         8192         222.211      1048576      1048576
          64        16384         443.652      2097152      2097152
          64        32768         896.490      4194304      4194304
          64        65536        1772.291      8388608      8388608
          64       131072        3547.948     16777216     16777216
          64       262144        6475.488     33554432     33554432
          64       524288       12383.185     67108864     67108864
         128            1           0.759          256          256
         128            2           0.773          512          512
         128            4           0.803         1024         1024
         128            8           0.886         2048         2048
         128           16           1.078         4096         4096
         128           32           1.455         8192         8192
         128           64           2.205        16384        16384
         128          128           3.714        32768        32768
         128          256           6.715        65536        65536
         128          512          12.732       131072       131072
         128         1024          24.778       262144       262144
         128         2048          48.848       524288       524288
         128         4096          96.986      1048576      1048576
         128         8192         193.261      2097152      2097152
         128        16384         385.895      4194304      4194304
         128        32768         771.113      8388608      8388608
         128        65536        1541.191     16777216     16777216
         128       131072        3091.808     33554432     33554432
         128       262144        6176.598     67108864     67108864
         192            1           0.780          384          384
         192            2           0.770          768          768
         192            4           0.812         1536         1536
         192            8           0.888         3072         3072
         192           16           1.083         6144         6144
         192           32           1.451        12288        12288
         192           64           2.214        24576        24576
         192          128           3.826        49152        49152
         192          256           6.728        98304        98304
         192          512          12.939       196608       196608
         192         1024          24.805       393216       393216
         192         2048          49.016       786432       786432
         192         4096          97.104      1572864      1572864
         192         8192         193.376      3145728      3145728
         192        16384         385.930      6291456      6291456
         192        32768         771.029     12582912     12582912
         192        65536        1544.193     25165824     25165824
         192       131072        3081.728     50331648     50331648
         192       262144        6170.004    100663296    100663296
         256            1           0.798          512          512
         256            2           0.839         1024         1024
         256            4           0.935         2048         2048
         256            8           0.907         4096         4096
         256           16           1.083         8192         8192
         256           32           1.460        16384        16384
         256           64           2.391        32768        32768
         256          128           3.785        65536        65536
         256          256           6.717       131072       131072
         256          512          12.816       262144       262144
         256         1024          25.059       524288       524288
         256         2048          48.877      1048576      1048576
         256         4096          97.272      2097152      2097152
         256         8192         193.371      4194304      4194304
         256        16384         385.931      8388608      8388608
         256        32768         771.125     16777216     16777216
         256        65536        1545.658     33554432     33554432
         256       131072        3081.726     67108864     67108864
         320            1           0.757          640          640
         320            2           0.788         1280         1280
         320            4           0.837         2560         2560
         320            8           0.891         5120         5120
         320           16           1.090        10240        10240
         320           32           1.460        20480        20480
         320           64           2.215        40960        40960
         320          128           3.891        81920        81920
         320          256           6.729       163840       163840
         320          512          12.941       327680       327680
         320         1024          24.801       655360       655360
         320         2048          48.979      1310720      1310720
         320         4096         107.729      2621440      2621440
         320         8192         193.407      5242880      5242880
         320        16384         386.065     10485760     10485760
         320        32768         771.079     20971520     20971520
         320        65536        1541.345     41943040     41943040
         320       131072        3084.656     83886080     83886080
         384            1           0.768          768          768
         384            2           0.793         1536         1536
         384            4           0.814         3072         3072
         384            8           0.912         6144         6144
         384           16           1.088        12288        12288
         384           32           1.467        24576        24576
         384           64           2.214        49152        49152
         384          128           3.820        98304        98304
         384          256           6.732       196608       196608
         384          512          12.770       393216       393216
         384         1024          24.806       786432       786432
         384         2048          48.955      1572864      1572864
         384         4096          97.102      3145728      3145728
         384         8192         193.417      6291456      6291456
         384        16384         385.985     12582912     12582912
         384        32768         771.148     25165824     25165824
         384        65536        1546.444     50331648     50331648
         384       131072        3084.548    100663296    100663296
         448            1           0.762          896          896
         448            2           0.794         1792         1792
         448            4           0.820         3584         3584
         448            8           0.914         7168         7168
         448           16           1.098        14336        14336
         448           32           1.483        28672        28672
         448           64           2.237        57344        57344
         448          128           3.735       114688       114688
         448          256           6.762       229376       229376
         448          512          12.851       458752       458752
         448         1024          24.930       917504       917504
         448         2048          49.244      1835008      1835008
         448         4096          97.596      3670016      3670016
         448         8192         194.357      7340032      7340032
         448        16384         388.014     14680064     14680064
         448        32768         774.832     29360128     29360128
         448        65536        1548.441     58720256     58720256
         448       131072        3101.290    117440512    117440512
         512            1           0.768         1024         1024
         512            2           0.818         2048         2048
         512            4           0.836         4096         4096
         512            8           0.913         8192         8192
         512           16           1.099        16384        16384
         512           32           1.481        32768        32768
         512           64           2.244        65536        65536
         512          128           3.751       131072       131072
         512          256           6.822       262144       262144
         512          512          12.861       524288       524288
         512         1024          24.953      1048576      1048576
         512         2048          49.370      2097152      2097152
         512         4096          97.853      4194304      4194304
         512         8192         194.805      8388608      8388608
         512        16384         388.660     16777216     16777216
         512        32768         779.460     33554432     33554432
         512        65536        1552.574     67108864     67108864
         576            1           0.761         1152         1152
         576            2           0.798         2304         2304
         576            4           0.840         4608         4608
         576            8           0.938         9216         9216
         576           16           1.123        18432        18432
         576           32           1.526        36864        36864
         576           64           2.327        73728        73728
         576          128           3.928       147456       147456
         576          256           7.146       294912       294912
         576          512          13.551       589824       589824
         576         1024          26.484      1179648      1179648
         576         2048          52.057      2359296      2359296
         576         4096         103.334      4718592      4718592
         576         8192         205.717      9437184      9437184
         576        16384         410.616     18874368     18874368
         576        32768         820.430     37748736     37748736
         576        65536        1644.180     75497472     75497472
         640            1           0.791         1280         1280
         640            2           0.794         2560         2560
         640            4           0.834         5120         5120
         640            8           0.938        10240        10240
         640           16           1.174        20480        20480
         640           32           1.579        40960        40960
         640           64           2.318        81920        81920
         640          128           3.914       163840       163840
         640          256           7.113       327680       327680
         640          512          13.622       655360       655360
         640         1024          26.435      1310720      1310720
         640         2048          51.957      2621440      2621440
         640         4096         103.290      5242880      5242880
         640         8192         205.465     10485760     10485760
         640        16384         410.042     20971520     20971520
         640        32768         819.389     41943040     41943040
         640        65536        1657.835     83886080     83886080
         704            1           1.302         1408         1408
         704            2           0.818         2816         2816
         704            4           0.864         5632         5632
         704            8           0.958        11264        11264
         704           16           1.193        22528        22528
         704           32           1.642        45056        45056
         704           64           2.544        90112        90112
         704          128           4.375       180224       180224
         704          256           7.982       360448       360448
         704          512          15.322       720896       720896
         704         1024          29.856      1441792      1441792
         704         2048          63.083      2883584      2883584
         704         4096         123.846      5767168      5767168
         704         8192         233.911     11534336     11534336
         704        16384         466.969     23068672     23068672
         704        32768         932.874     46137344     46137344
         704        65536        1868.730     92274688     92274688
         768            1           0.773         1536         1536
         768            2           0.998         3072         3072
         768            4           0.951         6144         6144
         768            8           0.961        12288        12288
         768           16           1.174        24576        24576
         768           32           1.701        49152        49152
         768           64           2.517        98304        98304
         768          128           4.308       196608       196608
         768          256           8.073       393216       393216
         768          512          15.086       786432       786432
         768         1024          29.584      1572864      1572864
         768         2048          58.194      3145728      3145728
         768         4096         115.483      6291456      6291456
         768         8192         230.306     12582912     12582912
         768        16384         459.867     25165824     25165824
         768        32768         918.374     50331648     50331648
         768        65536        1836.332    100663296    100663296
         832            1           0.765         1664         1664
         832            2           0.918         3328         3328
         832            4           1.039         6656         6656
         832            8           1.023        13312        13312
         832           16           1.306        26624        26624
         832           32           1.775        53248        53248
         832           64           2.862       106496       106496
         832          128           4.973       212992       212992
         832          256           9.193       425984       425984
         832          512          17.681       851968       851968
         832         1024          34.764      1703936      1703936
         832         2048          71.570      3407872      3407872
         832         4096         136.688      6815744      6815744
         832         8192         272.400     13631488     13631488
         832        16384         544.004     27262976     27262976
         832        32768        1087.098     54525952     54525952
         832        65536        2177.401    109051904    109051904
         896            1           0.787         1792         1792
         896            2           0.921         3584         3584
         896            4           0.882         7168         7168
         896            8           1.049        14336        14336
         896           16           1.362        28672        28672
         896           32           1.934        57344        57344
         896           64           3.002       114688       114688
         896          128           4.946       229376       229376
         896          256           9.191       458752       458752
         896          512          17.655       917504       917504
         896         1024          34.664      1835008      1835008
         896         2048          68.517      3670016      3670016
         896         4096         136.258      7340032      7340032
         896         8192         271.610     14680064     14680064
         896        16384         542.185     29360128     29360128
         896        32768        1083.695     58720256     58720256
         896        65536        2169.131    117440512    117440512
         960            1           0.799         1920         1920
         960            2           0.986         3840         3840
         960            4           1.031         7680         7680
         960            8           1.039        15360        15360
         960           16           1.329        30720        30720
         960           32           2.007        61440        61440
         960           64           3.328       122880       122880
         960          128           5.558       245760       245760
         960          256          10.392       491520       491520
         960          512          20.249       983040       983040
         960         1024          39.499      1966080      1966080
         960         2048          78.075      3932160      3932160
         960         4096         155.316      7864320      7864320
         960         8192         309.853     15728640     15728640
         960        16384         619.042     31457280     31457280
         960        32768        1237.324     62914560     62914560
        1024            1           0.849         2048         2048
        1024            2           0.816         4096         4096
        1024            4           0.949         8192         8192
        1024            8           1.037        16384        16384
        1024           16           1.366        32768        32768
        1024           32           1.988        65536        65536
        1024           64           3.225       131072       131072
        1024          128           5.601       262144       262144
        1024          256          10.236       524288       524288
        1024          512          19.705      1048576      1048576
        1024         1024          38.769      2097152      2097152
        1024         2048          76.724      4194304      4194304
        1024         4096         152.618      8388608      8388608
        1024         8192         304.396     16777216     16777216
        1024        16384         612.925     33554432     33554432
        1024        32768        1215.191     67108864     67108864
        1088            1           0.778         2176         2176
        1088            2           0.814         4352         4352
        1088            4           0.906         8704         8704
        1088            8           1.072        17408        17408
        1088           16           1.409        34816        34816
        1088           32           2.096        69632        69632
        1088           64           3.443       139264       139264
        1088          128           6.165       278528       278528
        1088          256          11.612       557056       557056
        1088          512          22.502      1114112      1114112
        1088         1024          44.331      2228224      2228224
        1088         2048          87.860      4456448      4456448
        1088         4096         174.869      8912896      8912896
        1088         8192         348.877     17825792     17825792
        1088        16384         697.066     35651584     35651584
        1088        32768        1395.774     71303168     71303168
        1152            1           0.790         2304         2304
        1152            2           0.985         4608         4608
        1152            4           0.903         9216         9216
        1152            8           1.242        18432        18432
        1152           16           1.406        36864        36864
        1152           32           2.194        73728        73728
        1152           64           3.444       147456       147456
        1152          128           6.155       294912       294912
        1152          256          11.578       589824       589824
        1152          512          22.397      1179648      1179648
        1152         1024          44.164      2359296      2359296
        1152         2048          87.600      4718592      4718592
        1152         4096         174.348      9437184      9437184
        1152         8192         347.766     18874368     18874368
        1152        16384         694.816     37748736     37748736
        1152        32768        1388.849     75497472     75497472
        1216            1           0.778         2432         2432
        1216            2           0.832         4864         4864
        1216            4           0.930         9728         9728
        1216            8           1.110        19456        19456
        1216           16           1.480        38912        38912
        1216           32           2.236        77824        77824
        1216           64           3.737       155648       155648
        1216          128           6.742       311296       311296
        1216          256          12.806       622592       622592
        1216          512          24.806      1245184      1245184
        1216         1024          48.999      2490368      2490368
        1216         2048          97.088      4980736      4980736
        1216         4096         193.407      9961472      9961472
        1216         8192         388.655     19922944     19922944
        1216        16384         771.209     39845888     39845888
        1216        32768        1541.507     79691776     79691776
        1280            1           0.764         2560         2560
        1280            2           0.838         5120         5120
        1280            4           0.941        10240        10240
        1280            8           1.107        20480        20480
        1280           16           1.643        40960        40960
        1280           32           2.311        81920        81920
        1280           64           3.765       163840       163840
        1280          128           6.764       327680       327680
        1280          256          12.556       655360       655360
        1280          512          24.389      1310720      1310720
        1280         1024          48.113      2621440      2621440
        1280         2048          95.531      5242880      5242880
        1280         4096         189.997     10485760     10485760
        1280         8192         379.201     20971520     20971520
        1280        16384         757.525     41943040     41943040
        1280        32768        1518.891     83886080     83886080
        1408            1           0.790         2816         2816
        1408            2           0.840         5632         5632
        1408            4           0.954        11264        11264
        1408            8           1.147        22528        22528
        1408           16           1.590        45056        45056
        1408           32           2.412        90112        90112
        1408           64           4.024       180224       180224
        1408          128           7.468       360448       360448
        1408          256          13.968       720896       720896
        1408          512          27.245      1441792      1441792
        1408         1024          53.925      2883584      2883584
        1408         2048         106.590      5767168      5767168
        1408         4096         212.394     11534336     11534336
        1408         8192         423.930     23068672     23068672
        1408        16384         847.230     46137344     46137344
        1408        32768        1697.167     92274688     92274688
        1536            1           0.813         3072         3072
        1536            2           0.865         6144         6144
        1536            4           0.963        12288        12288
        1536            8           1.170        24576        24576
        1536           16           1.611        49152        49152
        1536           32           2.503        98304        98304
        1536           64           4.278       196608       196608
        1536          128           7.800       393216       393216
        1536          256          14.913       786432       786432
        1536          512          29.037      1572864      1572864
        1536         1024          57.468      3145728      3145728
        1536         2048         114.071      6291456      6291456
        1536         4096         227.154     12582912     12582912
        1536         8192         453.728     25165824     25165824
        1536        16384         906.228     50331648     50331648
        1536        32768        1816.208    100663296    100663296
        1664            1           0.835         3328         3328
        1664            2           0.848         6656         6656
        1664            4           0.979        13312        13312
        1664            8           1.217        26624        26624
        1664           16           1.718        53248        53248
        1664           32           2.687       106496       106496
        1664           64           4.627       212992       212992
        1664          128           8.537       425984       425984
        1664          256          16.342       851968       851968
        1664          512          32.054      1703936      1703936
        1664         1024          63.274      3407872      3407872
        1664         2048         125.653      6815744      6815744
        1664         4096         250.636     13631488     13631488
        1664         8192         500.284     27262976     27262976
        1664        16384         999.893     54525952     54525952
        1664        32768        2010.076    109051904    109051904
        1792            1           0.801         3584         3584
        1792            2           0.868         7168         7168
        1792            4           0.997        14336        14336
        1792            8           1.245        28672        28672
        1792           16           1.757        57344        57344
        1792           32           2.795       114688       114688
        1792           64           4.847       229376       229376
        1792          128           8.976       458752       458752
        1792          256          17.209       917504       917504
        1792          512          33.683      1835008      1835008
        1792         1024          66.757      3670016      3670016
        1792         2048         132.625      7340032      7340032
        1792         4096         264.401     14680064     14680064
        1792         8192         528.090     29360128     29360128
        1792        16384        1055.498     58720256     58720256
        1792        32768        2112.839    117440512    117440512
        1920            1           0.799         3840         3840
        1920            2           0.884         7680         7680
        1920            4           1.054        15360        15360
        1920            8           1.291        30720        30720
        1920           16           1.886        61440        61440
        1920           32           3.011       122880       122880
        1920           64           5.219       245760       245760
        1920          128           9.752       491520       491520
        1920          256          18.728       983040       983040
        1920          512          36.827      1966080      1966080
        1920         1024          72.876      3932160      3932160
        1920         2048         144.830      7864320      7864320
        1920         4096         288.709     15728640     15728640
        1920         8192         576.442     31457280     31457280
        1920        16384        1152.004     62914560     62914560
        2112            1           0.828         4224         4224
        2112            2           0.929         8448         8448
        2112            4           1.064        16896        16896
        2112            8           1.524        33792        33792
        2112           16           2.081        67584        67584
        2112           32           3.275       135168       135168
        2112           64           5.818       270336       270336
        2112          128          10.971       540672       540672
        2112          256          21.112      1081344      1081344
        2112          512          41.650      2162688      2162688
        2112         1024          82.570      4325376      4325376
        2112         2048         163.939      8650752      8650752
        2112         4096         327.138     17301504     17301504
        2112         8192         656.166     34603008     34603008
        2112        16384        1306.214     69206016     69206016
        2304            1           0.816         4608         4608
        2304            2           0.927         9216         9216
        2304            4           1.093        18432        18432
        2304            8           1.410        36864        36864
        2304           16           2.058        73728        73728
        2304           32           3.359       147456       147456
        2304           64           6.027       294912       294912
        2304          128          11.317       589824       589824
        2304          256          21.867      1179648      1179648
        2304          512          43.092      2359296      2359296
        2304         1024          85.319      4718592      4718592
        2304         2048         169.791      9437184      9437184
        2304         4096         338.937     18874368     18874368
        2304         8192         676.969     37748736     37748736
        2304        16384        1380.922     75497472     75497472
        2496            1           0.937         4992         4992
        2496            2           0.936         9984         9984
        2496            4           1.123        19968        19968
        2496            8           1.472        39936        39936
        2496           16           2.224        79872        79872
        2496           32           3.724       159744       159744
        2496           64           6.702       319488       319488
        2496          128          12.792       638976       638976
        2496          256          24.659      1277952      1277952
        2496          512          48.675      2555904      2555904
        2496         1024          96.622      5111808      5111808
        2496         2048         192.350     10223616     10223616
        2496         4096         383.889     20447232     20447232
        2496         8192         767.196     40894464     40894464
        2496        16384        1533.283     81788928     81788928
        2688            1           0.848         5376         5376
        2688            2           0.958        10752        10752
        2688            4           1.136        21504        21504
        2688            8           1.524        43008        43008
        2688           16           2.307        86016        86016
        2688           32           3.859       172032       172032
        2688           64           7.018       344064       344064
        2688          128          13.299       688128       688128
        2688          256          25.955      1376256      1376256
        2688          512          51.094      2752512      2752512
        2688         1024         101.367      5505024      5505024
        2688         2048         203.962     11010048     11010048
        2688         4096         403.096     22020096     22020096
        2688         8192         804.975     44040192     44040192
        2688        16384        1609.296     88080384     88080384
        2944            1           0.855         5888         5888
        2944            2           0.957        11776        11776
        2944            4           1.162        23552        23552
        2944            8           1.679        47104        47104
        2944           16           2.441        94208        94208
        2944           32           4.164       188416       188416
        2944           64           7.682       376832       376832
        2944          128          14.489       753664       753664
        2944          256          28.430      1507328      1507328
        2944          512          55.817      3014656      3014656
        2944         1024         110.854      6029312      6029312
        2944         2048         221.117     12058624     12058624
        2944         4096         441.048     24117248     24117248
        2944         8192         883.620     48234496     48234496
        2944        16384        1761.468     96468992     96468992
        3200            1           0.872         6400         6400
        3200            2           0.978        12800        12800
        3200            4           1.206        25600        25600
        3200            8           1.676        51200        51200
        3200           16           2.596       102400       102400
        3200           32           4.449       204800       204800
        3200           64           8.207       409600       409600
        3200          128          15.685       819200       819200
        3200          256          30.690      1638400      1638400
        3200          512          60.623      3276800      3276800
        3200         1024         120.382      6553600      6553600
        3200         2048         240.017     13107200     13107200
        3200         4096         479.129     26214400     26214400
        3200         8192         960.437     52428800     52428800
        3200        16384        1913.765    104857600    104857600
        3520            1           0.901         7040         7040
        3520            2           1.244        14080        14080
        3520            4           1.262        28160        28160
        3520            8           1.969        56320        56320
        3520           16           2.816       112640       112640
        3520           32           5.131       225280       225280
        3520           64           9.093       450560       450560
        3520          128          17.462       901120       901120
        3520          256          34.285      1802240      1802240
        3520          512          67.757      3604480      3604480
        3520         1024         134.676      7208960      7208960
        3520         2048         268.639     14417920     14417920
        3520         4096         536.133     28835840     28835840
        3520         8192        1074.465     57671680     57671680
        3520        16384        2142.474    115343360    115343360
        3840            1           0.896         7680         7680
        3840            2           1.032        15360        15360
        3840            4           1.286        30720        30720
        3840            8           1.832        61440        61440
        3840           16           2.934       122880       122880
        3840           32           5.132       245760       245760
        3840           64           9.510       491520       491520
        3840          128          18.263       983040       983040
        3840          256          36.078      1966080      1966080
        3840          512          71.006      3932160      3932160
        3840         1024         141.225      7864320      7864320
        3840         2048         281.372     15728640     15728640
        3840         4096         562.150     31457280     31457280
        3840         8192        1125.816     62914560     62914560
        4224            1           1.131         8448         8448
        4224            2           1.055        16896        16896
        4224            4           1.351        33792        33792
        4224            8           2.005        67584        67584
        4224           16           3.249       135168       135168
        4224           32           5.777       270336       270336
        4224           64          10.847       540672       540672
        4224          128          20.970      1081344      1081344
        4224          256          41.280      2162688      2162688
        4224          512          81.752      4325376      4325376
        4224         1024         162.555      8650752      8650752
        4224         2048         324.277     17301504     17301504
        4224         4096         647.776     34603008     34603008
        4224         8192        1294.756     69206016     69206016
        4608            1           0.962         9216         9216
        4608            2           1.079        18432        18432
        4608            4           1.419        36864        36864
        4608            8           2.095        73728        73728
        4608           16           3.476       147456       147456
        4608           32           6.203       294912       294912
        4608           64          10.884       589824       589824
        4608          128          21.846      1179648      1179648
        4608          256          43.885      2359296      2359296
        4608          512          87.847      4718592      4718592
        4608         1024         178.864      9437184      9437184
        4608         2048         352.148     18874368     18874368
        4608         4096         704.304     37748736     37748736
        4608         8192        1409.641     75497472     75497472
        5056            1           0.966        10112        10112
        5056            2           1.218        20224        20224
        5056            4           1.535        40448        40448
        5056            8           2.396        80896        80896
        5056           16           3.782       161792       161792
        5056           32           6.816       323584       323584
        5056           64          12.964       647168       647168
        5056          128          25.149      1294336      1294336
        5056          256          49.497      2588672      2588672
        5056          512          98.182      5177344      5177344
        5056         1024         195.524     10354688     10354688
        5056         2048         389.448     20709376     20709376
        5056         4096         781.911     41418752     41418752
        5056         8192        1558.592     82837504     82837504
        5504            1           1.048        11008        11008
        5504            2           1.164        22016        22016
        5504            4           1.583        44032        44032
        5504            8           2.374        88064        88064
        5504           16           4.026       176128       176128
        5504           32           7.276       352256       352256
        5504           64          13.831       704512       704512
        5504          128          26.947      1409024      1409024
        5504          256          52.961      2818048      2818048
        5504          512         105.605      5636096      5636096
        5504         1024         210.415     11272192     11272192
        5504         2048         419.224     22544384     22544384
        5504         4096         839.212     45088768     45088768
        5504         8192        1679.873     90177536     90177536
        6016            1           1.025        12032        12032
        6016            2           1.176        24064        24064
        6016            4           1.633        48128        48128
        6016            8           2.521        96256        96256
        6016           16           4.303       192512       192512
        6016           32           7.854       385024       385024
        6016           64          14.991       770048       770048
        6016          128          29.280      1540096      1540096
        6016          256          57.949      3080192      3080192
        6016          512         114.974      6160384      6160384
        6016         1024         229.240     12320768     12320768
        6016         2048         457.454     24641536     24641536
        6016         4096         914.199     49283072     49283072
        6016         8192        1830.722     98566144     98566144
        6592            1           1.061        13184        13184
        6592            2           1.236        26368        26368
        6592            4           1.738        52736        52736
        6592            8           2.693       105472       105472
        6592           16           4.674       210944       210944
        6592           32           8.609       421888       421888
        6592           64          16.508       843776       843776
        6592          128          32.266      1687552      1687552
        6592          256          63.832      3375104      3375104
        6592          512         126.757      6750208      6750208
        6592         1024         252.637     13500416     13500416
        6592         2048         503.829     27000832     27000832
        6592         4096        1007.894     54001664     54001664
        6592         8192        2018.778    108003328    108003328
        7232            1           1.005        14464        14464
        7232            2           1.369        28928        28928
        7232            4           1.867        57856        57856
        7232            8           2.887       115712       115712
        7232           16           5.036       231424       231424
        7232           32           9.328       462848       462848
        7232           64          17.932       925696       925696
        7232          128          35.186      1851392      1851392
        7232          256          69.694      3702784      3702784
        7232          512         138.625      7405568      7405568
        7232         1024         276.166     14811136     14811136
        7232         2048         550.901     29622272     29622272
        7232         4096        1101.720     59244544     59244544
        7232         8192        2206.256    118489088    118489088
        7936            1           1.039        15872        15872
        7936            2           1.334        31744        31744
        7936            4           1.919        63488        63488
        7936            8           3.083       126976       126976
        7936           16           5.430       253952       253952
        7936           32          10.122       507904       507904
        7936           64          19.487      1015808      1015808
        7936          128          38.214      2031616      2031616
        7936          256          75.851      4063232      4063232
        7936          512         150.808      8126464      8126464
        7936         1024         300.659     16252928     16252928
        7936         2048         600.627     32505856     32505856
        7936         4096        1200.317     65011712     65011712
        8704            1           1.051        17408        17408
        8704            2           1.383        34816        34816
        8704            4           2.023        69632        69632
        8704            8           3.287       139264       139264
        8704           16           5.871       278528       278528
        8704           32          11.007       557056       557056
        8704           64          21.303      1114112      1114112
        8704          128          41.811      2228224      2228224
        8704          256          82.975      4456448      4456448
        8704          512         167.866      8912896      8912896
        8704         1024         329.190     17825792     17825792
        8704         2048         657.854     35651584     35651584
        8704         4096        1314.771     71303168     71303168
        9536            1           1.161        19072        19072
        9536            2           1.446        38144        38144
        9536            4           2.174        76288        76288
        9536            8           3.547       152576       152576
        9536           16           6.381       305152       305152
        9536           32          12.024       610304       610304
        9536           64          23.332      1220608      1220608
        9536          128          45.925      2441216      2441216
        9536          256          91.178      4882432      4882432
        9536          512         181.334      9764864      9764864
        9536         1024         361.882     19529728     19529728
        9536         2048         722.560     39059456     39059456
        9536         4096        1447.459     78118912     78118912
       10432            1           1.122        20864        20864
       10432            2           1.567        41728        41728
       10432            4           2.290        83456        83456
       10432            8           3.826       166912       166912
       10432           16           6.929       333824       333824
       10432           32          13.135       667648       667648
       10432           64          25.491      1335296      1335296
       10432          128          50.086      2670592      2670592
       10432          256          99.626      5341184      5341184
       10432          512         198.175     10682368     10682368
       10432         1024         395.678     21364736     21364736
       10432         2048         789.775     42729472     42729472
       10432         4096        1582.196     85458944     85458944
       11456            1           1.270        22912        22912
       11456            2           1.672        45824        45824
       11456            4           2.547        91648        91648
       11456            8           4.119       183296       183296
       11456           16           7.490       366592       366592
       11456           32          14.268       733184       733184
       11456           64          27.854      1466368      1466368
       11456          128          54.852      2932736      2932736
       11456          256         109.097      5865472      5865472
       11456          512         217.173     11730944     11730944
       11456         1024         433.816     23461888     23461888
       11456         2048         866.334     46923776     46923776
       11456         4096        1731.369     93847552     93847552
       12544            1           1.196        25088        25088
       12544            2           1.675        50176        50176
       12544            4           2.596       100352       100352
       12544            8           4.430       200704       200704
       12544           16           8.107       401408       401408
       12544           32          15.524       802816       802816
       12544           64          32.633      1605632      1605632
       12544          128          59.626      3211264      3211264
       12544          256         118.693      6422528      6422528
       12544          512         236.579     12845056     12845056
       12544         1024         472.307     25690112     25690112
       12544         2048         943.335     51380224     51380224
       12544         4096        1886.142    102760448    102760448
       13760            1           1.242        27520        27520
       13760            2           1.742        55040        55040
       13760            4           2.756       110080       110080
       13760            8           4.779       220160       220160
       13760           16           8.852       440320       440320
       13760           32          17.107       880640       880640
       13760           64          33.162      1761280      1761280
       13760          128          65.732      3522560      3522560
       13760          256         132.798      7045120      7045120
       13760          512         259.997     14090240     14090240
       13760         1024         519.328     28180480     28180480
       13760         2048        1037.489     56360960     56360960
       13760         4096        2074.643    112721920    112721920
       15104            1           1.288        30208        30208
       15104            2           1.829        60416        60416
       15104            4           2.956       120832       120832
       15104            8           5.146       241664       241664
       15104           16           9.581       483328       483328
       15104           32          18.419       966656       966656
       15104           64          38.450      1933312      1933312
       15104          128          71.714      3866624      3866624
       15104          256         142.433      7733248      7733248
       15104          512         284.102     15466496     15466496
       15104         1024         567.302     30932992     30932992
       15104         2048        1133.858     61865984     61865984
       15104         4096        2269.844    123731968    123731968
       16576            1           1.354        33152        33152
       16576            2           1.988        66304        66304
       16576            4           3.145       132608       132608
       16576            8           5.592       265216       265216
       16576           16          10.536       530432       530432
       16576           32          20.288      1060864      1060864
       16576           64          39.676      2121728      2121728
       16576          128          78.738      4243456      4243456
       16576          256         156.593      8486912      8486912
       16576          512         312.651     16973824     16973824
       16576         1024         624.171     33947648     33947648
       16576         2048        1247.231     67895296     67895296
       18176            1           1.402        36352        36352
       18176            2           2.064        72704        72704
       18176            4           3.399       145408       145408
       18176            8           6.057       290816       290816
       18176           16          11.366       581632       581632
       18176           32          21.998      1163264      1163264
       18176           64          43.299      2326528      2326528
       18176          128          85.788      4653056      4653056
       18176          256         170.975      9306112      9306112
       18176          512         341.244     18612224     18612224
       18176         1024         695.538     37224448     37224448
       18176         2048        1362.683     74448896     74448896
       19968            1           1.475        39936        39936
       19968            2           2.194        79872        79872
       19968            4           3.729       159744       159744
       19968            8           6.565       319488       319488
       19968           16          12.411       638976       638976
       19968           32          24.079      1277952      1277952
       19968           64          47.702      2555904      2555904
       19968          128          94.139      5111808      5111808
       19968          256         187.937     10223616     10223616
       19968          512         374.755     20447232     20447232
       19968         1024         748.400     40894464     40894464
       19968         2048        1498.568     81788928     81788928
       21952            1           1.668        43904        43904
       21952            2           2.404        87808        87808
       21952            4           4.049       175616       175616
       21952            8           7.261       351232       351232
       21952           16          13.594       702464       702464
       21952           32          26.609      1404928      1404928
       21952           64          52.395      2809856      2809856
       21952          128         103.808      5619712      5619712
       21952          256         206.849     11239424     11239424
       21952          512         412.531     22478848     22478848
       21952         1024         824.058     44957696     44957696
       21952         2048        1650.176     89915392     89915392
       24128            1           1.725        48256        48256
       24128            2           2.504        96512        96512
       24128            4           4.271       193024       193024
       24128            8           7.802       386048       386048
       24128           16          14.857       772096       772096
       24128           32          28.981      1544192      1544192
       24128           64          57.229      3088384      3088384
       24128          128         113.709      6176768      6176768
       24128          256         226.834     12353536     12353536
       24128          512         452.785     24707072     24707072
       24128         1024         904.406     49414144     49414144
       24128         2048        1809.149     98828288     98828288
       26496            1           1.714        52992        52992
       26496            2           2.669       105984       105984
       26496            4           4.631       211968       211968
       26496            8           8.473       423936       423936
       26496           16          16.210       847872       847872
       26496           32          31.682      1695744      1695744
       26496           64          62.620      3391488      3391488
       26496          128         126.559      6782976      6782976
       26496          256         248.350     13565952     13565952
       26496          512         495.986     27131904     27131904
       26496         1024         991.053     54263808     54263808
       26496         2048        1981.247    108527616    108527616
       29120            1           1.828        58240        58240
       29120            2           2.882       116480       116480
       29120            4           4.996       232960       232960
       29120            8           9.259       465920       465920
       29120           16          17.779       931840       931840
       29120           32          34.807      1863680      1863680
       29120           64          68.909      3727360      3727360
       29120          128         139.118      7454720      7454720
       29120          256         273.352     14909440     14909440
       29120          512         545.815     29818880     29818880
       29120         1024        1090.863     59637760     59637760
       29120         2048        2182.709    119275520    119275520
       32000            1           1.911        64000        64000
       32000            2           3.073       128000       128000
       32000            4           5.415       256000       256000
       32000            8          10.075       512000       512000
       32000           16          19.412      1024000      1024000
       32000           32          38.130      2048000      2048000
       32000           64          75.405      4096000      4096000
       32000          128         150.152      8192000      8192000
       32000          256         299.650     16384000     16384000
       32000          512         598.383     32768000     32768000
       32000         1024        1195.987     65536000     65536000
       35200            1           2.356        70400        70400
       35200            2           3.301       140800       140800
       35200            4           6.060       281600       281600
       35200            8          11.020       563200       563200
       35200           16          21.312      1126400      1126400
       35200           32          41.785      2252800      2252800
       35200           64          82.871      4505600      4505600
       35200          128         165.022      9011200      9011200
       35200          256         329.277     18022400     18022400
       35200          512         657.822     36044800     36044800
       35200         1024        1316.873     72089600     72089600
       38720            1           2.164        77440        77440
       38720            2           3.600       154880       154880
       38720            4           6.486       309760       309760
       38720            8          12.036       619520       619520
       38720           16          23.370      1239040      1239040
       38720           32          45.954      2478080      2478080
       38720           64          91.170      4956160      4956160
       38720          128         181.796      9912320      9912320
       38720          256         362.521     19824640     19824640
       38720          512         724.325     39649280     39649280
       38720         1024        1452.068     79298560     79298560
       42560            1           2.298        85120        85120
       42560            2           3.833       170240       170240
       42560            4           7.011       340480       340480
       42560            8          13.149       680960       680960
       42560           16          25.563      1361920      1361920
       42560           32          50.574      2723840      2723840
       42560           64         100.172      5447680      5447680
       42560          128         199.630     10895360     10895360
       42560          256         398.496     21790720     21790720
       42560          512         795.533     43581440     43581440
       42560         1024        1590.377     87162880     87162880
       46784            1           2.550        93568        93568
       46784            2           4.148       187136       187136
       46784            4           7.694       374272       374272
       46784            8          14.437       748544       748544
       46784           16          28.064      1497088      1497088
       46784           32          55.317      2994176      2994176
       46784           64         109.896      5988352      5988352
       46784          128         219.147     11976704     11976704
       46784          256         441.297     23953408     23953408
       46784          512         874.381     47906816     47906816
       46784         1024        1747.667     95813632     95813632
       51456            1           2.906       102912       102912
       51456            2           4.497       205824       205824
       51456            4           8.234       411648       411648
       51456            8          15.734       823296       823296
       51456           16          30.700      1646592      1646592
       51456           32          60.681      3293184      3293184
       51456           64         120.783      6586368      6586368
       51456          128         240.507     13172736     13172736
       51456          256         480.515     26345472     26345472
       51456          512         962.382     52690944     52690944
       51456         1024        1919.902    105381888    105381888
       56576            1           2.542       113152       113152
       56576            2           4.849       226304       226304
       56576            4           8.972       452608       452608
       56576            8          17.370       905216       905216
       56576           16          33.715      1810432      1810432
       56576           32          66.638      3620864      3620864
       56576           64         132.681      7241728      7241728
       56576          128         264.698     14483456     14483456
       56576          256         528.311     28966912     28966912
       56576          512        1059.496     57933824     57933824
       56576         1024        2110.575    115867648    115867648
       62208            1           3.178       124416       124416
       62208            2           5.253       248832       248832
       62208            4           9.797       497664       497664
       62208            8          18.861       995328       995328
       62208           16          36.992      1990656      1990656
       62208           32          73.227      3981312      3981312
       62208           64         145.668      7962624      7962624
       62208          128         290.547     15925248     15925248
       62208          256         583.152     31850496     31850496
       62208          512        1160.160     63700992     63700992
       68416            1           3.652       136832       136832
       68416            2           5.751       273664       273664
       68416            4          10.727       547328       547328
       68416            8          20.669      1094656      1094656
       68416           16          40.642      2189312      2189312
       68416           32          80.477      4378624      4378624
       68416           64         160.187      8757248      8757248
       68416          128         319.669     17514496     17514496
       68416          256         638.713     35028992     35028992
       68416          512        1276.681     70057984     70057984
       75200            1           3.372       150400       150400
       75200            2           6.217       300800       300800
       75200            4          11.689       601600       601600
       75200            8          22.655      1203200      1203200
       75200           16          46.597      2406400      2406400
       75200           32          88.424      4812800      4812800
       75200           64         176.113      9625600      9625600
       75200          128         351.327     19251200     19251200
       75200          256         701.965     38502400     38502400
       75200          512        1402.815     77004800     77004800
       82688            1           3.842       165376       165376
       82688            2           6.781       330752       330752
       82688            4          12.785       661504       661504
       82688            8          24.823      1323008      1323008
       82688           16          48.855      2646016      2646016
       82688           32          97.067      5292032      5292032
       82688           64         193.304     10584064     10584064
       82688          128         386.046     21168128     21168128
       82688          256         773.399     42336256     42336256
       82688          512        1541.420     84672512     84672512
       90944            1           3.853       181888       181888
       90944            2           7.355       363776       363776
       90944            4          13.974       727552       727552
       90944            8          27.229      1455104      1455104
       90944           16          53.686      2910208      2910208
       90944           32         106.631      5820416      5820416
       90944           64         212.554     11640832     11640832
       90944          128         424.371     23281664     23281664
       90944          256         848.181     46563328     46563328
       90944          512        1698.380     93126656     93126656
      100032            1           4.517       200064       200064
      100032            2           8.030       400128       400128
      100032            4          15.298       800256       800256
      100032            8          29.862      1600512      1600512
      100032           16          59.046      3201024      3201024
      100032           32         117.181      6402048      6402048
      100032           64         233.765     12804096     12804096
      100032          128         466.654     25608192     25608192
      100032          256         933.137     51216384     51216384
      100032          512        1867.698    102432768    102432768
      110016            1           4.890       220032       220032
      110016            2           8.746       440064       440064
      110016            4          16.823       880128       880128
      110016            8          32.782      1760256      1760256
      110016           16          64.785      3520512      3520512
      110016           32         128.849      7041024      7041024
      110016           64         257.018     14082048     14082048
      110016          128         513.380     28164096     28164096
      110016          256        1025.777     56328192     56328192
      110016          512        2062.554    112656384    112656384
      120960            1           6.247       241920       241920
      120960            2           9.537       483840       483840
      120960            4          18.373       967680       967680
      120960            8          35.936      1935360      1935360
      120960           16          71.126      3870720      3870720
      120960           32         141.682      7741440      7741440
      120960           64         282.307     15482880     15482880
      120960          128         563.930     30965760     30965760
      120960          256        1127.095     61931520     61931520
      120960          512        2263.163    123863040    123863040
      133056            1           6.592       266112       266112
      133056            2          10.436       532224       532224
      133056            4          20.199      1064448      1064448
      133056            8          39.454      2128896      2128896
      133056           16          78.215      4257792      4257792
      133056           32         155.615      8515584      8515584
      133056           64         310.610     17031168     17031168
      133056          128         620.327     34062336     34062336
      133056          256        1242.086     68124672     68124672
      146304            1           6.636       292608       292608
      146304            2          11.415       585216       585216
      146304            4          22.199      1170432      1170432
      146304            8          43.520      2340864      2340864
      146304           16          85.904      4681728      4681728
      146304           32         171.121      9363456      9363456
      146304           64         341.236     18726912     18726912
      146304          128         681.713     37453824     37453824
      146304          256        1362.738     74907648     74907648
      160896            1           6.626       321792       321792
      160896            2          12.454       643584       643584
      160896            4          24.171      1287168      1287168
      160896            8          47.537      2574336      2574336
      160896           16          94.351      5148672      5148672
      160896           32         187.921     10297344     10297344
      160896           64         375.087     20594688     20594688
      160896          128         752.046     41189376     41189376
      160896          256        1498.419     82378752     82378752
      176960            1           8.285       353920       353920
      176960            2          13.654       707840       707840
      176960            4          26.537      1415680      1415680
      176960            8          52.285      2831360      2831360
      176960           16         103.746      5662720      5662720
      176960           32         206.740     11325440     11325440
      176960           64         412.740     22650880     22650880
      176960          128         824.671     45301760     45301760
      176960          256        1650.197     90603520     90603520
      194624            1           8.038       389248       389248
      194624            2          14.955       778496       778496
      194624            4          29.094      1556992      1556992
      194624            8          57.670      3113984      3113984
      194624           16         114.042      6227968      6227968
      194624           32         227.294     12455936     12455936
      194624           64         453.707     24911872     24911872
      194624          128         906.654     49823744     49823744
      194624          256        1815.090     99647488     99647488
      214080            1           9.011       428160       428160
      214080            2          16.448       856320       856320
      214080            4          32.014      1712640      1712640
      214080            8          63.369      3425280      3425280
      214080           16         125.391      6850560      6850560
      214080           32         249.954     13701120     13701120
      214080           64         499.260     27402240     27402240
      214080          128         997.101     54804480     54804480
      214080          256        1995.603    109608960    109608960
      235456            1          10.237       470912       470912
      235456            2          18.087       941824       941824
      235456            4          35.318      1883648      1883648
      235456            8          69.406      3767296      3767296
      235456           16         137.902      7534592      7534592
      235456           32         274.928     15069184     15069184
      235456           64         548.858     30138368     30138368
      235456          128        1096.795     60276736     60276736
      235456          256        2195.463    120553472    120553472
      258944            1          10.645       517888       517888
      258944            2          19.952      1035776      1035776
      258944            4          38.782      2071552      2071552
      258944            8          76.455      4143104      4143104
      258944           16         151.693      8286208      8286208
      258944           32         302.232     16572416     16572416
      258944           64         603.468     33144832     33144832
      258944          128        1205.976     66289664     66289664
      284800            1          12.038       569600       569600
      284800            2          22.279      1139200      1139200
      284800            4          43.746      2278400      2278400
      284800            8          86.706      4556800      4556800
      284800           16         180.650      9113600      9113600
      284800           32         343.695     18227200     18227200
      284800           64         686.391     36454400     36454400
      284800          128        1371.867     72908800     72908800
      313280            1          12.918       626560       626560
      313280            2          24.630      1253120      1253120
      313280            4          48.472      2506240      2506240
      313280            8          96.216      5012480      5012480
      313280           16         191.672     10024960     10024960
      313280           32         382.676     20049920     20049920
      313280           64         775.686     40099840     40099840
      313280          128        1528.490     80199680     80199680
      344576            1          14.430       689152       689152
      344576            2          27.053      1378304      1378304
      344576            4          53.205      2756608      2756608
      344576            8         105.782      5513216      5513216
      344576           16         210.748     11026432     11026432
      344576           32         420.655     22052864     22052864
      344576           64         840.699     44105728     44105728
      344576          128        1682.687     88211456     88211456
      379008            1          16.015       758016       758016
      379008            2          29.636      1516032      1516032
      379008            4          58.503      3032064      3032064
      379008            8         116.210      6064128      6064128
      379008           16         231.903     12128256     12128256
      379008           32         462.805     24256512     24256512
      379008           64         924.599     48513024     48513024
      379008          128        1850.697     97026048     97026048
      416896            1          17.246       833792       833792
      416896            2          32.507      1667584      1667584
      416896            4          64.269      3335168      3335168
      416896            8         127.786      6670336      6670336
      416896           16         254.784     13340672     13340672
      416896           32         508.781     26681344     26681344
      416896           64        1016.954     53362688     53362688
      416896          128        2034.983    106725376    106725376
      458560            1          20.178       917120       917120
      458560            2          35.613      1834240      1834240
      458560            4          70.547      3668480      3668480
      458560            8         140.544      7336960      7336960
      458560           16         280.086     14673920     14673920
      458560           32         559.751     29347840     29347840
      458560           64        1118.661     58695680     58695680
      458560          128        2238.918    117391360    117391360
      504384            1          21.909      1008768      1008768
      504384            2          39.229      2017536      2017536
      504384            4          77.570      4035072      4035072
      504384            8         154.413      8070144      8070144
      504384           16         308.012     16140288     16140288
      504384           32         615.595     32280576     32280576
      504384           64        1230.191     64561152     64561152
      554816            1          24.960      1109632      1109632
      554816            2          43.080      2219264      2219264
      554816            4          85.320      4438528      4438528
      554816            8         176.064      8877056      8877056
      554816           16         348.039     17754112     17754112
      554816           32         685.987     35508224     35508224
      554816           64        1352.867     71016448     71016448
      610240            1          26.763      1220480      1220480
      610240            2          47.212      2440960      2440960
      610240            4          93.726      4881920      4881920
      610240            8         186.835      9763840      9763840
      610240           16         372.677     19527680     19527680
      610240           32         744.536     39055360     39055360
      610240           64        1524.899     78110720     78110720
      671232            1          28.856      1342464      1342464
      671232            2          51.767      2684928      2684928
      671232            4         102.901      5369856      5369856
      671232            8         205.184     10739712     10739712
      671232           16         409.702     21479424     21479424
      671232           32         818.539     42958848     42958848
      671232           64        1658.147     85917696     85917696
      738304            1          32.846      1476608      1476608
      738304            2          57.000      2953216      2953216
      738304            4         113.322      5906432      5906432
      738304            8         225.743     11812864     11812864
      738304           16         450.411     23625728     23625728
      738304           32         901.020     47251456     47251456
      738304           64        1803.306     94502912     94502912
      812096            1          35.416      1624192      1624192
      812096            2          62.608      3248384      3248384
      812096            4         124.404      6496768      6496768
      812096            8         248.090     12993536     12993536
      812096           16         495.521     25987072     25987072
      812096           32         991.604     51974144     51974144
      812096           64        1982.270    103948288    103948288
      893248            1          37.775      1786496      1786496
      893248            2          68.813      3572992      3572992
      893248            4         136.703      7145984      7145984
      893248            8         273.291     14291968     14291968
      893248           16         545.292     28583936     28583936
      893248           32        1089.969     57167872     57167872
      893248           64        2182.623    114335744    114335744
      982528            1          40.404      1965056      1965056
      982528            2          75.680      3930112      3930112
      982528            4         150.407      7860224      7860224
      982528            8         300.347     15720448     15720448
      982528           16         599.771     31440896     31440896
      982528           32        1198.800     62881792     62881792
     1080768            1          44.302      2161536      2161536
     1080768            2          82.944      4323072      4323072
     1080768            4         165.177      8646144      8646144
     1080768            8         330.203     17292288     17292288
     1080768           16         662.493     34584576     34584576
     1080768           32        1318.387     69169152     69169152
     1188800            1          49.533      2377600      2377600
     1188800            2          91.445      4755200      4755200
     1188800            4         182.250      9510400      9510400
     1188800            8         363.854     19020800     19020800
     1188800           16         727.194     38041600     38041600
     1188800           32        1456.066     76083200     76083200
     1307648            1          54.668      2615296      2615296
     1307648            2         100.792      5230592      5230592
     1307648            4         200.552     10461184     10461184
     1307648            8         400.432     20922368     20922368
     1307648           16         800.193     41844736     41844736
     1307648           32        1599.598     83689472     83689472
     1438400            1          59.652      2876800      2876800
     1438400            2         110.526      5753600      5753600
     1438400            4         223.728     11507200     11507200
     1438400            8         440.296     23014400     23014400
     1438400           16         880.284     46028800     46028800
     1438400           32        1759.472     92057600     92057600
     1582208            1          71.635      3164416      3164416
     1582208            2         121.449      6328832      6328832
     1582208            4         241.595     12657664     12657664
     1582208            8         486.752     25315328     25315328
     1582208           16         967.857     50630656     50630656
     1582208           32        1934.434    101261312    101261312
     1740416            1          75.652      3480832      3480832
     1740416            2         133.796      6961664      6961664
     1740416            4         266.792     13923328     13923328
     1740416            8         535.378     27846656     27846656
     1740416           16        1066.283     55693312     55693312
     1740416           32        2129.592    111386624    111386624
     1914432            1          84.276      3828864      3828864
     1914432            2         147.116      7657728      7657728
     1914432            4         293.271     15315456     15315456
     1914432            8         590.328     30630912     30630912
     1914432           16        1171.665     61261824     61261824
     1914432           32        2343.080    122523648    122523648
     2105856            1          86.481      4211712      4211712
     2105856            2         166.706      8423424      8423424
     2105856            4         323.296     16846848     16846848
     2105856            8         648.005     33693696     33693696
     2105856           16        1291.675     67387392     67387392
     2316416            1          95.415      4632832      4632832
     2316416            2         179.385      9265664      9265664
     2316416            4         357.632     18531328     18531328
     2316416            8         716.094     37062656     37062656
     2316416           16        1438.264     74125312     74125312
     2548032            1         106.627      5096064      5096064
     2548032            2         198.954     10192128     10192128
     2548032            4         395.133     20384256     20384256
     2548032            8         788.767     40768512     40768512
     2548032           16        1597.917     81537024     81537024
     2802816            1         128.860      5605632      5605632
     2802816            2         235.978     11211264     11211264
     2802816            4         433.643     22422528     22422528
     2802816            8         868.377     44845056     44845056
     2802816           16        1738.496     89690112     89690112
     3083072            1         129.326      6166144      6166144
     3083072            2         246.633     12332288     12332288
     3083072            4         477.712     24664576     24664576
     3083072            8         957.001     49329152     49329152
     3083072           16        1913.556     98658304     98658304
     3391360            1         141.769      6782720      6782720
     3391360            2         263.807     13565440     13565440
     3391360            4         534.372     27130880     27130880
     3391360            8        1051.726     54261760     54261760
     3391360           16        2105.154    108523520    108523520
     3730496            1         157.015      7460992      7460992
     3730496            2         290.168     14921984     14921984
     3730496            4         584.719     29843968     29843968
     3730496            8        1156.579     59687936     59687936
     3730496           16        2320.809    119375872    119375872
     4103488            1         172.395      8206976      8206976
     4103488            2         320.437     16413952     16413952
     4103488            4         637.813     32827904     32827904
     4103488            8        1272.771     65655808     65655808
     4513792            1         188.880      9027584      9027584
     4513792            2         352.152     18055168     18055168
     4513792            4         699.608     36110336     36110336
     4513792            8        1407.662     72220672     72220672
     4965120            1         207.203      9930240      9930240
     4965120            2         385.469     19860480     19860480
     4965120            4         769.646     39720960     39720960
     4965120            8        1544.583     79441920     79441920
     5461632            1         228.399     10923264     10923264
     5461632            2         425.324     21846528     21846528
     5461632            4         847.636     43693056     43693056
     5461632            8        1694.405     87386112     87386112
     6007744            1         251.968     12015488     12015488
     6007744            2         466.040     24030976     24030976
     6007744            4         938.577     48061952     48061952
     6007744            8        1864.522     96123904     96123904
     6608512            1         275.165     13217024     13217024
     6608512            2         513.707     26434048     26434048
     6608512            4        1031.395     52868096     52868096
     6608512            8        2049.617    105736192    105736192
     7269312            1         303.227     14538624     14538624
     7269312            2         564.897     29077248     29077248
     7269312            4        1133.254     58154496     58154496
     7269312            8        2254.596    116308992    116308992
     7996224            1         336.542     15992448     15992448
     7996224            2         620.796     31984896     31984896
     7996224            4        1247.050     63969792     63969792
     8795840            1         368.524     17591680     17591680
     8795840            2         682.366     35183360     35183360
     8795840            4        1363.388     70366720     70366720
     9675392            1         403.963     19350784     19350784
     9675392            2         756.113     38701568     38701568
     9675392            4        1499.436     77403136     77403136
    10642880            1         448.345     21285760     21285760
    10642880            2         824.785     42571520     42571520
    10642880            4        1656.050     85143040     85143040
    11707136            1         489.715     23414272     23414272
    11707136            2         907.205     46828544     46828544
    11707136            4        1821.204     93657088     93657088
    12877824            1         538.883     25755648     25755648
    12877824            2         998.132     51511296     51511296
    12877824            4        1998.189    103022592    103022592
    14165568            1         599.516     28331136     28331136
    14165568            2        1101.908     56662272     56662272
    14165568            4        2200.772    113324544    113324544
    15582080            1         663.334     31164160     31164160
    15582080            2        1215.383     62328320     62328320
    15582080            4        2464.037    124656640    124656640
    17140288            1         721.390     34280576     34280576
    17140288            2        1345.307     68561152     68561152
    18854272            1         797.929     37708544     37708544
    18854272            2        1512.674     75417088     75417088
    20739648            1         896.492     41479296     41479296
    20739648            2        1703.048     82958592     82958592
    22813568            1        1037.746     45627136     45627136
    22813568            2        2046.695     91254272     91254272
    25094912            1        1200.447     50189824     50189824
    25094912            2        2638.533    100379648    100379648
    27604352            1        1511.810     55208704     55208704
    27604352            2        3499.329    110417408    110417408
    30364736            1        1980.362     60729472     60729472
    30364736            2        4278.189    121458944    121458944
    33401152            1        2382.222     66802304     66802304
    36741248            1        2831.650     73482496     73482496
    40415360            1        3225.579     80830720     80830720
    44456896            1        3606.002     88913792     88913792
    48902528            1        3988.602     97805056     97805056
    53792768            1        4381.158    107585536    107585536
    59172032            1        4788.013    118344064    118344064

META_DATA
MPI_PROCS      1
OPENMP_THREADS 8
FLOPS          16
ERT_VERSION  1.0.0
TIMESTAMP_DATA  1594866808.16
HOSTNAME  ('apollo-PowerEdge-R430', [], ['127.0.1.1'])
UNAME  ('Linux', 'apollo-PowerEdge-R430', '4.19.129-0419129-generic', '#202006220433 SMP Mon Jun 22 09:12:54 UTC 2020', 'x86_64', 'x86_64')
CONFIG  {'ERT_WORKING_SET_MIN': ['1'], 'ERT_CFLAGS': ['-O3'], 'ERT_CC': ['gcc'], 'ERT_MPI_CFLAGS': [], 'ERT_MPI_LDFLAGS': [], 'ERT_MEMORY_MAX': ['62497788'], 'ERT_PROCS_THREADS': ['8'], 'ERT_LDFLAGS': [], 'ERT_LDLIBS': [], 'ERT_SPEC_GBYTES_DRAM': ['1.0'], 'ERT_RUN': ['export', 'KMP_AFFINITY=scatter;', 'export', 'OMP_NUM_THREADS=ERT_OPENMP_THREADS;', 'ERT_CODE'], 'ERT_FLOPS': ['1,2,4,8,16'], 'ERT_OPENMP_CFLAGS': ['-fopenmp'], 'ERT_SPEC_GFLOPS': ['1.0'], 'ERT_MPI': ['False'], 'ERT_TRIALS_MIN': ['1'], 'ERT_DRIVER': ['driver1'], 'ERT_RESULTS': ['Results.x86'], 'ERT_OPENMP': ['True'], 'ERT_MPI_PROCS': ['1'], 'ERT_KERNEL': ['kernel1'], 'ERT_OPENMP_THREADS': ['1-32'], 'ERT_LD': ['gcc'], 'ERT_NUM_EXPERIMENTS': ['6'], 'ERT_OPENMP_LDFLAGS': ['-fopenmp'], 'ERT_ALIGN': ['32'], 'ERT_GNUPLOT': ['gnuplot']}
