64 524288 2739.271 3003.565 3710.57 18.0858638969 22.3430703181 24.4988042439 2.26073298712 2.79288378976 3.06235053049
128 262144 1369.984 1499.447 1574.509 42.622089807 44.7557426171 48.9851443521 5.32776122588 5.59446782714 6.12314304401
192 262144 1370.017 1376.988 1499.5 67.1312410804 73.1039747623 73.4759466488 8.39140513505 9.13799684529 9.1844933311
256 131072 685.346 685.359 749.581 89.5285019231 97.9178270075 97.9196843638 11.1910627404 12.2397283759 12.2399605455
320 131072 685.356 693.209 714.909 117.338122754 121.011239035 122.397819527 14.6672653443 15.1264048793 15.2997274409
384 131072 685.354 685.359 685.476 146.851670956 146.876740511 146.87781205 18.3564588695 18.3595925639 18.3597265063
448 131072 685.404 685.421 692.164 169.671511376 171.340697177 171.344946922 21.208938922 21.4175871472 21.4181183652
512 65536 343.06 349.914 354.249 189.43981211 191.786736169 195.618445753 23.6799765137 23.9733420212 24.4523057191
576 65536 371.632 371.641 375.709 200.946668831 203.146240592 203.151160288 25.1183336039 25.393280074 25.3938950359
640 65536 400.249 400.288 400.404 209.503601363 209.564313694 209.584733503 26.1879501703 26.1955392118 26.1980916879
704 65536 457.29 457.339 457.377 201.747547428 201.764310501 201.785930154 25.2184434285 25.2205388126 25.2232412692
768 65536 457.296 457.331 462.408 217.69367312 220.110370826 220.127217382 27.21170914 27.5137963532 27.5159021728
832 65536 514.341 514.389 522.194 208.834080821 212.002791662 212.022576462 26.1042601026 26.5003489577 26.5028220577
896 65536 514.356 514.419 514.429 228.29294616 228.297384039 228.325346647 28.53661827 28.5371730049 28.5406683309
960 32768 286.141 286.174 286.183 219.840311968 219.847225814 219.872580301 27.480038996 27.4809032267 27.4840725377
1024 32768 285.784 286.13 286.19 234.490597156 234.539768637 234.823727011 29.3113246445 29.3174710796 29.3529658763
1088 32768 314.647 314.686 314.71 226.567849766 226.585129303 226.613214173 28.3209812208 28.3231411629 28.3266517717
1152 32768 314.639 314.672 314.696 239.906042657 239.924340265 239.949504035 29.9882553321 29.9905425332 29.9936880043
1216 32768 343.159 343.229 343.25 232.168320466 232.182525369 232.229887603 29.0210400583 29.0228156712 29.0287359504
1280 32768 343.191 343.212 343.298 244.353535412 244.414764053 244.429719894 30.5441919265 30.5518455066 30.5537149867
1408 32768 371.704 371.717 371.742 248.222390798 248.23908511 248.24776704 31.0277988497 31.0298856388 31.0309708801
1536 32768 400.226 400.249 413.617 243.373207581 251.501680204 251.516133385 30.4216509476 31.4377100255 31.4395166731
1664 32768 428.76 428.813 437.236 249.411997182 254.311095979 254.342531953 31.1764996478 31.7888869974 31.7928164941
1792 32768 457.296 457.32 457.444 256.731997796 256.801609376 256.815086946 32.0914997246 32.100201172 32.1018858682
1920 16384 243.314 243.337 243.355 258.52996651 258.549090356 258.5735305 32.3162458137 32.3186362945 32.3216913125
2112 16384 271.874 271.895 271.979 254.453527662 254.532139245 254.551799731 31.8066909578 31.8165174056 31.8189749663
2304 16384 286.122 286.148 306.87 246.024283899 263.840641906 263.864617191 30.7530354873 32.9800802382 32.9830771489
2496 16384 314.659 314.673 424.09 192.857478365 259.917209293 259.928773688 24.1071847957 32.4896511617 32.491096711
2688 16384 328.901 328.914 329.019 267.706071686 267.791532133 267.802116746 33.4632589607 33.4739415166 33.4752645933
2944 16384 357.442 357.447 357.455 269.877304836 269.883344943 269.887120148 33.7346631044 33.7354181179 33.7358900185
3200 16384 385.971 385.986 386.014 271.641961172 271.661666485 271.672224079 33.9552451465 33.9577083107 33.9590280099
3520 16384 428.767 428.78 428.791 268.996690695 269.003591585 269.011747639 33.6245863369 33.6254489482 33.6264684549
3840 8192 229.065 229.085 229.102 274.613752826 274.634131436 274.658110143 34.3267191033 34.3292664295 34.3322637679
4224 8192 310.929 310.967 322.622 214.511149271 222.550997373 222.578196308 26.8138936588 27.8188746716 27.8222745386
4608 8192 271.865 271.898 277.133 272.423248043 277.668360929 277.702065363 34.0529060054 34.7085451162 34.7127581704
5056 8192 300.404 354.261 354.336 233.782353472 233.831847141 275.753665064 29.2227941841 29.2289808926 34.469208133
5504 8192 380.009 380.038 380.329 237.104023096 237.285576705 237.303684913 29.638002887 29.6606970882 29.6629606141
6016 8192 406.91 407.42 407.427 241.923446409 241.927602965 242.230822541 30.2404308011 30.2409503706 30.2788528176
6592 8192 432.049 433.103 433.611 249.078847169 249.370999508 249.979349565 31.1348558962 31.1713749385 31.2474186956
7232 8192 465.814 467.021 472.107 250.979307657 253.712548258 254.369958825 31.3724134571 31.7140685323 31.7962448531
7936 4096 251.014 251.031 251.251 258.752052728 258.978819349 258.996358769 32.344006591 32.3723524186 32.3745448461
8704 4096 271.008 271.027 271.22 262.897898385 263.085109602 263.103554139 32.8622372981 32.8856387002 32.8879442673
9536 4096 289.538 289.741 290.077 269.304053751 269.616353916 269.805386512 33.6630067189 33.7020442395 33.725673314
10432 4096 310.696 311.149 325.624 262.44669926 274.656013678 275.056466771 32.8058374076 34.3320017098 34.3820583464
11456 4096 335.629 336.106 342.985 273.619989212 279.220103182 279.616934174 34.2024986515 34.9025128977 34.9521167718
12544 4096 363.987 364.136 377.36 272.314097944 282.203484412 282.319005899 34.039262243 35.2754355516 35.2898757373
13760 4096 391.38 391.385 391.709 287.769543207 288.007767288 288.011446676 35.9711929009 36.000970911 36.0014308345
15104 4096 426.905 426.922 426.956 289.800279186 289.823358834 289.834900036 36.2250348982 36.2279198542 36.2293625045
16576 2048 230.002 232.63 233.571 290.68375783 291.859588187 295.194372223 36.3354697287 36.4824485234 36.8992965279
18176 2048 251.777 251.796 261.867 284.300412041 295.671480087 295.693792523 35.5375515052 36.9589350109 36.9617240653
19968 2048 272.547 272.656 276.534 295.764455727 299.971128455 300.091096215 36.9705569659 37.4963910569 37.5113870268
21952 2048 295.799 295.994 299.922 299.795920273 303.774373805 303.974631422 37.4744900341 37.9717967256 37.9968289278
24128 2048 322.104 322.316 322.735 306.221165972 306.619243227 306.821051586 38.2776457465 38.3274054034 38.3526314482
26496 2048 352.508 352.529 352.543 307.842209319 307.854434671 307.872774519 38.4802761649 38.4818043338 38.4840968148
29120 2048 384.086 385.136 387.017 308.191939889 309.697145943 310.543784465 38.5239924861 38.7121432429 38.8179730581
32000 1024 210.255 210.279 213.532 306.914186164 311.662125081 311.697700411 38.3642732705 38.9577656352 38.9622125514
35200 1024 229.771 229.842 229.848 313.640318819 313.648506365 313.745424793 39.2050398524 39.2060632957 39.2181780991
38720 1024 251.091 251.208 256.728 308.881617899 315.668927741 315.816018894 38.6102022374 39.4586159676 39.4770023617
42560 1024 274.186 274.593 290.01 300.551291335 317.425717334 317.896902103 37.5689114168 39.6782146668 39.7371127629
46784 1024 299.359 301.33 301.335 317.963834271 317.969110278 320.062640509 39.7454792839 39.7461387847 40.0078300636
51456 1024 329.387 329.406 329.561 319.764438147 319.914901368 319.93335499 39.9705547683 39.989362671 39.9916693737
56576 1024 360.53 360.582 360.61 321.310135604 321.335086055 321.38143289 40.1637669504 40.1668857569 40.1726791113
62208 512 198.034 198.128 198.289 321.253281826 321.514334168 321.66694608 40.1566602283 40.189291771 40.20836826
68416 512 216.538 216.68 216.874 323.035421489 323.324644637 323.536672547 40.3794276861 40.4155805797 40.4420840684
75200 512 237.411 237.816 241.015 319.502105678 323.799912537 324.352283593 39.9377632098 40.4749890672 40.5440354491
82688 512 260.426 260.454 264.775 319.790433387 325.09584034 325.130793392 39.9738041734 40.6369800425 40.641349174
90944 512 285.409 285.538 285.682 325.980131755 326.144527173 326.291938937 40.7475164694 40.7680658967 40.7864923671
100032 512 312.764 313.536 313.763 326.465414979 326.701775873 327.508178691 40.8081768724 40.8377219841 40.9385223363
110016 512 343.077 344.093 344.292 327.211738873 327.400975899 328.370552383 40.9014673591 40.9251219874 41.0463190479
120960 512 376.859 376.887 376.922 328.617167478 328.64768485 328.672102829 41.0771459347 41.0809606062 41.0840128536
133056 256 207.278 207.603 217.624 313.038414881 328.148783977 328.663302425 39.1298018601 41.0185979971 41.0829128031
146304 256 227.331 227.462 230.727 324.659220637 329.319394009 329.50916505 40.5824025797 41.1649242511 41.1886456313
160896 256 249.572 249.637 249.737 329.862022848 329.99415952 330.08010514 41.232752856 41.24926994 41.2600131425
176960 256 274.106 274.182 274.185 330.44666922 330.450284847 330.541907145 41.3058336525 41.3062856059 41.3177383932
194624 256 300.928 301.136 301.25 330.780043154 330.905265395 331.133985538 41.3475053942 41.3631581744 41.3917481923
214080 256 330.79 330.933 331.11 331.034882667 331.211937159 331.355119562 41.3793603334 41.4014921449 41.4193899453
235456 256 363.503 363.689 363.79 331.382039088 331.474067129 331.643678319 41.4227548861 41.4342583911 41.4554597899
258944 128 200.094 200.119 204.315 324.448346915 331.251225521 331.292612472 40.5560433644 41.4064031901 41.411576559
284800 128 248.694 250.253 253.417 287.702877076 291.340363552 293.166702856 35.9628596345 36.417545444 36.645837857
313280 128 280.348 280.919 281.077 285.329927386 285.490408267 286.071882089 35.6662409233 35.6863010334 35.7589852612
344576 128 308.04 308.703 309.179 285.308691729 285.748619223 286.363641086 35.6635864661 35.7185774029 35.7954551357
379008 128 339.022 339.274 339.622 285.688347634 285.981383778 286.193957914 35.7110434542 35.7476729723 35.7742447393
416896 128 372.346 373.378 375.511 284.213714112 285.837344461 286.629575717 35.526714264 35.7296680576 35.8286969647
458560 128 408.154 410.35 427.289 274.735272848 286.076178872 287.615360869 34.341909106 35.759522359 35.9519201086
504384 64 223.913 225.295 236.843 272.59050088 286.562737744 288.331414433 34.07381261 35.820342218 36.0414268042
554816 64 246.339 247.545 247.808 286.578512397 286.882982892 288.287473766 35.8223140496 35.8603728615 36.0359342207
610240 64 271.068 271.517 272.565 286.576486343 287.682612875 288.159133502 35.8220607928 35.9603266094 36.0198916877
671232 64 297.804 298.162 299.012 287.338621861 288.157766583 288.504170528 35.9173277327 36.0197208229 36.063021316
738304 64 327.186 329.023 333.656 283.234564941 287.222814211 288.835439169 35.4043206176 35.9028517763 36.1044298961
812096 64 359.833 361.655 373.324 278.439875283 287.423892937 288.87925232 34.8049844103 35.9279866171 36.10990654
893248 64 395.038 399.187 411.489 277.858567301 286.421511723 289.429735874 34.7323209126 35.8026889653 36.1787169842
982528 32 216.951 218.142 225.131 279.312009452 288.260820933 289.843291803 34.9140011815 36.0326026166 36.2304114754
1080768 32 238.761 241.316 247.694 279.252432437 286.633095195 289.700378202 34.9065540546 35.8291368993 36.2125472753
1188800 32 262.471 265.441 282.639 269.188611621 286.629420474 289.872785946 33.6485764526 35.8286775592 36.2340982432
1307648 32 289.66 297.395 313.118 267.277741938 281.408470216 288.923123662 33.4097177422 35.176058777 36.1153904578
1438400 32 323.311 330.21 343.985 267.620971845 278.785015596 284.733893991 33.4526214806 34.8481269495 35.5917367488
1582208 32 361.886 373.058 379.305 266.965402512 271.435841076 279.815499909 33.3706753141 33.9294801345 34.9769374886
1740416 32 401.385 413.968 417.26 266.947763984 269.070614154 277.505696526 33.368470498 33.6338267692 34.6882120657
1914432 32 447.314 460.31 470.12 260.622070961 266.17637679 273.909709958 32.5777588701 33.2720470987 34.2387137447
2105856 16 252.453 265.742 267.994 251.45112204 253.582015639 266.930446459 31.431390255 31.6977519549 33.3663058074
2316416 16 296.696 300.213 303.19 244.48468617 246.909067895 249.835899372 30.5605857713 30.8636334869 31.2294874215
2548032 16 337.452 341.599 343.242 237.549670495 238.692220996 241.625546744 29.6937088119 29.8365276245 30.2031933431
2802816 16 379.424 389.685 399.209 224.669564063 230.160545056 236.3849203 28.0836955079 28.770068132 29.5481150375
3083072 16 426.941 434.821 435.987 226.287260859 226.894064454 231.08182161 28.2859076073 28.3617580568 28.8852277013
3391360 16 478.761 479.006 479.43 226.359468536 226.559834324 226.675773507 28.2949335669 28.3199792904 28.3344716884
3730496 16 527.154 527.949 532.813 224.048347169 226.112507079 226.453506945 28.0060433961 28.2640633849 28.3066883681
4103488 8 289.929 290.737 291.435 225.284567742 225.825429856 226.454780308 28.1605709678 28.228178732 28.3068475385
4513792 8 319.45 320.337 333.314 216.674583126 225.452170683 226.078171858 27.0843228907 28.1815213353 28.2597714822
4965120 8 351.47 351.843 360.575 220.320099841 225.787979298 226.027598373 27.5400124801 28.2234974122 28.2534497966
5461632 8 385.93 386.771 387.629 225.437498226 225.93760132 226.429953619 28.1796872783 28.242200165 28.3037442023
6007744 8 425.098 425.74 426.683 225.281775932 225.780767605 226.121750749 28.1602219915 28.2225959506 28.2652188437
6608512 8 467.284 467.931 468.134 225.867362764 225.965349592 226.278220525 28.2334203455 28.245668699 28.2847775657
7269312 8 514.106 515.45 526.579 220.8766244 225.645536909 226.235430047 27.60957805 28.2056921137 28.2794287559
7996224 4 282.895 283.168 283.809 225.397334123 225.907560176 226.125566023 28.1746667653 28.238445022 28.2656957528
8795840 4 311.401 311.691 312.083 225.474377009 225.757946171 225.968188927 28.1842971261 28.2197432714 28.2460236159
9675392 4 342.002 342.647 342.914 225.721714482 225.897603073 226.323635534 28.2152143103 28.2372003841 28.2904544418
10642880 4 376.233 376.77 386.204 220.461310603 225.981474109 226.304019052 27.5576638253 28.2476842636 28.2880023815
11707136 4 414.493 416.96 423.543 221.127696598 224.618879509 225.955777299 27.6409620747 28.0773599386 28.2444721624
12877824 4 456.657 462.161 466.426 220.876606364 222.914940897 225.601692299 27.6095757955 27.8643676122 28.2002115373
14165568 4 507.622 512.814 522.532 216.87579708 220.985667318 223.245927087 27.109474635 27.6232084147 27.9057408859
15582080 4 568.462 582.313 633.804 196.680109308 214.071538846 219.287551323 24.5850136635 26.7589423557 27.4109439153
17140288 2 339.593 358.607 368.445 186.082460069 191.187433597 201.892123807 23.2603075086 23.8984291997 25.2365154759
18854272 2 514.565 559.092 573.975 131.394377804 134.892089316 146.564744979 16.4242972255 16.8615111645 18.3205931223
20739648 2 902.846 936.179 985.745 84.1582681119 88.6140278729 91.8856504875 10.519783514 11.0767534841 11.4857063109
22813568 2 1590.297 1637.786 1683.492 54.2053493572 55.7180681725 57.3819053925 6.77566866965 6.96475852157 7.17273817406
25094912 2 2455.529 2516.405 2582.176 38.8740535115 39.8901003614 40.8790317687 4.85925668893 4.98626254518 5.10987897109
27604352 2 3410.278 3447.366 3468.732 31.8322107329 32.0294996238 32.3778319539 3.97902634161 4.00368745297 4.04722899423
30364736 2 4256.041 4284.333 4321.372 28.1065698579 28.349557329 28.5380107945 3.51332123224 3.54369466612 3.56725134932
33401152 1 2355.057 2366.865 2414.164 27.6709883836 28.2239603864 28.3654722582 3.45887354794 3.5279950483 3.54568403228
36741248 1 2772.375 2783.529 2790.277 26.3351975449 26.3990409297 26.5052512737 3.29189969311 3.29988011621 3.31315640922
40415360 1 3132.177 3140.881 3160.882 25.5722042139 25.7350469502 25.8065620174 3.19652552674 3.21688086878 3.22582025218
44456896 1 3463.075 3500.623 3507.099 25.3525184205 25.3994194748 25.674809815 3.16906480256 3.17492743435 3.20935122687
48902528 1 3869.483 3871.913 3900.014 25.0781294631 25.2601378182 25.2760009541 3.13476618289 3.15751722727 3.15950011927
53792768 1 4259.431 4274.303 4287.007 25.095722027 25.1703110425 25.2581943457 3.13696525338 3.14628888032 3.15727429321
59172032 1 4663.799 4703.187 4720.45 25.0705047188 25.1625257512 25.3750352449 3.13381308985 3.14531571889 3.17187940561

META_DATA
OPENMP_THREADS 8
CONFIG  {'ERT_WORKING_SET_MIN': ['1'], 'ERT_CFLAGS': ['-O3'], 'ERT_CC': ['gcc'], 'ERT_MPI_CFLAGS': [], 'ERT_MPI_LDFLAGS': [], 'ERT_MEMORY_MAX': ['62497788'], 'ERT_PROCS_THREADS': ['8'], 'ERT_LDFLAGS': [], 'ERT_LDLIBS': [], 'ERT_SPEC_GBYTES_DRAM': ['1.0'], 'ERT_RUN': ['export', 'KMP_AFFINITY=scatter;', 'export', 'OMP_NUM_THREADS=ERT_OPENMP_THREADS;', 'ERT_CODE'], 'ERT_FLOPS': ['1,2,4,8,16'], 'ERT_OPENMP_CFLAGS': ['-fopenmp'], 'ERT_SPEC_GFLOPS': ['1.0'], 'ERT_MPI': ['False'], 'ERT_TRIALS_MIN': ['1'], 'ERT_DRIVER': ['driver1'], 'ERT_RESULTS': ['Results.x86'], 'ERT_OPENMP': ['True'], 'ERT_MPI_PROCS': ['1'], 'ERT_KERNEL': ['kernel1'], 'ERT_OPENMP_THREADS': ['1-32'], 'ERT_LD': ['gcc'], 'ERT_NUM_EXPERIMENTS': ['6'], 'ERT_OPENMP_LDFLAGS': ['-fopenmp'], 'ERT_ALIGN': ['32'], 'ERT_GNUPLOT': ['gnuplot']}
HOSTNAME  ('apollo-PowerEdge-R430', [], ['127.0.1.1'])
MPI_PROCS      1
FLOPS          2
TIMESTAMP_DATA  1594852873.42
TIMESTAMP_DATA  1594852872.97
UNAME  ('Linux', 'apollo-PowerEdge-R430', '4.19.129-0419129-generic', '#202006220433 SMP Mon Jun 22 09:12:54 UTC 2020', 'x86_64', 'x86_64')
TIMESTAMP_DATA  1594852873.27
TIMESTAMP_DATA  1594852872.8
TIMESTAMP_DATA  1594852872.64
ERT_VERSION  1.0.0
TIMESTAMP_DATA  1594852873.12
