          64            1           2.168          128           16
          64            2           1.089          256           32
          64            4           1.044          512           64
          64            8           1.022         1024          128
          64           16           1.019         2048          256
          64           32           1.123         4096          512
          64           64           1.349         8192         1024
          64          128           1.801        16384         2048
          64          256           2.714        32768         4096
          64          512           4.519        65536         8192
          64         1024           8.144       131072        16384
          64         2048          15.013       262144        32768
          64         4096          30.391       524288        65536
          64         8192          61.006      1048576       131072
          64        16384         122.557      2097152       262144
          64        32768         245.540      4194304       524288
          64        65536         505.936      8388608      1048576
          64       131072         927.202     16777216      2097152
          64       262144        1853.481     33554432      4194304
          64       524288        3710.045     67108864      8388608
         128            1           1.001          256           32
         128            2           1.096          512           64
         128            4           1.186         1024          128
         128            8           1.103         2048          256
         128           16           1.202         4096          512
         128           32           1.129         8192         1024
         128           64           1.350        16384         2048
         128          128           1.972        32768         4096
         128          256           2.721        65536         8192
         128          512           4.535       131072        16384
         128         1024           8.277       262144        32768
         128         2048          15.395       524288        65536
         128         4096          29.873      1048576       131072
         128         8192          58.939      2097152       262144
         128        16384         116.720      4194304       524288
         128        32768         232.494      8388608      1048576
         128        65536         464.061     16777216      2097152
         128       131072         795.824     33554432      4194304
         128       262144        1574.509     67108864      8388608
         192            1           0.766          384           48
         192            2           0.802          768           96
         192            4           0.778         1536          192
         192            8           0.768         3072          384
         192           16           0.840         6144          768
         192           32           0.963        12288         1536
         192           64           1.200        24576         3072
         192          128           1.410        49152         6144
         192          256           2.161        98304        12288
         192          512           3.387       196608        24576
         192         1024           5.867       393216        49152
         192         2048          11.942       786432        98304
         192         4096          24.408      1572864       196608
         192         8192          48.930      3145728       393216
         192        16384          98.283      6291456       786432
         192        32768         196.566     12582912      1572864
         192        65536         393.418     25165824      3145728
         192       131072         787.031     50331648      6291456
         192       262144        1471.587    100663296     12582912
         256            1           0.755          512           64
         256            2           0.765         1024          128
         256            4           0.761         2048          256
         256            8           0.785         4096          512
         256           16           0.805         8192         1024
         256           32           0.877        16384         2048
         256           64           1.141        32768         4096
         256          128           1.363        65536         8192
         256          256           2.032       131072        16384
         256          512           3.378       262144        32768
         256         1024           6.048       524288        65536
         256         2048          11.403      1048576       131072
         256         4096          22.137      2097152       262144
         256         8192          43.492      4194304       524288
         256        16384          86.279      8388608      1048576
         256        32768         171.859     16777216      2097152
         256        65536         343.023     33554432      4194304
         256       131072         685.347     67108864      8388608
         320            1           0.723          640           80
         320            2           0.749         1280          160
         320            4           0.936         2560          320
         320            8           0.785         5120          640
         320           16           0.824        10240         1280
         320           32           0.911        20480         2560
         320           64           1.130        40960         5120
         320          128           1.476        81920        10240
         320          256           2.088       163840        20480
         320          512           3.604       327680        40960
         320         1024           6.075       655360        81920
         320         2048          11.496      1310720       163840
         320         4096          22.219      2621440       327680
         320         8192          43.545      5242880       655360
         320        16384          86.373     10485760      1310720
         320        32768         171.875     20971520      2621440
         320        65536         343.212     41943040      5242880
         320       131072         685.456     83886080     10485760
         384            1           7.323          768           96
         384            2           1.133         1536          192
         384            4           0.829         3072          384
         384            8           0.774         6144          768
         384           16           0.851        12288         1536
         384           32           0.996        24576         3072
         384           64           1.046        49152         6144
         384          128           1.413        98304        12288
         384          256           2.043       196608        24576
         384          512           3.384       393216        49152
         384         1024           6.078       786432        98304
         384         2048          11.546      1572864       196608
         384         4096          22.126      3145728       393216
         384         8192          43.501      6291456       786432
         384        16384          86.301     12582912      1572864
         384        32768         171.997     25165824      3145728
         384        65536         343.208     50331648      6291456
         384       131072         685.476    100663296     12582912
         448            1           0.751          896          112
         448            2           0.808         1792          224
         448            4           0.803         3584          448
         448            8           0.781         7168          896
         448           16           0.830        14336         1792
         448           32           1.016        28672         3584
         448           64           1.091        57344         7168
         448          128           1.431       114688        14336
         448          256           2.061       229376        28672
         448          512           3.444       458752        57344
         448         1024           6.074       917504       114688
         448         2048          11.474      1835008       229376
         448         4096          22.276      3670016       458752
         448         8192          43.595      7340032       917504
         448        16384          86.350     14680064      1835008
         448        32768         171.975     29360128      3670016
         448        65536         343.083     58720256      7340032
         448       131072         685.421    117440512     14680064
         512            1           0.731         1024          128
         512            2           0.745         2048          256
         512            4           0.812         4096          512
         512            8           0.795         8192         1024
         512           16           0.809        16384         2048
         512           32           0.968        32768         4096
         512           64           1.229        65536         8192
         512          128           1.579       131072        16384
         512          256           2.083       262144        32768
         512          512           3.420       524288        65536
         512         1024           6.245      1048576       131072
         512         2048          11.448      2097152       262144
         512         4096          22.148      4194304       524288
         512         8192          43.575      8388608      1048576
         512        16384          86.532     16777216      2097152
         512        32768         172.042     33554432      4194304
         512        65536         343.060     67108864      8388608
         576            1           0.741         1152          144
         576            2           0.785         2304          288
         576            4           0.862         4608          576
         576            8           0.888         9216         1152
         576           16           0.848        18432         2304
         576           32           0.948        36864         4608
         576           64           1.154        73728         9216
         576          128           1.530       147456        18432
         576          256           2.232       294912        36864
         576          512           3.684       589824        73728
         576         1024           6.583      1179648       147456
         576         2048          12.380      2359296       294912
         576         4096          23.971      4718592       589824
         576         8192          47.149      9437184      1179648
         576        16384          93.504     18874368      2359296
         576        32768         186.436     37748736      4718592
         576        65536         375.709     75497472      9437184
         640            1           0.734         1280          160
         640            2           0.752         2560          320
         640            4           0.893         5120          640
         640            8           0.830        10240         1280
         640           16           0.851        20480         2560
         640           32           0.936        40960         5120
         640           64           1.134        81920        10240
         640          128           1.524       163840        20480
         640          256           2.312       327680        40960
         640          512           3.921       655360        81920
         640         1024           7.031      1310720       163840
         640         2048          13.356      2621440       327680
         640         4096          25.885      5242880       655360
         640         8192          50.836     10485760      1310720
         640        16384         100.735     20971520      2621440
         640        32768         200.601     41943040      5242880
         640        65536         400.249     83886080     10485760
         704            1           0.744         1408          176
         704            2           0.761         2816          352
         704            4           0.818         5632          704
         704            8           0.926        11264         1408
         704           16           0.851        22528         2816
         704           32           0.967        45056         5632
         704           64           1.193        90112        11264
         704          128           1.813       180224        22528
         704          256           2.590       360448        45056
         704          512           4.451       720896        90112
         704         1024           7.887      1441792       180224
         704         2048          15.121      2883584       360448
         704         4096          29.395      5767168       720896
         704         8192          57.948     11534336      1441792
         704        16384         115.012     23068672      2883584
         704        32768         229.122     46137344      5767168
         704        65536         457.290     92274688     11534336
         768            1           0.748         1536          192
         768            2           0.755         3072          384
         768            4           0.761         6144          768
         768            8           0.804        12288         1536
         768           16           0.849        24576         3072
         768           32           0.965        49152         6144
         768           64           1.187        98304        12288
         768          128           1.639       196608        24576
         768          256           2.524       393216        49152
         768          512           4.325       786432        98304
         768         1024           7.885      1572864       196608
         768         2048          15.121      3145728       393216
         768         4096          29.389      6291456       786432
         768         8192          57.909     12582912      1572864
         768        16384         114.970     25165824      3145728
         768        32768         229.112     50331648      6291456
         768        65536         457.327    100663296     12582912
         832            1           0.868         1664          208
         832            2           0.769         3328          416
         832            4           0.776         6656          832
         832            8           0.795        13312         1664
         832           16           0.895        26624         3328
         832           32           1.055        53248         6656
         832           64           1.241       106496        13312
         832          128           1.746       212992        26624
         832          256           2.743       425984        53248
         832          512           4.788       851968       106496
         832         1024           8.780      1703936       212992
         832         2048          16.891      3407872       425984
         832         4096          32.981      6815744       851968
         832         8192          65.077     13631488      1703936
         832        16384         129.259     27262976      3407872
         832        32768         257.644     54525952      6815744
         832        65536         522.194    109051904     13631488
         896            1           0.739         1792          224
         896            2           0.771         3584          448
         896            4           0.801         7168          896
         896            8           0.817        14336         1792
         896           16           0.858        28672         3584
         896           32           1.004        57344         7168
         896           64           1.248       114688        14336
         896          128           1.755       229376        28672
         896          256           2.754       458752        57344
         896          512           4.896       917504       114688
         896         1024           8.747      1835008       229376
         896         2048          16.874      3670016       458752
         896         4096          32.987      7340032       917504
         896         8192          65.054     14680064      1835008
         896        16384         129.286     29360128      3670016
         896        32768         257.640     58720256      7340032
         896        65536         514.358    117440512     14680064
         960            1           0.741         1920          240
         960            2           0.771         3840          480
         960            4           0.770         7680          960
         960            8           0.809        15360         1920
         960           16           0.881        30720         3840
         960           32           1.038        61440         7680
         960           64           1.307       122880        15360
         960          128           1.872       245760        30720
         960          256           2.996       491520        61440
         960          512           5.230       983040       122880
         960         1024           9.676      1966080       245760
         960         2048          18.686      3932160       491520
         960         4096          36.573      7864320       983040
         960         8192          72.227     15728640      1966080
         960        16384         143.508     31457280      3932160
         960        32768         286.174     62914560      7864320
        1024            1           0.745         2048          256
        1024            2           0.787         4096          512
        1024            4           0.823         8192         1024
        1024            8           0.820        16384         2048
        1024           16           0.976        32768         4096
        1024           32           1.065        65536         8192
        1024           64           1.427       131072        16384
        1024          128           1.950       262144        32768
        1024          256           2.987       524288        65536
        1024          512           5.295      1048576       131072
        1024         1024           9.724      2097152       262144
        1024         2048          18.693      4194304       524288
        1024         4096          36.524      8388608      1048576
        1024         8192          72.313     16777216      2097152
        1024        16384         143.507     33554432      4194304
        1024        32768         285.784     67108864      8388608
        1088            1           0.740         2176          272
        1088            2           0.808         4352          544
        1088            4           0.802         8704         1088
        1088            8           0.840        17408         2176
        1088           16           0.894        34816         4352
        1088           32           1.051        69632         8704
        1088           64           1.354       139264        17408
        1088          128           1.994       278528        34816
        1088          256           3.204       557056        69632
        1088          512           5.650      1114112       139264
        1088         1024          10.774      2228224       278528
        1088         2048          20.503      4456448       557056
        1088         4096          40.088      8912896      1114112
        1088         8192          79.345     17825792      2228224
        1088        16384         157.803     35651584      4456448
        1088        32768         314.686     71303168      8912896
        1152            1           0.745         2304          288
        1152            2           0.760         4608          576
        1152            4           0.817         9216         1152
        1152            8           0.821        18432         2304
        1152           16           0.894        36864         4608
        1152           32           1.081        73728         9216
        1152           64           1.514       147456        18432
        1152          128           2.041       294912        36864
        1152          256           3.354       589824        73728
        1152          512           5.670      1179648       147456
        1152         1024          10.596      2359296       294912
        1152         2048          20.481      4718592       589824
        1152         4096          40.089      9437184      1179648
        1152         8192          79.313     18874368      2359296
        1152        16384         157.785     37748736      4718592
        1152        32768         314.689     75497472      9437184
        1216            1           0.748         2432          304
        1216            2           0.762         4864          608
        1216            4           0.778         9728         1216
        1216            8           0.844        19456         2432
        1216           16           0.914        38912         4864
        1216           32           1.084        77824         9728
        1216           64           1.413       155648        19456
        1216          128           2.082       311296        38912
        1216          256           3.431       622592        77824
        1216          512           6.110      1245184       155648
        1216         1024          11.447      2490368       311296
        1216         2048          22.281      4980736       622592
        1216         4096          43.687      9961472      1245184
        1216         8192          86.477     19922944      2490368
        1216        16384         180.370     39845888      4980736
        1216        32768         343.159     79691776      9961472
        1280            1           0.741         2560          320
        1280            2           0.767         5120          640
        1280            4           0.785        10240         1280
        1280            8           0.824        20480         2560
        1280           16           0.904        40960         5120
        1280           32           1.079        81920        10240
        1280           64           1.415       163840        20480
        1280          128           2.073       327680        40960
        1280          256           3.395       655360        81920
        1280          512           6.104      1310720       163840
        1280         1024          11.448      2621440       327680
        1280         2048          22.278      5242880       655360
        1280         4096          43.682     10485760      1310720
        1280         8192          86.477     20971520      2621440
        1280        16384         172.017     41943040      5242880
        1280        32768         343.191     83886080     10485760
        1408            1           0.745         2816          352
        1408            2           0.765         5632          704
        1408            4           0.774        11264         1408
        1408            8           0.835        22528         2816
        1408           16           0.925        45056         5632
        1408           32           1.095        90112        11264
        1408           64           1.459       180224        22528
        1408          128           2.191       360448        45056
        1408          256           3.628       720896        90112
        1408          512           6.525      1441792       180224
        1408         1024          12.442      2883584       360448
        1408         2048          24.030      5767168       720896
        1408         4096          47.224     11534336      1441792
        1408         8192          93.580     23068672      2883584
        1408        16384         186.292     46137344      5767168
        1408        32768         371.720     92274688     11534336
        1536            1           0.785         3072          384
        1536            2           0.788         6144          768
        1536            4           0.796        12288         1536
        1536            8           0.833        24576         3072
        1536           16           1.040        49152         6144
        1536           32           1.121        98304        12288
        1536           64           1.641       196608        24576
        1536          128           2.294       393216        49152
        1536          256           3.862       786432        98304
        1536          512           7.031      1572864       196608
        1536         1024          13.336      3145728       393216
        1536         2048          25.856      6291456       786432
        1536         4096          50.801     12582912      1572864
        1536         8192         100.697     25165824      3145728
        1536        16384         200.562     50331648      6291456
        1536        32768         400.237    100663296     12582912
        1664            1           0.748         3328          416
        1664            2           0.784         6656          832
        1664            4           0.819        13312         1664
        1664            8           0.945        26624         3328
        1664           16           0.940        53248         6656
        1664           32           1.140       106496        13312
        1664           64           1.627       212992        26624
        1664          128           2.416       425984        53248
        1664          256           4.081       851968       106496
        1664          512           7.434      1703936       212992
        1664         1024          14.341      3407872       425984
        1664         2048          27.624      6815744       851968
        1664         4096          54.378     13631488      1703936
        1664         8192         107.824     27262976      3407872
        1664        16384         214.810     54525952      6815744
        1664        32768         428.813    109051904     13631488
        1792            1           0.741         3584          448
        1792            2           0.785         7168          896
        1792            4           0.818        14336         1792
        1792            8           0.841        28672         3584
        1792           16           0.960        57344         7168
        1792           32           1.183       114688        14336
        1792           64           1.630       229376        28672
        1792          128           2.526       458752        57344
        1792          256           4.335       917504       114688
        1792          512           7.864      1835008       229376
        1792         1024          15.113      3670016       458752
        1792         2048          29.372      7340032       917504
        1792         4096          57.932     14680064      1835008
        1792         8192         123.609     29360128      3670016
        1792        16384         229.070     58720256      7340032
        1792        32768         457.337    117440512     14680064
        1920            1           0.892         3840          480
        1920            2           0.789         7680          960
        1920            4           0.811        15360         1920
        1920            8           0.868        30720         3840
        1920           16           0.988        61440         7680
        1920           32           1.217       122880        15360
        1920           64           1.688       245760        30720
        1920          128           2.653       491520        61440
        1920          256           4.541       983040       122880
        1920          512           8.331      1966080       245760
        1920         1024          16.011      3932160       491520
        1920         2048          31.171      7864320       983040
        1920         4096          61.479     15728640      1966080
        1920         8192         122.121     31457280      3932160
        1920        16384         243.330     62914560      7864320
        2112            1           0.788         4224          528
        2112            2           0.834         8448         1056
        2112            4           0.841        16896         2112
        2112            8           0.912        33792         4224
        2112           16           1.006        67584         8448
        2112           32           1.258       135168        16896
        2112           64           1.922       270336        33792
        2112          128           3.037       540672        67584
        2112          256           4.990      1081344       135168
        2112          512           9.391      2162688       270336
        2112         1024          17.845      4325376       540672
        2112         2048          34.807      8650752      1081344
        2112         4096          68.601     17301504      2162688
        2112         8192         136.363     34603008      4325376
        2112        16384         271.979     69206016      8650752
        2304            1           0.838         4608          576
        2304            2           0.781         9216         1152
        2304            4           0.834        18432         2304
        2304            8           1.041        36864         4608
        2304           16           1.155        73728         9216
        2304           32           1.387       147456        18432
        2304           64           1.974       294912        36864
        2304          128           2.975       589824        73728
        2304          256           5.251      1179648       147456
        2304          512           9.663      2359296       294912
        2304         1024          18.723      4718592       589824
        2304         2048          36.521      9437184      1179648
        2304         4096          72.180     18874368      2359296
        2304         8192         143.490     37748736      4718592
        2304        16384         286.122     75497472      9437184
        2496            1           0.835         4992          624
        2496            2           0.987         9984         1248
        2496            4           1.048        19968         2496
        2496            8           0.914        39936         4992
        2496           16           1.189        79872         9984
        2496           32           1.519       159744        19968
        2496           64           1.961       319488        39936
        2496          128           3.181       638976        79872
        2496          256           5.644      1277952       159744
        2496          512          10.698      2555904       319488
        2496         1024          20.643      5111808       638976
        2496         2048          40.211     10223616      1277952
        2496         4096          79.393     20447232      2555904
        2496         8192         157.750     40894464      5111808
        2496        16384         314.659     81788928     10223616
        2688            1           0.760         5376          672
        2688            2           0.801        10752         1344
        2688            4           0.860        21504         2688
        2688            8           0.911        43008         5376
        2688           16           1.155        86016        10752
        2688           32           1.472       172032        21504
        2688           64           2.032       344064        43008
        2688          128           3.300       688128        86016
        2688          256           5.910      1376256       172032
        2688          512          11.093      2752512       344064
        2688         1024          21.392      5505024       688128
        2688         2048          41.873     11010048      1376256
        2688         4096          82.871     22020096      2752512
        2688         8192         164.894     44040192      5505024
        2688        16384         328.901     88080384     11010048
        2944            1           0.775         5888          736
        2944            2           0.800        11776         1472
        2944            4           0.876        23552         2944
        2944            8           0.905        47104         5888
        2944           16           1.223        94208        11776
        2944           32           1.577       188416        23552
        2944           64           2.128       376832        47104
        2944          128           3.537       753664        94208
        2944          256           6.305      1507328       188416
        2944          512          12.000      3014656       376832
        2944         1024          23.351      6029312       753664
        2944         2048          45.433     12058624      1507328
        2944         4096          90.005     24117248      3014656
        2944         8192         185.351     48234496      6029312
        2944        16384         357.447     96468992     12058624
        3200            1           0.764         6400          800
        3200            2           0.807        12800         1600
        3200            4           0.862        25600         3200
        3200            8           0.940        51200         6400
        3200           16           1.107       102400        12800
        3200           32           1.513       204800        25600
        3200           64           2.238       409600        51200
        3200          128           3.754       819200       102400
        3200          256           6.768      1638400       204800
        3200          512          12.789      3276800       409600
        3200         1024          24.934      6553600       819200
        3200         2048          49.010     13107200      1638400
        3200         4096          97.133     26214400      3276800
        3200         8192         193.416     52428800      6553600
        3200        16384         385.989    104857600     13107200
        3520            1           0.787         7040          880
        3520            2           0.818        14080         1760
        3520            4           0.890        28160         3520
        3520            8           0.963        56320         7040
        3520           16           1.161       112640        14080
        3520           32           1.575       225280        28160
        3520           64           2.410       450560        56320
        3520          128           4.088       901120       112640
        3520          256           7.428      1802240       225280
        3520          512          14.235      3604480       450560
        3520         1024          27.618      7208960       901120
        3520         2048          54.344     14417920      1802240
        3520         4096         107.835     28835840      3604480
        3520         8192         214.807     57671680      7208960
        3520        16384         428.767    115343360     14417920
        3840            1           0.768         7680          960
        3840            2           0.829        15360         1920
        3840            4           0.910        30720         3840
        3840            8           0.972        61440         7680
        3840           16           1.194       122880        15360
        3840           32           1.631       245760        30720
        3840           64           2.497       491520        61440
        3840          128           4.309       983040       122880
        3840          256           7.976      1966080       245760
        3840          512          15.124      3932160       491520
        3840         1024          29.378      7864320       983040
        3840         2048          57.920     15728640      1966080
        3840         4096         114.972     31457280      3932160
        3840         8192         229.102     62914560      7864320
        4224            1           0.815         8448         1056
        4224            2           0.844        16896         2112
        4224            4           0.893        33792         4224
        4224            8           1.083        67584         8448
        4224           16           1.395       135168        16896
        4224           32           1.975       270336        33792
        4224           64           3.182       540672        67584
        4224          128           5.609      1081344       135168
        4224          256          10.573      2162688       270336
        4224          512          20.250      4325376       540672
        4224         1024          39.628      8650752      1081344
        4224         2048          78.384     17301504      2162688
        4224         4096         155.895     34603008      4325376
        4224         8192         310.934     69206016      8650752
        4608            1           0.759         9216         1152
        4608            2           0.820        18432         2304
        4608            4           0.923        36864         4608
        4608            8           1.054        73728         9216
        4608           16           1.279       147456        18432
        4608           32           1.800       294912        36864
        4608           64           2.888       589824        73728
        4608          128           4.986      1179648       147456
        4608          256           9.218      2359296       294912
        4608          512          17.782      4718592       589824
        4608         1024          34.738      9437184      1179648
        4608         2048          68.610     18874368      2359296
        4608         4096         136.378     37748736      4718592
        4608         8192         271.878     75497472      9437184
        5056            1           0.796        10112         1264
        5056            2           0.839        20224         2528
        5056            4           0.944        40448         5056
        5056            8           1.097        80896        10112
        5056           16           1.572       161792        20224
        5056           32           2.142       323584        40448
        5056           64           3.089       647168        80896
        5056          128           5.273      1294336       161792
        5056          256          15.112      2588672       323584
        5056          512          21.877      5177344       647168
        5056         1024          43.856     10354688      1294336
        5056         2048          88.053     20709376      2588672
        5056         4096         176.293     41418752      5177344
        5056         8192         352.894     82837504     10354688
        5504            1           0.805        11008         1376
        5504            2           0.839        22016         2752
        5504            4           0.940        44032         5504
        5504            8           1.090        88064        11008
        5504           16           1.503       176128        22016
        5504           32           2.257       352256        44032
        5504           64           3.746       704512        88064
        5504          128           5.916      1409024       176128
        5504          256          12.842      2818048       352256
        5504          512          23.732      5636096       704512
        5504         1024          47.469     11272192      1409024
        5504         2048          95.084     22544384      2818048
        5504         4096         190.075     45088768      5636096
        5504         8192         380.009     90177536     11272192
        6016            1           0.801        12032         1504
        6016            2           0.821        24064         3008
        6016            4           0.937        48128         6016
        6016            8           1.150        96256        12032
        6016           16           1.569       192512        24064
        6016           32           2.372       385024        48128
        6016           64           3.960       770048        96256
        6016          128           7.143      1540096       192512
        6016          256          13.589      3080192       385024
        6016          512          26.277      6160384       770048
        6016         1024          51.656     12320768      1540096
        6016         2048         101.503     24641536      3080192
        6016         4096         204.331     49283072      6160384
        6016         8192         406.910     98566144     12320768
        6592            1           0.787        13184         1648
        6592            2           0.845        26368         3296
        6592            4           0.996        52736         6592
        6592            8           1.206       105472        13184
        6592           16           1.612       210944        26368
        6592           32           2.458       421888        52736
        6592           64           4.145       843776       105472
        6592          128           7.534      1687552       210944
        6592          256          14.377      3375104       421888
        6592          512          27.864      6750208       843776
        6592         1024          54.834     13500416      1687552
        6592         2048         108.776     27000832      3375104
        6592         4096         216.242     54001664      6750208
        6592         8192         433.103    108003328     13500416
        7232            1           0.964        14464         1808
        7232            2           0.842        28928         3616
        7232            4           0.970        57856         7232
        7232            8           1.249       115712        14464
        7232           16           1.677       231424        28928
        7232           32           2.703       462848        57856
        7232           64           4.529       925696       115712
        7232          128           8.184      1851392       231424
        7232          256          15.287      3702784       462848
        7232          512          29.933      7405568       925696
        7232         1024          59.072     14811136      1851392
        7232         2048         116.801     29622272      3702784
        7232         4096         233.420     59244544      7405568
        7232         8192         472.107    118489088     14811136
        7936            1           0.893        15872         1984
        7936            2           0.871        31744         3968
        7936            4           0.994        63488         7936
        7936            8           1.234       126976        15872
        7936           16           1.773       253952        31744
        7936           32           2.737       507904        63488
        7936           64           4.697      1015808       126976
        7936          128           8.607      2031616       253952
        7936          256          16.423      4063232       507904
        7936          512          32.180      8126464      1015808
        7936         1024          63.374     16252928      2031616
        7936         2048         125.973     32505856      4063232
        7936         4096         251.018     65011712      8126464
        8704            1           0.797        17408         2176
        8704            2           0.855        34816         4352
        8704            4           1.004        69632         8704
        8704            8           1.324       139264        17408
        8704           16           1.825       278528        34816
        8704           32           2.883       557056        69632
        8704           64           5.067      1114112       139264
        8704          128           9.224      2228224       278528
        8704          256          17.779      4456448       557056
        8704          512          34.678      8912896      1114112
        8704         1024          68.431     17825792      2228224
        8704         2048         135.965     35651584      4456448
        8704         4096         271.027     71303168      8912896
        9536            1           0.884        19072         2384
        9536            2           0.883        38144         4768
        9536            4           1.200        76288         9536
        9536            8           1.368       152576        19072
        9536           16           2.072       305152        38144
        9536           32           3.182       610304        76288
        9536           64           5.319      1220608       152576
        9536          128           9.985      2441216       305152
        9536          256          19.005      4882432       610304
        9536          512          37.011      9764864      1220608
        9536         1024          73.126     19529728      2441216
        9536         2048         145.333     39059456      4882432
        9536         4096         289.538     78118912      9764864
       10432            1           0.806        20864         2608
       10432            2           0.877        41728         5216
       10432            4           1.036        83456        10432
       10432            8           1.392       166912        20864
       10432           16           1.990       333824        41728
       10432           32           3.201       667648        83456
       10432           64           5.788      1335296       166912
       10432          128          10.483      2670592       333824
       10432          256          20.183      5341184       667648
       10432          512          39.691     10682368      1335296
       10432         1024          78.465     21364736      2670592
       10432         2048         156.027     42729472      5341184
       10432         4096         311.149     85458944     10682368
       11456            1           0.814        22912         2864
       11456            2           0.887        45824         5728
       11456            4           1.054        91648        11456
       11456            8           1.401       183296        22912
       11456           16           2.081       366592        45824
       11456           32           3.608       733184        91648
       11456           64           6.026      1466368       183296
       11456          128          11.224      2932736       366592
       11456          256          21.769      5865472       733184
       11456          512          42.829     11730944      1466368
       11456         1024          84.774     23461888      2932736
       11456         2048         168.637     46923776      5865472
       11456         4096         336.106     93847552     11730944
       12544            1           0.835        25088         3136
       12544            2           0.907        50176         6272
       12544            4           1.118       100352        12544
       12544            8           1.522       200704        25088
       12544           16           2.324       401408        50176
       12544           32           3.628       802816       100352
       12544           64           6.549      1605632       200704
       12544          128          12.133      3211264       401408
       12544          256          23.518      6422528       802816
       12544          512          46.276     12845056      1605632
       12544         1024          91.675     25690112      3211264
       12544         2048         182.573     51380224      6422528
       12544         4096         370.691    102760448     12845056
       13760            1           0.829        27520         3440
       13760            2           1.026        55040         6880
       13760            4           1.168       110080        13760
       13760            8           1.677       220160        27520
       13760           16           2.353       440320        55040
       13760           32           3.827       880640       110080
       13760           64           6.901      1761280       220160
       13760          128          12.998      3522560       440320
       13760          256          25.255      7045120       880640
       13760          512          49.726     14090240      1761280
       13760         1024          98.591     28180480      3522560
       13760         2048         196.307     56360960      7045120
       13760         4096         391.709    112721920     14090240
       15104            1           0.836        30208         3776
       15104            2           0.930        60416         7552
       15104            4           1.145       120832        15104
       15104            8           1.583       241664        30208
       15104           16           2.438       483328        60416
       15104           32           4.119       966656       120832
       15104           64           7.440      1933312       241664
       15104          128          14.128      3866624       483328
       15104          256          27.433      7733248       966656
       15104          512          54.151     15466496      1933312
       15104         1024         107.410     30932992      3866624
       15104         2048         213.912     61865984      7733248
       15104         4096         426.905    123731968     15466496
       16576            1           0.859        33152         4144
       16576            2           0.964        66304         8288
       16576            4           1.344       132608        16576
       16576            8           1.642       265216        33152
       16576           16           2.576       530432        66304
       16576           32           4.513      1060864       132608
       16576           64           8.120      2121728       265216
       16576          128          15.214      4243456       530432
       16576          256          29.765      8486912      1060864
       16576          512          58.760     16973824      2121728
       16576         1024         116.335     33947648      4243456
       16576         2048         230.002     67895296      8486912
       18176            1           0.867        36352         4544
       18176            2           0.989        72704         9088
       18176            4           1.320       145408        18176
       18176            8           1.721       290816        36352
       18176           16           2.782       581632        72704
       18176           32           4.696      1163264       145408
       18176           64           8.623      2326528       290816
       18176          128          16.510      4653056       581632
       18176          256          32.163      9306112      1163264
       18176          512          63.626     18612224      2326528
       18176         1024         126.340     37224448      4653056
       18176         2048         251.787     74448896      9306112
       19968            1           1.050        39936         4992
       19968            2           0.990        79872         9984
       19968            4           1.266       159744        19968
       19968            8           1.801       319488        39936
       19968           16           2.890       638976        79872
       19968           32           5.019      1277952       159744
       19968           64           9.277      2555904       319488
       19968          128          17.817      5111808       638976
       19968          256          34.863     10223616      1277952
       19968          512          68.813     20447232      2555904
       19968         1024         136.716     40894464      5111808
       19968         2048         272.547     81788928     10223616
       21952            1           1.041        43904         5488
       21952            2           1.109        87808        10976
       21952            4           1.389       175616        21952
       21952            8           2.020       351232        43904
       21952           16           3.082       702464        87808
       21952           32           5.420      1404928       175616
       21952           64          10.016      2809856       351232
       21952          128          19.245      5619712       702464
       21952          256          37.804     11239424      1404928
       21952          512          74.688     22478848      2809856
       21952         1024         148.468     44957696      5619712
       21952         2048         295.925     89915392     11239424
       24128            1           0.886        48256         6032
       24128            2           1.027        96512        12064
       24128            4           1.361       193024        24128
       24128            8           2.045       386048        48256
       24128           16           3.429       772096        96512
       24128           32           5.811      1544192       193024
       24128           64          13.573      3088384       386048
       24128          128          20.911      6176768       772096
       24128          256          41.016     12353536      1544192
       24128          512          81.395     24707072      3088384
       24128         1024         161.764     49414144      6176768
       24128         2048         322.311     98828288     12353536
       26496            1           0.920        52992         6624
       26496            2           1.081       105984        13248
       26496            4           1.423       211968        26496
       26496            8           2.124       423936        52992
       26496           16           3.517       847872       105984
       26496           32           6.271      1695744       211968
       26496           64          11.782      3391488       423936
       26496          128          22.773      6782976       847872
       26496          256          44.849     13565952      1695744
       26496          512          88.820     27131904      3391488
       26496         1024         176.752     54263808      6782976
       26496         2048         352.525    108527616     13565952
       29120            1           0.937        58240         7280
       29120            2           1.107       116480        14560
       29120            4           1.506       232960        29120
       29120            8           2.250       465920        58240
       29120           16           3.766       931840       116480
       29120           32           6.796      1863680       232960
       29120           64          12.736      3727360       465920
       29120          128          24.653      7454720       931840
       29120          256          48.718     14909440      1863680
       29120          512          96.314     29818880      3727360
       29120         1024         193.853     59637760      7454720
       29120         2048         384.095    119275520     14909440
       32000            1           0.925        64000         8000
       32000            2           1.136       128000        16000
       32000            4           1.546       256000        32000
       32000            8           2.388       512000        64000
       32000           16           4.062      1024000       128000
       32000           32           7.341      2048000       256000
       32000           64          13.893      4096000       512000
       32000          128          27.013      8192000      1024000
       32000          256          53.154     16384000      2048000
       32000          512         105.611     32768000      4096000
       32000         1024         210.279     65536000      8192000
       35200            1           1.084        70400         8800
       35200            2           1.273       140800        17600
       35200            4           1.636       281600        35200
       35200            8           2.560       563200        70400
       35200           16           4.374      1126400       140800
       35200           32           7.939      2252800       281600
       35200           64          15.102      4505600       563200
       35200          128          29.457      9011200      1126400
       35200          256          58.026     18022400      2252800
       35200          512         115.424     36044800      4505600
       35200         1024         229.842     72089600      9011200
       38720            1           1.006        77440         9680
       38720            2           1.215       154880        19360
       38720            4           1.723       309760        38720
       38720            8           2.704       619520        77440
       38720           16           4.685      1239040       154880
       38720           32           8.609      2478080       309760
       38720           64          16.427      4956160       619520
       38720          128          32.080      9912320      1239040
       38720          256          63.358     19824640      2478080
       38720          512         125.954     39649280      4956160
       38720         1024         251.198     79298560      9912320
       42560            1           1.013        85120        10640
       42560            2           1.259       170240        21280
       42560            4           1.797       340480        42560
       42560            8           2.879       680960        85120
       42560           16           5.043      1361920       170240
       42560           32           9.318      2723840       340480
       42560           64          17.893      5447680       680960
       42560          128          34.950     10895360      1361920
       42560          256          69.215     21790720      2723840
       42560          512         137.538     43581440      5447680
       42560         1024         279.516     87162880     10895360
       46784            1           1.015        93568        11696
       46784            2           1.340       187136        23392
       46784            4           2.108       374272        46784
       46784            8           3.092       748544        93568
       46784           16           5.474      1497088       187136
       46784           32          10.146      2994176       374272
       46784           64          19.540      5988352       748544
       46784          128          38.326     11976704      1497088
       46784          256          75.709     23953408      2994176
       46784          512         151.061     47906816      5988352
       46784         1024         301.330     95813632     11976704
       51456            1           1.052       102912        12864
       51456            2           1.371       205824        25728
       51456            4           2.044       411648        51456
       51456            8           3.358       823296       102912
       51456           16           5.911      1646592       205824
       51456           32          11.055      3293184       411648
       51456           64          21.318      6586368       823296
       51456          128          41.866     13172736      1646592
       51456          256          83.042     26345472      3293184
       51456          512         165.165     52690944      6586368
       51456         1024         329.387    105381888     13172736
       56576            1           1.069       113152        14144
       56576            2           1.433       226304        28288
       56576            4           2.131       452608        56576
       56576            8           3.556       905216       113152
       56576           16           6.386      1810432       226304
       56576           32          12.029      3620864       452608
       56576           64          23.285      7241728       905216
       56576          128          45.762     14483456      1810432
       56576          256          90.824     28966912      3620864
       56576          512         180.845     57933824      7241728
       56576         1024         360.530    115867648     14483456
       62208            1           1.116       124416        15552
       62208            2           1.493       248832        31104
       62208            4           2.285       497664        62208
       62208            8           3.834       995328       124416
       62208           16           6.958      1990656       248832
       62208           32          13.125      3981312       497664
       62208           64          25.454      7962624       995328
       62208          128          50.110     15925248      1990656
       62208          256          99.447     31850496      3981312
       62208          512         198.140     63700992      7962624
       68416            1           1.295       136832        17104
       68416            2           1.596       273664        34208
       68416            4           2.470       547328        68416
       68416            8           4.142      1094656       136832
       68416           16           7.516      2189312       273664
       68416           32          14.271      4378624       547328
       68416           64          27.895      8757248      1094656
       68416          128          54.758     17514496      2189312
       68416          256         108.766     35028992      4378624
       68416          512         216.815     70057984      8757248
       75200            1           1.306       150400        18800
       75200            2           1.823       300800        37600
       75200            4           2.588       601600        75200
       75200            8           4.622      1203200       150400
       75200           16           8.156      2406400       300800
       75200           32          15.551      4812800       601600
       75200           64          30.376      9625600      1203200
       75200          128          59.948     19251200      2406400
       75200          256         119.234     38502400      4812800
       75200          512         237.411     77004800      9625600
       82688            1           1.309       165376        20672
       82688            2           1.752       330752        41344
       82688            4           2.779       661504        82688
       82688            8           4.837      1323008       165376
       82688           16           8.891      2646016       330752
       82688           32          17.016      5292032       661504
       82688           64          33.248     10584064      1323008
       82688          128          65.676     21168128      2646016
       82688          256         130.573     42336256      5292032
       82688          512         264.775     84672512     10584064
       90944            1           1.315       181888        22736
       90944            2           1.859       363776        45472
       90944            4           2.995       727552        90944
       90944            8           5.233      1455104       181888
       90944           16           9.667      2910208       363776
       90944           32          18.551      5820416       727552
       90944           64          36.406     11640832      1455104
       90944          128          71.959     23281664      2910208
       90944          256         143.169     46563328      5820416
       90944          512         285.682     93126656     11640832
      100032            1           1.400       200064        25008
      100032            2           1.941       400128        50016
      100032            4           3.169       800256       100032
      100032            8           5.635      1600512       200064
      100032           16          10.532      3201024       400128
      100032           32          20.306      6402048       800256
      100032           64          39.866     12804096      1600512
      100032          128          78.997     25608192      3201024
      100032          256         156.789     51216384      6402048
      100032          512         313.101    102432768     12804096
      110016            1           1.550       220032        27504
      110016            2           2.057       440064        55008
      110016            4           3.415       880128       110016
      110016            8           6.097      1760256       220032
      110016           16          11.484      3520512       440064
      110016           32          22.194      7041024       880128
      110016           64          43.612     14082048      1760256
      110016          128          86.600     28164096      3520512
      110016          256         172.070     56328192      7041024
      110016          512         344.093    112656384     14082048
      120960            1           1.735       241920        30240
      120960            2           2.327       483840        60480
      120960            4           3.750       967680       120960
      120960            8           6.639      1935360       241920
      120960           16          12.536      3870720       483840
      120960           32          24.282      7741440       967680
      120960           64          47.789     15482880      1935360
      120960          128          94.791     30965760      3870720
      120960          256         188.919     61931520      7741440
      120960          512         376.893    123863040     15482880
      133056            1           1.723       266112        33264
      133056            2           2.348       532224        66528
      133056            4           3.959      1064448       133056
      133056            8           7.207      2128896       266112
      133056           16          13.675      4257792       532224
      133056           32          26.593      8515584      1064448
      133056           64          52.422     17031168      2128896
      133056          128         104.129     34062336      4257792
      133056          256         207.389     68124672      8515584
      146304            1           1.512       292608        36576
      146304            2           2.518       585216        73152
      146304            4           4.316      1170432       146304
      146304            8           7.859      2340864       292608
      146304           16          15.020      4681728       585216
      146304           32          29.222      9363456      1170432
      146304           64          57.429     18726912      2340864
      146304          128         114.142     37453824      4681728
      146304          256         227.473     74907648      9363456
      160896            1           1.668       321792        40224
      160896            2           2.727       643584        80448
      160896            4           4.728      1287168       160896
      160896            8           8.641      2574336       321792
      160896           16          16.343      5148672       643584
      160896           32          31.908     10297344      1287168
      160896           64          63.049     20594688      2574336
      160896          128         130.752     41189376      5148672
      160896          256         249.572     82378752     10297344
      176960            1           2.276       353920        44240
      176960            2           2.896       707840        88480
      176960            4           5.059      1415680       176960
      176960            8           9.313      2831360       353920
      176960           16          17.873      5662720       707840
      176960           32          34.964     11325440      1415680
      176960           64          69.133     22650880      2831360
      176960          128         137.472     45301760      5662720
      176960          256         274.106     90603520     11325440
      194624            1           1.873       389248        48656
      194624            2           3.118       778496        97312
      194624            4           5.446      1556992       194624
      194624            8          10.339      3113984       389248
      194624           16          19.611      6227968       778496
      194624           32          38.347     12455936      1556992
      194624           64          75.906     24911872      3113984
      194624          128         151.031     49823744      6227968
      194624          256         301.250     99647488     12455936
      214080            1           2.928       428160        53520
      214080            2           3.399       856320       107040
      214080            4           5.971      1712640       214080
      214080            8          11.162      3425280       428160
      214080           16          21.467      6850560       856320
      214080           32          42.111     13701120      1712640
      214080           64          83.457     27402240      3425280
      214080          128         165.811     54804480      6850560
      214080          256         330.933    109608960     13701120
      235456            1           2.876       470912        58864
      235456            2           3.736       941824       117728
      235456            4           6.591      1883648       235456
      235456            8          12.232      3767296       470912
      235456           16          23.666      7534592       941824
      235456           32          46.257     15069184      1883648
      235456           64          91.587     30138368      3767296
      235456          128         182.269     60276736      7534592
      235456          256         363.665    120553472     15069184
      258944            1           3.149       517888        64736
      258944            2           4.087      1035776       129472
      258944            4           7.229      2071552       258944
      258944            8          13.495      4143104       517888
      258944           16          25.910      8286208      1035776
      258944           32          50.820     16572416      2071552
      258944           64         100.610     33144832      4143104
      258944          128         200.118     66289664      8286208
      284800            1           3.627       569600        71200
      284800            2           4.614      1139200       142400
      284800            4           8.384      2278400       284800
      284800            8          15.735      4556800       569600
      284800           16          31.080      9113600      1139200
      284800           32          62.527     18227200      2278400
      284800           64         124.830     36454400      4556800
      284800          128         250.253     72908800      9113600
      313280            1           3.965       626560        78320
      313280            2           5.135      1253120       156640
      313280            4           9.536      2506240       313280
      313280            8          18.168      5012480       626560
      313280           16          35.522     10024960      1253120
      313280           32          81.265     20049920      2506240
      313280           64         140.451     40099840      5012480
      313280          128         280.974     80199680     10024960
      344576            1           4.331       689152        86144
      344576            2           5.597      1378304       172288
      344576            4          10.424      2756608       344576
      344576            8          19.778      5513216       689152
      344576           16          38.575     11026432      1378304
      344576           32          77.044     22052864      2756608
      344576           64         154.008     44105728      5513216
      344576          128         308.446     88211456     11026432
      379008            1           4.709       758016        94752
      379008            2           6.102      1516032       189504
      379008            4          11.238      3032064       379008
      379008            8          21.632      6064128       758016
      379008           16          42.959     12128256      1516032
      379008           32          84.833     24256512      3032064
      379008           64         169.458     48513024      6064128
      379008          128         339.274     97026048     12128256
      416896            1           4.894       833792       104224
      416896            2           6.580      1667584       208448
      416896            4          12.363      3335168       416896
      416896            8          23.925      6670336       833792
      416896           16          47.100     13340672      1667584
      416896           32          93.119     26681344      3335168
      416896           64         186.602     53362688      6670336
      416896          128         372.826    106725376     13340672
      458560            1           5.283       917120       114640
      458560            2           7.135      1834240       229280
      458560            4          13.515      3668480       458560
      458560            8          26.293      7336960       917120
      458560           16          51.282     14673920      1834240
      458560           32         102.329     29347840      3668480
      458560           64         204.865     58695680      7336960
      458560          128         409.959    117391360     14673920
      504384            1           5.995      1008768       126096
      504384            2           7.773      2017536       252192
      504384            4          14.780      4035072       504384
      504384            8          28.686      8070144      1008768
      504384           16          56.263     16140288      2017536
      504384           32         112.845     32280576      4035072
      504384           64         225.295     64561152      8070144
      554816            1           6.520      1109632       138704
      554816            2           8.471      2219264       277408
      554816            4          16.185      4438528       554816
      554816            8          31.563      8877056      1109632
      554816           16          66.148     17754112      2219264
      554816           32         123.687     35508224      4438528
      554816           64         246.966     71016448      8877056
      610240            1           7.872      1220480       152560
      610240            2           9.175      2440960       305120
      610240            4          17.608      4881920       610240
      610240            8          34.345      9763840      1220480
      610240           16          67.707     19527680      2440960
      610240           32         135.458     39055360      4881920
      610240           64         271.068     78110720      9763840
      671232            1           8.227      1342464       167808
      671232            2          10.050      2684928       335616
      671232            4          19.305      5369856       671232
      671232            8          37.268     10739712      1342464
      671232           16          74.567     21479424      2684928
      671232           32         148.772     42958848      5369856
      671232           64         297.804     85917696     10739712
      738304            1           9.132      1476608       184576
      738304            2          10.910      2953216       369152
      738304            4          21.095      5906432       738304
      738304            8          41.442     11812864      1476608
      738304           16          81.808     23625728      2953216
      738304           32         163.546     47251456      5906432
      738304           64         327.186     94502912     11812864
      812096            1           9.712      1624192       203024
      812096            2          11.983      3248384       406048
      812096            4          23.141      6496768       812096
      812096            8          45.335     12993536      1624192
      812096           16          90.818     25987072      3248384
      812096           32         181.754     51974144      6496768
      812096           64         364.019    103948288     12993536
      893248            1          11.975      1786496       223312
      893248            2          13.119      3572992       446624
      893248            4          25.498      7145984       893248
      893248            8          49.912     14291968      1786496
      893248           16          99.797     28583936      3572992
      893248           32         199.540     57167872      7145984
      893248           64         399.829    114335744     14291968
      982528            1          11.854      1965056       245632
      982528            2          14.341      3930112       491264
      982528            4          27.884      7860224       982528
      982528            8          54.778     15720448      1965056
      982528           16         113.431     31440896      3930112
      982528           32         219.467     62881792      7860224
     1080768            1          13.956      2161536       270192
     1080768            2          15.728      4323072       540384
     1080768            4          30.568      8646144      1080768
     1080768            8          60.148     17292288      2161536
     1080768           16         120.547     34584576      4323072
     1080768           32         241.316     69169152      8646144
     1188800            1          15.624      2377600       297200
     1188800            2          17.162      4755200       594400
     1188800            4          33.532      9510400      1188800
     1188800            8          65.987     19020800      2377600
     1188800           16         132.469     38041600      4755200
     1188800           32         265.441     76083200      9510400
     1307648            1          16.919      2615296       326912
     1307648            2          18.517      5230592       653824
     1307648            4          37.059     10461184      1307648
     1307648            8          74.161     20922368      2615296
     1307648           16         148.654     41844736      5230592
     1307648           32         297.395     83689472     10461184
     1438400            1          18.079      2876800       359600
     1438400            2          20.504      5753600       719200
     1438400            4          41.354     11507200      1438400
     1438400            8          82.979     23014400      2876800
     1438400           16         166.138     46028800      5753600
     1438400           32         332.306     92057600     11507200
     1582208            1          21.110      3164416       395552
     1582208            2          22.898      6328832       791104
     1582208            4          45.680     12657664      1582208
     1582208            8          90.965     25315328      3164416
     1582208           16         181.931     50630656      6328832
     1582208           32         364.149    101261312     12657664
     1740416            1          21.928      3480832       435104
     1740416            2          26.285      6961664       870208
     1740416            4          51.506     13923328      1740416
     1740416            8         101.919     27846656      3480832
     1740416           16         202.516     55693312      6961664
     1740416           32         413.968    111386624     13923328
     1914432            1          24.897      3828864       478608
     1914432            2          29.696      7657728       957216
     1914432            4          58.004     15315456      1914432
     1914432            8         114.179     30630912      3828864
     1914432           16         228.801     61261824      7657728
     1914432           32         457.266    122523648     15315456
     2105856            1          26.656      4211712       526464
     2105856            2          32.560      8423424      1052928
     2105856            4          65.577     16846848      2105856
     2105856            8         130.696     33693696      4211712
     2105856           16         261.476     67387392      8423424
     2316416            1          30.551      4632832       579104
     2316416            2          37.777      9265664      1158208
     2316416            4          75.850     18531328      2316416
     2316416            8         151.241     37062656      4632832
     2316416           16         302.622     74125312      9265664
     2548032            1          35.025      5096064       637008
     2548032            2          42.489     10192128      1274016
     2548032            4          85.476     20384256      2548032
     2548032            8         171.202     40768512      5096064
     2548032           16         342.346     81537024     10192128
     2802816            1          38.365      5605632       700704
     2802816            2          47.793     11211264      1401408
     2802816            4          95.722     22422528      2802816
     2802816            8         192.379     44845056      5605632
     2802816           16         384.634     89690112     11211264
     3083072            1          42.976      6166144       770768
     3083072            2          54.123     12332288      1541536
     3083072            4         108.399     24664576      3083072
     3083072            8         229.742     49329152      6166144
     3083072           16         434.084     98658304     12332288
     3391360            1          47.411      6782720       847840
     3391360            2          59.479     13565440      1695680
     3391360            4         119.513     27130880      3391360
     3391360            8         239.202     54261760      6782720
     3391360           16         478.761    108523520     13565440
     3730496            1          51.094      7460992       932624
     3730496            2          65.975     14921984      1865248
     3730496            4         131.902     29843968      3730496
     3730496            8         263.762     59687936      7460992
     3730496           16         528.267    119375872     14921984
     4103488            1          57.541      8206976      1025872
     4103488            2          73.452     16413952      2051744
     4103488            4         145.234     32827904      4103488
     4103488            8         290.737     65655808      8206976
     4513792            1          64.164      9027584      1128448
     4513792            2          80.911     18055168      2256896
     4513792            4         160.605     36110336      4513792
     4513792            8         320.337     72220672      9027584
     4965120            1          69.674      9930240      1241280
     4965120            2          89.088     19860480      2482560
     4965120            4         213.494     39720960      4965120
     4965120            8         351.532     79441920      9930240
     5461632            1          77.299     10923264      1365408
     5461632            2          97.679     21846528      2730816
     5461632            4         194.211     43693056      5461632
     5461632            8         386.864     87386112     10923264
     6007744            1          84.980     12015488      1501936
     6007744            2         107.589     24030976      3003872
     6007744            4         214.327     48061952      6007744
     6007744            8         426.683     96123904     12015488
     6608512            1          93.103     13217024      1652128
     6608512            2         117.960     26434048      3304256
     6608512            4         234.856     52868096      6608512
     6608512            8         467.931    105736192     13217024
     7269312            1         102.832     14538624      1817328
     7269312            2         129.165     29077248      3634656
     7269312            4         258.049     58154496      7269312
     7269312            8         515.450    116308992     14538624
     7996224            1         115.294     15992448      1999056
     7996224            2         142.071     31984896      3998112
     7996224            4         283.168     63969792      7996224
     8795840            1         127.642     17591680      2198960
     8795840            2         156.519     35183360      4397920
     8795840            4         311.791     70366720      8795840
     9675392            1         138.211     19350784      2418848
     9675392            2         171.910     38701568      4837696
     9675392            4         342.914     77403136      9675392
    10642880            1         152.273     21285760      2660720
    10642880            2         189.233     42571520      5321440
    10642880            4         376.632     85143040     10642880
    11707136            1         169.772     23414272      2926784
    11707136            2         208.337     46828544      5853568
    11707136            4         415.398     93657088     11707136
    12877824            1         185.813     25755648      3219456
    12877824            2         230.705     51511296      6438912
    12877824            4         464.680    103022592     12877824
    14165568            1         204.379     28331136      3541392
    14165568            2         256.513     56662272      7082784
    14165568            4         510.912    113324544     14165568
    15582080            1         226.271     31164160      3895520
    15582080            2         291.076     62328320      7791040
    15582080            4         580.092    124656640     15582080
    17140288            1         252.812     34280576      4285072
    17140288            2         358.607     68561152      8570144
    18854272            1         301.337     37708544      4713568
    18854272            2         540.775     75417088      9427136
    20739648            1         419.887     41479296      5184912
    20739648            2         936.179     82958592     10369824
    22813568            1         622.683     45627136      5703392
    22813568            2        1591.001     91254272     11406784
    25094912            1        1005.620     50189824      6273728
    25094912            2        2582.176    100379648     12547456
    27604352            1        1501.731     55208704      6901088
    27604352            2        3447.366    110417408     13802176
    30364736            1        1966.374     60729472      7591184
    30364736            2        4266.555    121458944     15182368
    33401152            1        2375.592     66802304      8350288
    36741248            1        2783.463     73482496      9185312
    40415360            1        3140.881     80830720     10103840
    44456896            1        3498.216     88913792     11114224
    48902528            1        3869.483     97805056     12225632
    53792768            1        4259.431    107585536     13448192
    59172032            1        4691.435    118344064     14793008

META_DATA
MPI_PROCS      1
OPENMP_THREADS 8
FLOPS          2
ERT_VERSION  1.0.0
TIMESTAMP_DATA  1594852872.97
HOSTNAME  ('apollo-PowerEdge-R430', [], ['127.0.1.1'])
UNAME  ('Linux', 'apollo-PowerEdge-R430', '4.19.129-0419129-generic', '#202006220433 SMP Mon Jun 22 09:12:54 UTC 2020', 'x86_64', 'x86_64')
CONFIG  {'ERT_WORKING_SET_MIN': ['1'], 'ERT_CFLAGS': ['-O3'], 'ERT_CC': ['gcc'], 'ERT_MPI_CFLAGS': [], 'ERT_MPI_LDFLAGS': [], 'ERT_MEMORY_MAX': ['62497788'], 'ERT_PROCS_THREADS': ['8'], 'ERT_LDFLAGS': [], 'ERT_LDLIBS': [], 'ERT_SPEC_GBYTES_DRAM': ['1.0'], 'ERT_RUN': ['export', 'KMP_AFFINITY=scatter;', 'export', 'OMP_NUM_THREADS=ERT_OPENMP_THREADS;', 'ERT_CODE'], 'ERT_FLOPS': ['1,2,4,8,16'], 'ERT_OPENMP_CFLAGS': ['-fopenmp'], 'ERT_SPEC_GFLOPS': ['1.0'], 'ERT_MPI': ['False'], 'ERT_TRIALS_MIN': ['1'], 'ERT_DRIVER': ['driver1'], 'ERT_RESULTS': ['Results.x86'], 'ERT_OPENMP': ['True'], 'ERT_MPI_PROCS': ['1'], 'ERT_KERNEL': ['kernel1'], 'ERT_OPENMP_THREADS': ['1-32'], 'ERT_LD': ['gcc'], 'ERT_NUM_EXPERIMENTS': ['6'], 'ERT_OPENMP_LDFLAGS': ['-fopenmp'], 'ERT_ALIGN': ['32'], 'ERT_GNUPLOT': ['gnuplot']}
