          64            1           1.562          128           16
          64            2           0.789          256           32
          64            4           0.774          512           64
          64            8           0.748         1024          128
          64           16           0.780         2048          256
          64           32           0.842         4096          512
          64           64           1.005         8192         1024
          64          128           1.336        16384         2048
          64          256           2.018        32768         4096
          64          512           3.350        65536         8192
          64         1024           6.017       131072        16384
          64         2048          11.375       262144        32768
          64         4096          22.068       524288        65536
          64         8192          43.472      1048576       131072
          64        16384          86.260      2097152       262144
          64        32768         171.836      4194304       524288
          64        65536         342.997      8388608      1048576
          64       131072         685.514     16777216      2097152
          64       262144        1383.834     33554432      4194304
          64       524288        2774.101     67108864      8388608
         128            1           0.764          256           32
         128            2           0.753          512           64
         128            4           0.771         1024          128
         128            8           0.817         2048          256
         128           16           0.771         4096          512
         128           32           0.924         8192         1024
         128           64           1.022        16384         2048
         128          128           1.359        32768         4096
         128          256           2.016        65536         8192
         128          512           3.361       131072        16384
         128         1024           6.040       262144        32768
         128         2048          11.397       524288        65536
         128         4096          22.094      1048576       131072
         128         8192          43.487      2097152       262144
         128        16384          86.275      4194304       524288
         128        32768         171.856      8388608      1048576
         128        65536         343.019     16777216      2097152
         128       131072         706.041     33554432      4194304
         128       262144        1369.997     67108864      8388608
         192            1           0.758          384           48
         192            2           0.775          768           96
         192            4           0.777         1536          192
         192            8           0.775         3072          384
         192           16           0.812         6144          768
         192           32           0.872        12288         1536
         192           64           1.040        24576         3072
         192          128           1.382        49152         6144
         192          256           2.038        98304        12288
         192          512           3.381       196608        24576
         192         1024           6.057       393216        49152
         192         2048          11.400       786432        98304
         192         4096          22.091      1572864       196608
         192         8192          43.500      3145728       393216
         192        16384          86.283      6291456       786432
         192        32768         171.856     12582912      1572864
         192        65536         343.023     25165824      3145728
         192       131072         698.990     50331648      6291456
         192       262144        1370.017    100663296     12582912
         256            1           0.814          512           64
         256            2           0.777         1024          128
         256            4           0.762         2048          256
         256            8           0.771         4096          512
         256           16           0.813         8192         1024
         256           32           0.874        16384         2048
         256           64           1.035        32768         4096
         256          128           1.407        65536         8192
         256          256           2.056       131072        16384
         256          512           3.373       262144        32768
         256         1024           6.047       524288        65536
         256         2048          11.419      1048576       131072
         256         4096          22.097      2097152       262144
         256         8192          43.493      4194304       524288
         256        16384          86.287      8388608      1048576
         256        32768         171.875     16777216      2097152
         256        65536         343.019     33554432      4194304
         256       131072         685.359     67108864      8388608
         320            1           0.728          640           80
         320            2           0.757         1280          160
         320            4           0.791         2560          320
         320            8           0.785         5120          640
         320           16           0.820        10240         1280
         320           32           0.909        20480         2560
         320           64           1.074        40960         5120
         320          128           1.379        81920        10240
         320          256           2.047       163840        20480
         320          512           3.394       327680        40960
         320         1024           6.057       655360        81920
         320         2048          11.410      1310720       163840
         320         4096          22.110      2621440       327680
         320         8192          43.509      5242880       655360
         320        16384          86.293     10485760      1310720
         320        32768         171.885     20971520      2621440
         320        65536         343.036     41943040      5242880
         320       131072         693.449     83886080     10485760
         384            1           0.757          768           96
         384            2           0.768         1536          192
         384            4           0.793         3072          384
         384            8           0.797         6144          768
         384           16           0.825        12288         1536
         384           32           0.898        24576         3072
         384           64           1.060        49152         6144
         384          128           1.391        98304        12288
         384          256           2.052       196608        24576
         384          512           3.430       393216        49152
         384         1024           6.058       786432        98304
         384         2048          11.577      1572864       196608
         384         4096          22.123      3145728       393216
         384         8192          43.516      6291456       786432
         384        16384          86.327     12582912      1572864
         384        32768         171.893     25165824      3145728
         384        65536         343.034     50331648      6291456
         384       131072         685.359    100663296     12582912
         448            1           0.756          896          112
         448            2           0.761         1792          224
         448            4           0.770         3584          448
         448            8           0.794         7168          896
         448           16           0.831        14336         1792
         448           32           0.925        28672         3584
         448           64           1.163        57344         7168
         448          128           1.432       114688        14336
         448          256           2.132       229376        28672
         448          512           3.452       458752        57344
         448         1024           6.079       917504       114688
         448         2048          11.466      1835008       229376
         448         4096          22.161      3670016       458752
         448         8192          43.599      7340032       917504
         448        16384          86.340     14680064      1835008
         448        32768         171.935     29360128      3670016
         448        65536         343.086     58720256      7340032
         448       131072         685.414    117440512     14680064
         512            1           0.737         1024          128
         512            2           0.758         2048          256
         512            4           0.764         4096          512
         512            8           0.794         8192         1024
         512           16           0.817        16384         2048
         512           32           0.927        32768         4096
         512           64           1.082        65536         8192
         512          128           1.419       131072        16384
         512          256           2.083       262144        32768
         512          512           3.424       524288        65536
         512         1024           6.091      1048576       131072
         512         2048          11.446      2097152       262144
         512         4096          22.147      4194304       524288
         512         8192          43.576      8388608      1048576
         512        16384          86.329     16777216      2097152
         512        32768         171.947     33554432      4194304
         512        65536         349.914     67108864      8388608
         576            1           0.735         1152          144
         576            2           0.740         2304          288
         576            4           0.759         4608          576
         576            8           0.791         9216         1152
         576           16           0.841        18432         2304
         576           32           0.944        36864         4608
         576           64           1.151        73728         9216
         576          128           1.465       147456        18432
         576          256           2.235       294912        36864
         576          512           3.680       589824        73728
         576         1024           6.584      1179648       147456
         576         2048          12.380      2359296       294912
         576         4096          24.006      4718592       589824
         576         8192          47.147      9437184      1179648
         576        16384          93.506     18874368      2359296
         576        32768         186.261     37748736      4718592
         576        65536         371.652     75497472      9437184
         640            1           0.821         1280          160
         640            2           0.759         2560          320
         640            4           0.757         5120          640
         640            8           0.791        10240         1280
         640           16           0.844        20480         2560
         640           32           0.962        40960         5120
         640           64           1.167        81920        10240
         640          128           1.529       163840        20480
         640          256           2.310       327680        40960
         640          512           3.911       655360        81920
         640         1024           7.031      1310720       163840
         640         2048          13.361      2621440       327680
         640         4096          25.842      5242880       655360
         640         8192          50.841     10485760      1310720
         640        16384         100.926     20971520      2621440
         640        32768         200.708     41943040      5242880
         640        65536         400.285     83886080     10485760
         704            1           0.728         1408          176
         704            2           0.769         2816          352
         704            4           0.763         5632          704
         704            8           0.796        11264         1408
         704           16           0.857        22528         2816
         704           32           0.966        45056         5632
         704           64           1.221        90112        11264
         704          128           1.647       180224        22528
         704          256           2.539       360448        45056
         704          512           4.339       720896        90112
         704         1024           7.889      1441792       180224
         704         2048          15.165      2883584       360448
         704         4096          29.394      5767168       720896
         704         8192          57.956     11534336      1441792
         704        16384         115.015     23068672      2883584
         704        32768         229.084     46137344      5767168
         704        65536         457.342     92274688     11534336
         768            1           0.728         1536          192
         768            2           0.751         3072          384
         768            4           0.764         6144          768
         768            8           0.788        12288         1536
         768           16           0.859        24576         3072
         768           32           0.972        49152         6144
         768           64           1.236        98304        12288
         768          128           1.636       196608        24576
         768          256           2.522       393216        49152
         768          512           4.334       786432        98304
         768         1024           7.885      1572864       196608
         768         2048          15.137      3145728       393216
         768         4096          29.400      6291456       786432
         768         8192          57.960     12582912      1572864
         768        16384         114.974     25165824      3145728
         768        32768         229.085     50331648      6291456
         768        65536         457.331    100663296     12582912
         832            1           0.926         1664          208
         832            2           0.746         3328          416
         832            4           0.769         6656          832
         832            8           0.801        13312         1664
         832           16           0.865        26624         3328
         832           32           0.999        53248         6656
         832           64           1.256       106496        13312
         832          128           1.738       212992        26624
         832          256           2.747       425984        53248
         832          512           4.751       851968       106496
         832         1024           8.785      1703936       212992
         832         2048          16.947      3407872       425984
         832         4096          32.966      6815744       851968
         832         8192          65.108     13631488      1703936
         832        16384         129.264     27262976      3407872
         832        32768         261.051     54525952      6815744
         832        65536         514.341    109051904     13631488
         896            1           0.752         1792          224
         896            2           0.764         3584          448
         896            4           0.788         7168          896
         896            8           0.809        14336         1792
         896           16           0.971        28672         3584
         896           32           1.091        57344         7168
         896           64           1.253       114688        14336
         896          128           1.876       229376        28672
         896          256           2.877       458752        57344
         896          512           4.820       917504       114688
         896         1024           8.768      1835008       229376
         896         2048          16.937      3670016       458752
         896         4096          32.997      7340032       917504
         896         8192          65.117     14680064      1835008
         896        16384         129.419     29360128      3670016
         896        32768         257.666     58720256      7340032
         896        65536         514.429    117440512     14680064
         960            1           0.764         1920          240
         960            2           0.777         3840          480
         960            4           0.930         7680          960
         960            8           0.814        15360         1920
         960           16           0.965        30720         3840
         960           32           1.037        61440         7680
         960           64           1.298       122880        15360
         960          128           1.862       245760        30720
         960          256           3.168       491520        61440
         960          512           5.226       983040       122880
         960         1024           9.682      1966080       245760
         960         2048          18.714      3932160       491520
         960         4096          36.588      7864320       983040
         960         8192          72.239     15728640      1966080
         960        16384         143.536     31457280      3932160
         960        32768         286.171     62914560      7864320
        1024            1           0.739         2048          256
        1024            2           0.763         4096          512
        1024            4           0.904         8192         1024
        1024            8           0.820        16384         2048
        1024           16           1.004        32768         4096
        1024           32           1.036        65536         8192
        1024           64           1.315       131072        16384
        1024          128           1.885       262144        32768
        1024          256           2.983       524288        65536
        1024          512           5.333      1048576       131072
        1024         1024           9.686      2097152       262144
        1024         2048          18.693      4194304       524288
        1024         4096          36.621      8388608      1048576
        1024         8192          72.219     16777216      2097152
        1024        16384         143.514     33554432      4194304
        1024        32768         286.147     67108864      8388608
        1088            1           0.745         2176          272
        1088            2           0.759         4352          544
        1088            4           0.810         8704         1088
        1088            8           0.813        17408         2176
        1088           16           0.897        34816         4352
        1088           32           1.081        69632         8704
        1088           64           1.366       139264        17408
        1088          128           1.963       278528        34816
        1088          256           3.321       557056        69632
        1088          512           5.684      1114112       139264
        1088         1024          10.679      2228224       278528
        1088         2048          20.539      4456448       557056
        1088         4096          40.132      8912896      1114112
        1088         8192          79.365     17825792      2228224
        1088        16384         157.794     35651584      4456448
        1088        32768         314.710     71303168      8912896
        1152            1           0.747         2304          288
        1152            2           0.785         4608          576
        1152            4           0.789         9216         1152
        1152            8           0.819        18432         2304
        1152           16           1.031        36864         4608
        1152           32           1.062        73728         9216
        1152           64           1.384       147456        18432
        1152          128           1.962       294912        36864
        1152          256           3.226       589824        73728
        1152          512           5.657      1179648       147456
        1152         1024          10.558      2359296       294912
        1152         2048          20.470      4718592       589824
        1152         4096          40.085      9437184      1179648
        1152         8192          79.316     18874368      2359296
        1152        16384         163.331     37748736      4718592
        1152        32768         314.639     75497472      9437184
        1216            1           0.752         2432          304
        1216            2           0.771         4864          608
        1216            4           0.784         9728         1216
        1216            8           0.868        19456         2432
        1216           16           0.904        38912         4864
        1216           32           1.081        77824         9728
        1216           64           1.433       155648        19456
        1216          128           2.174       311296        38912
        1216          256           3.484       622592        77824
        1216          512           6.110      1245184       155648
        1216         1024          11.573      2490368       311296
        1216         2048          22.406      4980736       622592
        1216         4096          43.702      9961472      1245184
        1216         8192          86.483     19922944      2490368
        1216        16384         172.058     39845888      4980736
        1216        32768         343.219     79691776      9961472
        1280            1           0.752         2560          320
        1280            2           0.937         5120          640
        1280            4           0.790        10240         1280
        1280            8           0.825        20480         2560
        1280           16           0.907        40960         5120
        1280           32           1.101        81920        10240
        1280           64           1.416       163840        20480
        1280          128           2.083       327680        40960
        1280          256           3.577       655360        81920
        1280          512           6.153      1310720       163840
        1280         1024          11.452      2621440       327680
        1280         2048          22.287      5242880       655360
        1280         4096          43.714     10485760      1310720
        1280         8192          86.601     20971520      2621440
        1280        16384         172.025     41943040      5242880
        1280        32768         343.212     83886080     10485760
        1408            1           0.739         2816          352
        1408            2           0.771         5632          704
        1408            4           0.951        11264         1408
        1408            8           0.855        22528         2816
        1408           16           1.070        45056         5632
        1408           32           1.110        90112        11264
        1408           64           1.458       180224        22528
        1408          128           2.188       360448        45056
        1408          256           3.645       720896        90112
        1408          512           6.592      1441792       180224
        1408         1024          12.585      2883584       360448
        1408         2048          24.031      5767168       720896
        1408         4096          47.238     11534336      1441792
        1408         8192          93.732     23068672      2883584
        1408        16384         186.279     46137344      5767168
        1408        32768         371.716     92274688     11534336
        1536            1           0.766         3072          384
        1536            2           0.773         6144          768
        1536            4           0.808        12288         1536
        1536            8           0.839        24576         3072
        1536           16           0.990        49152         6144
        1536           32           1.124        98304        12288
        1536           64           1.519       196608        24576
        1536          128           2.506       393216        49152
        1536          256           3.980       786432        98304
        1536          512           7.101      1572864       196608
        1536         1024          13.432      3145728       393216
        1536         2048          25.833      6291456       786432
        1536         4096          50.775     12582912      1572864
        1536         8192         100.707     25165824      3145728
        1536        16384         200.549     50331648      6291456
        1536        32768         400.249    100663296     12582912
        1664            1           0.748         3328          416
        1664            2           0.768         6656          832
        1664            4           0.998        13312         1664
        1664            8           0.886        26624         3328
        1664           16           0.967        53248         6656
        1664           32           1.242       106496        13312
        1664           64           1.582       212992        26624
        1664          128           2.434       425984        53248
        1664          256           4.087       851968       106496
        1664          512           7.420      1703936       212992
        1664         1024          14.205      3407872       425984
        1664         2048          27.600      6815744       851968
        1664         4096          54.360     13631488      1703936
        1664         8192         107.845     27262976      3407872
        1664        16384         214.815     54525952      6815744
        1664        32768         433.431    109051904     13631488
        1792            1           0.749         3584          448
        1792            2           0.781         7168          896
        1792            4           0.819        14336         1792
        1792            8           0.893        28672         3584
        1792           16           0.975        57344         7168
        1792           32           1.187       114688        14336
        1792           64           1.630       229376        28672
        1792          128           2.523       458752        57344
        1792          256           4.295       917504       114688
        1792          512           7.879      1835008       229376
        1792         1024          15.116      3670016       458752
        1792         2048          29.393      7340032       917504
        1792         4096          57.905     14680064      1835008
        1792         8192         114.951     29360128      3670016
        1792        16384         229.082     58720256      7340032
        1792        32768         457.296    117440512     14680064
        1920            1           0.775         3840          480
        1920            2           0.797         7680          960
        1920            4           0.814        15360         1920
        1920            8           0.877        30720         3840
        1920           16           0.995        61440         7680
        1920           32           1.222       122880        15360
        1920           64           1.689       245760        30720
        1920          128           2.637       491520        61440
        1920          256           4.540       983040       122880
        1920          512           8.327      1966080       245760
        1920         1024          16.012      3932160       491520
        1920         2048          31.167      7864320       983040
        1920         4096          61.514     15728640      1966080
        1920         8192         122.100     31457280      3932160
        1920        16384         243.335     62914560      7864320
        2112            1           0.774         4224          528
        2112            2           0.934         8448         1056
        2112            4           0.854        16896         2112
        2112            8           0.882        33792         4224
        2112           16           1.020        67584         8448
        2112           32           1.282       135168        16896
        2112           64           1.796       270336        33792
        2112          128           2.915       540672        67584
        2112          256           5.032      1081344       135168
        2112          512           9.242      2162688       270336
        2112         1024          17.802      4325376       540672
        2112         2048          34.729      8650752      1081344
        2112         4096          68.616     17301504      2162688
        2112         8192         136.521     34603008      4325376
        2112        16384         271.878     69206016      8650752
        2304            1           0.895         4608          576
        2304            2           0.793         9216         1152
        2304            4           0.886        18432         2304
        2304            8           0.905        36864         4608
        2304           16           1.145        73728         9216
        2304           32           1.476       147456        18432
        2304           64           1.861       294912        36864
        2304          128           2.990       589824        73728
        2304          256           5.221      1179648       147456
        2304          512           9.698      2359296       294912
        2304         1024          18.684      4718592       589824
        2304         2048          36.640      9437184      1179648
        2304         4096          72.188     18874368      2359296
        2304         8192         143.594     37748736      4718592
        2304        16384         286.132     75497472      9437184
        2496            1           0.850         4992          624
        2496            2           0.778         9984         1248
        2496            4           0.864        19968         2496
        2496            8           0.993        39936         4992
        2496           16           1.061        79872         9984
        2496           32           1.393       159744        19968
        2496           64           1.961       319488        39936
        2496          128           3.258       638976        79872
        2496          256           5.667      1277952       159744
        2496          512          10.663      2555904       319488
        2496         1024          20.475      5111808       638976
        2496         2048          40.109     10223616      1277952
        2496         4096          79.319     20447232      2555904
        2496         8192         157.774     40894464      5111808
        2496        16384         314.667     81788928     10223616
        2688            1           0.761         5376          672
        2688            2           0.853        10752         1344
        2688            4           0.869        21504         2688
        2688            8           1.062        43008         5376
        2688           16           1.068        86016        10752
        2688           32           1.390       172032        21504
        2688           64           2.014       344064        43008
        2688          128           3.308       688128        86016
        2688          256           5.978      1376256       172032
        2688          512          11.029      2752512       344064
        2688         1024          21.377      5505024       688128
        2688         2048          41.859     11010048      1376256
        2688         4096          82.872     22020096      2752512
        2688         8192         170.446     44040192      5505024
        2688        16384         328.914     88080384     11010048
        2944            1           0.763         5888          736
        2944            2           0.793        11776         1472
        2944            4           0.844        23552         2944
        2944            8           0.912        47104         5888
        2944           16           1.102        94208        11776
        2944           32           1.435       188416        23552
        2944           64           2.143       376832        47104
        2944          128           3.531       753664        94208
        2944          256           6.326      1507328       188416
        2944          512          11.995      3014656       376832
        2944         1024          23.154      6029312       753664
        2944         2048          45.424     12058624      1507328
        2944         4096          90.004     24117248      3014656
        2944         8192         179.152     48234496      6029312
        2944        16384         357.449     96468992     12058624
        3200            1           0.771         6400          800
        3200            2           0.809        12800         1600
        3200            4           0.843        25600         3200
        3200            8           0.925        51200         6400
        3200           16           1.104       102400        12800
        3200           32           1.494       204800        25600
        3200           64           2.245       409600        51200
        3200          128           3.743       819200       102400
        3200          256           6.770      1638400       204800
        3200          512          12.881      3276800       409600
        3200         1024          24.932      6553600       819200
        3200         2048          48.992     13107200      1638400
        3200         4096          97.127     26214400      3276800
        3200         8192         193.419     52428800      6553600
        3200        16384         385.971    104857600     13107200
        3520            1           0.875         7040          880
        3520            2           0.834        14080         1760
        3520            4           1.036        28160         3520
        3520            8           0.953        56320         7040
        3520           16           1.178       112640        14080
        3520           32           1.579       225280        28160
        3520           64           2.543       450560        56320
        3520          128           4.106       901120       112640
        3520          256           7.527      1802240       225280
        3520          512          14.237      3604480       450560
        3520         1024          27.828      7208960       901120
        3520         2048          54.434     14417920      1802240
        3520         4096         107.849     28835840      3604480
        3520         8192         214.823     57671680      7208960
        3520        16384         428.780    115343360     14417920
        3840            1           0.764         7680          960
        3840            2           0.946        15360         1920
        3840            4           0.936        30720         3840
        3840            8           1.040        61440         7680
        3840           16           1.195       122880        15360
        3840           32           1.647       245760        30720
        3840           64           2.521       491520        61440
        3840          128           4.457       983040       122880
        3840          256           7.884      1966080       245760
        3840          512          15.125      3932160       491520
        3840         1024          29.467      7864320       983040
        3840         2048          57.909     15728640      1966080
        3840         4096         114.976     31457280      3932160
        3840         8192         229.070     62914560      7864320
        4224            1           0.772         8448         1056
        4224            2           0.814        16896         2112
        4224            4           0.904        33792         4224
        4224            8           1.070        67584         8448
        4224           16           1.417       135168        16896
        4224           32           1.990       270336        33792
        4224           64           3.178       540672        67584
        4224          128           5.621      1081344       135168
        4224          256          10.561      2162688       270336
        4224          512          20.324      4325376       540672
        4224         1024          39.633      8650752      1081344
        4224         2048          78.535     17301504      2162688
        4224         4096         155.896     34603008      4325376
        4224         8192         310.967     69206016      8650752
        4608            1           0.773         9216         1152
        4608            2           0.808        18432         2304
        4608            4           0.961        36864         4608
        4608            8           1.173        73728         9216
        4608           16           1.283       147456        18432
        4608           32           1.821       294912        36864
        4608           64           2.867       589824        73728
        4608          128           5.003      1179648       147456
        4608          256          20.639      2359296       294912
        4608          512          17.779      4718592       589824
        4608         1024          34.733      9437184      1179648
        4608         2048          68.629     18874368      2359296
        4608         4096         136.514     37748736      4718592
        4608         8192         271.972     75497472      9437184
        5056            1           0.806        10112         1264
        5056            2           0.914        20224         2528
        5056            4           0.919        40448         5056
        5056            8           1.298        80896        10112
        5056           16           1.526       161792        20224
        5056           32           2.066       323584        40448
        5056           64           3.095       647168        80896
        5056          128           5.437      1294336       161792
        5056          256          10.118      2588672       323584
        5056          512          19.593      5177344       647168
        5056         1024          38.319     10354688      1294336
        5056         2048          75.950     20709376      2588672
        5056         4096         150.714     41418752      5177344
        5056         8192         300.404     82837504     10354688
        5504            1           0.790        11008         1376
        5504            2           0.866        22016         2752
        5504            4           0.952        44032         5504
        5504            8           1.216        88064        11008
        5504           16           1.658       176128        22016
        5504           32           2.259       352256        44032
        5504           64           3.198       704512        88064
        5504          128           5.864      1409024       176128
        5504          256          12.656      2818048       352256
        5504          512          23.725      5636096       704512
        5504         1024          47.481     11272192      1409024
        5504         2048          95.175     22544384      2818048
        5504         4096         190.010     45088768      5636096
        5504         8192         380.329     90177536     11272192
        6016            1           0.807        12032         1504
        6016            2           0.924        24064         3008
        6016            4           1.012        48128         6016
        6016            8           1.163        96256        12032
        6016           16           1.572       192512        24064
        6016           32           2.373       385024        48128
        6016           64           3.971       770048        96256
        6016          128           7.138      1540096       192512
        6016          256          13.597      3080192       385024
        6016          512          26.290      6160384       770048
        6016         1024          51.657     12320768      1540096
        6016         2048         102.680     24641536      3080192
        6016         4096         203.905     49283072      6160384
        6016         8192         407.420     98566144     12320768
        6592            1           0.812        13184         1648
        6592            2           0.854        26368         3296
        6592            4           1.006        52736         6592
        6592            8           1.200       105472        13184
        6592           16           1.625       210944        26368
        6592           32           2.470       421888        52736
        6592           64           4.320       843776       105472
        6592          128           7.529      1687552       210944
        6592          256          14.272      3375104       421888
        6592          512          27.912      6750208       843776
        6592         1024          54.912     13500416      1687552
        6592         2048         108.776     27000832      3375104
        6592         4096         216.974     54001664      6750208
        6592         8192         432.049    108003328     13500416
        7232            1           0.887        14464         1808
        7232            2           0.841        28928         3616
        7232            4           0.958        57856         7232
        7232            8           1.237       115712        14464
        7232           16           1.679       231424        28928
        7232           32           2.639       462848        57856
        7232           64           4.457       925696       115712
        7232          128           8.098      1851392       231424
        7232          256          15.295      3702784       462848
        7232          512          30.158      7405568       925696
        7232         1024          59.067     14811136      1851392
        7232         2048         116.804     29622272      3702784
        7232         4096         238.634     59244544      7405568
        7232         8192         465.814    118489088     14811136
        7936            1           0.801        15872         1984
        7936            2           0.867        31744         3968
        7936            4           0.988        63488         7936
        7936            8           1.239       126976        15872
        7936           16           1.752       253952        31744
        7936           32           2.732       507904        63488
        7936           64           4.720      1015808       126976
        7936          128           8.607      2031616       253952
        7936          256          16.421      4063232       507904
        7936          512          32.181      8126464      1015808
        7936         1024          63.435     16252928      2031616
        7936         2048         125.973     32505856      4063232
        7936         4096         251.014     65011712      8126464
        8704            1           0.805        17408         2176
        8704            2           0.864        34816         4352
        8704            4           1.005        69632         8704
        8704            8           1.290       139264        17408
        8704           16           1.824       278528        34816
        8704           32           2.891       557056        69632
        8704           64           4.747      1114112       139264
        8704          128           9.228      2228224       278528
        8704          256          17.772      4456448       557056
        8704          512          34.660      8912896      1114112
        8704         1024          68.432     17825792      2228224
        8704         2048         135.945     35651584      4456448
        8704         4096         271.021     71303168      8912896
        9536            1           0.831        19072         2384
        9536            2           0.888        38144         4768
        9536            4           1.047        76288         9536
        9536            8           1.437       152576        19072
        9536           16           1.952       305152        38144
        9536           32           3.037       610304        76288
        9536           64           5.435      1220608       152576
        9536          128           9.833      2441216       305152
        9536          256          18.973      4882432       610304
        9536          512          37.045      9764864      1220608
        9536         1024          73.169     19529728      2441216
        9536         2048         145.480     39059456      4882432
        9536         4096         290.077     78118912      9764864
       10432            1           0.851        20864         2608
       10432            2           0.881        41728         5216
       10432            4           1.037        83456        10432
       10432            8           1.354       166912        20864
       10432           16           1.999       333824        41728
       10432           32           3.212       667648        83456
       10432           64           5.649      1335296       166912
       10432          128          10.501      2670592       333824
       10432          256          20.197      5341184       667648
       10432          512          39.696     10682368      1335296
       10432         1024          78.470     21364736      2670592
       10432         2048         156.034     42729472      5341184
       10432         4096         310.838     85458944     10682368
       11456            1           0.815        22912         2864
       11456            2           0.897        45824         5728
       11456            4           1.068        91648        11456
       11456            8           1.399       183296        22912
       11456           16           2.076       366592        45824
       11456           32           3.400       733184        91648
       11456           64           6.046      1466368       183296
       11456          128          11.278      2932736       366592
       11456          256          21.869      5865472       733184
       11456          512          42.813     11730944      1466368
       11456         1024          84.715     23461888      2932736
       11456         2048         168.513     46923776      5865472
       11456         4096         335.629     93847552     11730944
       12544            1           0.833        25088         3136
       12544            2           0.932        50176         6272
       12544            4           1.100       100352        12544
       12544            8           1.473       200704        25088
       12544           16           2.205       401408        50176
       12544           32           3.628       802816       100352
       12544           64           6.459      1605632       200704
       12544          128          12.151      3211264       401408
       12544          256          23.487      6422528       802816
       12544          512          46.282     12845056      1605632
       12544         1024          91.672     25690112      3211264
       12544         2048         189.353     51380224      6422528
       12544         4096         364.025    102760448     12845056
       13760            1           0.835        27520         3440
       13760            2           0.925        55040         6880
       13760            4           1.131       110080        13760
       13760            8           1.514       220160        27520
       13760           16           2.327       440320        55040
       13760           32           3.823       880640       110080
       13760           64           6.886      1761280       220160
       13760          128          13.014      3522560       440320
       13760          256          25.322      7045120       880640
       13760          512          49.874     14090240      1761280
       13760         1024          98.539     28180480      3522560
       13760         2048         196.147     56360960      7045120
       13760         4096         391.390    112721920     14090240
       15104            1           0.885        30208         3776
       15104            2           0.948        60416         7552
       15104            4           1.176       120832        15104
       15104            8           1.578       241664        30208
       15104           16           2.477       483328        60416
       15104           32           4.135       966656       120832
       15104           64           7.456      1933312       241664
       15104          128          14.105      3866624       483328
       15104          256          27.468      7733248       966656
       15104          512          54.153     15466496      1933312
       15104         1024         107.509     30932992      3866624
       15104         2048         213.857     61865984      7733248
       15104         4096         426.956    123731968     15466496
       16576            1           0.851        33152         4144
       16576            2           0.967        66304         8288
       16576            4           1.373       132608        16576
       16576            8           1.648       265216        33152
       16576           16           2.573       530432        66304
       16576           32           4.378      1060864       132608
       16576           64           7.988      2121728       265216
       16576          128          15.140      4243456       530432
       16576          256          29.556      8486912      1060864
       16576          512          58.195     16973824      2121728
       16576         1024         115.483     33947648      4243456
       16576         2048         230.229     67895296      8486912
       18176            1           0.850        36352         4544
       18176            2           0.961        72704         9088
       18176            4           1.214       145408        18176
       18176            8           1.832       290816        36352
       18176           16           2.821       581632        72704
       18176           32           4.782      1163264       145408
       18176           64           8.635      2326528       290816
       18176          128          16.577      4653056       581632
       18176          256          32.156      9306112      1163264
       18176          512          63.621     18612224      2326528
       18176         1024         126.342     37224448      4653056
       18176         2048         251.787     74448896      9306112
       19968            1           0.860        39936         4992
       19968            2           0.995        79872         9984
       19968            4           1.282       159744        19968
       19968            8           1.800       319488        39936
       19968           16           2.903       638976        79872
       19968           32           5.028      1277952       159744
       19968           64           9.282      2555904       319488
       19968          128          17.834      5111808       638976
       19968          256          34.880     10223616      1277952
       19968          512          68.809     20447232      2555904
       19968         1024         136.742     40894464      5111808
       19968         2048         272.606     81788928     10223616
       21952            1           0.885        43904         5488
       21952            2           1.008        87808        10976
       21952            4           1.316       175616        21952
       21952            8           1.938       351232        43904
       21952           16           3.134       702464        87808
       21952           32           5.399      1404928       175616
       21952           64          10.022      2809856       351232
       21952          128          19.356      5619712       702464
       21952          256          37.805     11239424      1404928
       21952          512          74.685     22478848      2809856
       21952         1024         154.983     44957696      5619712
       21952         2048         295.799     89915392     11239424
       24128            1           1.019        48256         6032
       24128            2           1.043        96512        12064
       24128            4           1.365       193024        24128
       24128            8           2.008       386048        48256
       24128           16           3.293       772096        96512
       24128           32           5.827      1544192       193024
       24128           64          10.863      3088384       386048
       24128          128          20.945      6176768       772096
       24128          256          41.137     12353536      1544192
       24128          512          81.372     24707072      3088384
       24128         1024         161.833     49414144      6176768
       24128         2048         322.316     98828288     12353536
       26496            1           0.997        52992         6624
       26496            2           1.098       105984        13248
       26496            4           1.452       211968        26496
       26496            8           2.141       423936        52992
       26496           16           3.527       847872       105984
       26496           32           6.274      1695744       211968
       26496           64          11.800      3391488       423936
       26496          128          22.781      6782976       847872
       26496          256          44.749     13565952      1695744
       26496          512          88.819     27131904      3391488
       26496         1024         176.715     54263808      6782976
       26496         2048         352.518    108527616     13565952
       29120            1           0.924        58240         7280
       29120            2           1.097       116480        14560
       29120            4           1.486       232960        29120
       29120            8           2.255       465920        58240
       29120           16           3.780       931840       116480
       29120           32           6.767      1863680       232960
       29120           64          12.715      3727360       465920
       29120          128          24.763      7454720       931840
       29120          256          48.865     14909440      1863680
       29120          512          96.738     29818880      3727360
       29120         1024         192.609     59637760      7454720
       29120         2048         384.238    119275520     14909440
       32000            1           0.954        64000         8000
       32000            2           1.148       128000        16000
       32000            4           1.558       256000        32000
       32000            8           2.382       512000        64000
       32000           16           4.097      1024000       128000
       32000           32           7.354      2048000       256000
       32000           64          13.906      4096000       512000
       32000          128          27.102      8192000      1024000
       32000          256          53.148     16384000      2048000
       32000          512         105.609     32768000      4096000
       32000         1024         210.255     65536000      8192000
       35200            1           1.071        70400         8800
       35200            2           1.183       140800        17600
       35200            4           1.639       281600        35200
       35200            8           2.547       563200        70400
       35200           16           4.550      1126400       140800
       35200           32           7.939      2252800       281600
       35200           64          15.100      4505600       563200
       35200          128          29.414      9011200      1126400
       35200          256          58.137     18022400      2252800
       35200          512         115.376     36044800      4505600
       35200         1024         229.771     72089600      9011200
       38720            1           1.001        77440         9680
       38720            2           1.219       154880        19360
       38720            4           1.729       309760        38720
       38720            8           2.718       619520        77440
       38720           16           4.688      1239040       154880
       38720           32           8.608      2478080       309760
       38720           64          16.454      4956160       619520
       38720          128          32.093      9912320      1239040
       38720          256          63.432     19824640      2478080
       38720          512         126.061     39649280      4956160
       38720         1024         256.728     79298560      9912320
       42560            1           0.992        85120        10640
       42560            2           1.262       170240        21280
       42560            4           1.804       340480        42560
       42560            8           2.885       680960        85120
       42560           16           5.047      1361920       170240
       42560           32           9.334      2723840       340480
       42560           64          17.884      5447680       680960
       42560          128          35.044     10895360      1361920
       42560          256          69.134     21790720      2723840
       42560          512         137.756     43581440      5447680
       42560         1024         274.213     87162880     10895360
       46784            1           1.019        93568        11696
       46784            2           1.314       187136        23392
       46784            4           1.915       374272        46784
       46784            8           3.082       748544        93568
       46784           16           5.463      1497088       187136
       46784           32          10.153      2994176       374272
       46784           64          19.484      5988352       748544
       46784          128          38.341     11976704      1497088
       46784          256          75.891     23953408      2994176
       46784          512         150.367     47906816      5988352
       46784         1024         301.332     95813632     11976704
       51456            1           1.114       102912        12864
       51456            2           1.384       205824        25728
       51456            4           2.022       411648        51456
       51456            8           3.321       823296       102912
       51456           16           5.912      1646592       205824
       51456           32          11.051      3293184       411648
       51456           64          21.326      6586368       823296
       51456          128          41.858     13172736      1646592
       51456          256          82.922     26345472      3293184
       51456          512         165.149     52690944      6586368
       51456         1024         329.390    105381888     13172736
       56576            1           1.183       113152        14144
       56576            2           1.422       226304        28288
       56576            4           2.129       452608        56576
       56576            8           3.604       905216       113152
       56576           16           6.390      1810432       226304
       56576           32          12.058      3620864       452608
       56576           64          23.391      7241728       905216
       56576          128          45.876     14483456      1810432
       56576          256          90.718     28966912      3620864
       56576          512         180.795     57933824      7241728
       56576         1024         360.582    115867648     14483456
       62208            1           1.117       124416        15552
       62208            2           1.496       248832        31104
       62208            4           2.268       497664        62208
       62208            8           3.834       995328       124416
       62208           16           6.968      1990656       248832
       62208           32          13.142      3981312       497664
       62208           64          25.465      7962624       995328
       62208          128          50.124     15925248      1990656
       62208          256          99.524     31850496      3981312
       62208          512         198.107     63700992      7962624
       68416            1           1.253       136832        17104
       68416            2           1.581       273664        34208
       68416            4           2.438       547328        68416
       68416            8           4.126      1094656       136832
       68416           16           7.517      2189312       273664
       68416           32          14.265      4378624       547328
       68416           64          27.763      8757248      1094656
       68416          128          54.780     17514496      2189312
       68416          256         108.769     35028992      4378624
       68416          512         216.874     70057984      8757248
       75200            1           1.343       150400        18800
       75200            2           1.648       300800        37600
       75200            4           2.583       601600        75200
       75200            8           4.436      1203200       150400
       75200           16           8.164      2406400       300800
       75200           32          15.555      4812800       601600
       75200           64          30.375      9625600      1203200
       75200          128          59.947     19251200      2406400
       75200          256         119.309     38502400      4812800
       75200          512         241.015     77004800      9625600
       82688            1           1.284       165376        20672
       82688            2           1.752       330752        41344
       82688            4           2.780       661504        82688
       82688            8           4.807      1323008       165376
       82688           16           8.893      2646016       330752
       82688           32          17.011      5292032       661504
       82688           64          33.411     10584064      1323008
       82688          128          65.719     21168128      2646016
       82688          256         130.564     42336256      5292032
       82688          512         260.426     84672512     10584064
       90944            1           1.325       181888        22736
       90944            2           1.845       363776        45472
       90944            4           3.010       727552        90944
       90944            8           5.202      1455104       181888
       90944           16           9.777      2910208       363776
       90944           32          18.555      5820416       727552
       90944           64          36.355     11640832      1455104
       90944          128          71.902     23281664      2910208
       90944          256         142.913     46563328      5820416
       90944          512         285.516     93126656     11640832
      100032            1           1.429       200064        25008
      100032            2           1.959       400128        50016
      100032            4           3.185       800256       100032
      100032            8           5.631      1600512       200064
      100032           16          10.659      3201024       400128
      100032           32          20.302      6402048       800256
      100032           64          39.881     12804096      1600512
      100032          128          79.060     25608192      3201024
      100032          256         157.231     51216384      6402048
      100032          512         312.846    102432768     12804096
      110016            1           1.591       220032        27504
      110016            2           2.068       440064        55008
      110016            4           3.489       880128       110016
      110016            8           6.101      1760256       220032
      110016           16          11.614      3520512       440064
      110016           32          22.214      7041024       880128
      110016           64          43.630     14082048      1760256
      110016          128          86.418     28164096      3520512
      110016          256         172.121     56328192      7041024
      110016          512         343.695    112656384     14082048
      120960            1           1.269       241920        30240
      120960            2           2.165       483840        60480
      120960            4           3.691       967680       120960
      120960            8           6.643      1935360       241920
      120960           16          12.530      3870720       483840
      120960           32          24.295      7741440       967680
      120960           64          47.802     15482880      1935360
      120960          128          94.789     30965760      3870720
      120960          256         188.838     61931520      7741440
      120960          512         376.878    123863040     15482880
      133056            1           1.668       266112        33264
      133056            2           2.368       532224        66528
      133056            4           3.981      1064448       133056
      133056            8           7.225      2128896       266112
      133056           16          13.687      4257792       532224
      133056           32          26.754      8515584      1064448
      133056           64          52.452     17031168      2128896
      133056          128         104.053     34062336      4257792
      133056          256         207.572     68124672      8515584
      146304            1           1.810       292608        36576
      146304            2           2.525       585216        73152
      146304            4           4.293      1170432       146304
      146304            8           7.852      2340864       292608
      146304           16          14.994      4681728       585216
      146304           32          29.124      9363456      1170432
      146304           64          57.442     18726912      2340864
      146304          128         119.323     37453824      4681728
      146304          256         227.422     74907648      9363456
      160896            1           1.610       321792        40224
      160896            2           2.689       643584        80448
      160896            4           4.655      1287168       160896
      160896            8           8.541      2574336       321792
      160896           16          16.347      5148672       643584
      160896           32          31.901     10297344      1287168
      160896           64          63.030     20594688      2574336
      160896          128         125.228     41189376      5148672
      160896          256         249.637     82378752     10297344
      176960            1           2.418       353920        44240
      176960            2           2.909       707840        88480
      176960            4           5.069      1415680       176960
      176960            8           9.322      2831360       353920
      176960           16          17.886      5662720       707840
      176960           32          35.029     11325440      1415680
      176960           64          69.167     22650880      2831360
      176960          128         137.557     45301760      5662720
      176960          256         274.182     90603520     11325440
      194624            1           2.112       389248        48656
      194624            2           3.145       778496        97312
      194624            4           5.449      1556992       194624
      194624            8          10.308      3113984       389248
      194624           16          19.568      6227968       778496
      194624           32          38.334     12455936      1556992
      194624           64          76.032     24911872      3113984
      194624          128         151.009     49823744      6227968
      194624          256         301.199     99647488     12455936
      214080            1           2.396       428160        53520
      214080            2           3.401       856320       107040
      214080            4           5.988      1712640       214080
      214080            8          11.133      3425280       428160
      214080           16          21.505      6850560       856320
      214080           32          42.137     13701120      1712640
      214080           64          83.360     27402240      3425280
      214080          128         165.832     54804480      6850560
      214080          256         331.033    109608960     13701120
      235456            1           2.731       470912        58864
      235456            2           3.699       941824       117728
      235456            4           6.530      1883648       235456
      235456            8          12.211      3767296       470912
      235456           16          23.666      7534592       941824
      235456           32          46.251     15069184      1883648
      235456           64          91.689     30138368      3767296
      235456          128         182.282     60276736      7534592
      235456          256         363.790    120553472     15069184
      258944            1           2.604       517888        64736
      258944            2           4.083      1035776       129472
      258944            4           7.223      2071552       258944
      258944            8          13.542      4143104       517888
      258944           16          25.898      8286208      1035776
      258944           32          50.820     16572416      2071552
      258944           64         100.524     33144832      4143104
      258944          128         200.119     66289664      8286208
      284800            1           3.527       569600        71200
      284800            2           4.605      1139200       142400
      284800            4           8.373      2278400       284800
      284800            8          15.935      4556800       569600
      284800           16          31.196      9113600      1139200
      284800           32          62.308     18227200      2278400
      284800           64         134.699     36454400      4556800
      284800          128         250.442     72908800      9113600
      313280            1           4.045       626560        78320
      313280            2           5.101      1253120       156640
      313280            4           9.424      2506240       313280
      313280            8          18.044      5012480       626560
      313280           16          34.998     10024960      1253120
      313280           32          70.213     20049920      2506240
      313280           64         140.437     40099840      5012480
      313280          128         280.919     80199680     10024960
      344576            1           4.490       689152        86144
      344576            2           5.569      1378304       172288
      344576            4          10.270      2756608       344576
      344576            8          19.850      5513216       689152
      344576           16          38.581     11026432      1378304
      344576           32          77.109     22052864      2756608
      344576           64         154.363     44105728      5513216
      344576          128         309.179     88211456     11026432
      379008            1           4.933       758016        94752
      379008            2           6.044      1516032       189504
      379008            4          11.360      3032064       379008
      379008            8          21.700      6064128       758016
      379008           16          42.251     12128256      1516032
      379008           32          84.714     24256512      3032064
      379008           64         169.712     48513024      6064128
      379008          128         339.622     97026048     12128256
      416896            1           5.172       833792       104224
      416896            2           6.529      1667584       208448
      416896            4          12.306      3335168       416896
      416896            8          23.865      6670336       833792
      416896           16          46.492     13340672      1667584
      416896           32          93.269     26681344      3335168
      416896           64         186.567     53362688      6670336
      416896          128         373.378    106725376     13340672
      458560            1           5.889       917120       114640
      458560            2           7.127      1834240       229280
      458560            4          13.480      3668480       458560
      458560            8          26.126      7336960       917120
      458560           16          51.143     14673920      1834240
      458560           32         102.420     29347840      3668480
      458560           64         205.456     58695680      7336960
      458560          128         410.350    117391360     14673920
      504384            1           6.250      1008768       126096
      504384            2           7.758      2017536       252192
      504384            4          14.780      4035072       504384
      504384            8          28.758      8070144      1008768
      504384           16          60.544     16140288      2017536
      504384           32         112.243     32280576      4035072
      504384           64         224.637     64561152      8070144
      554816            1           6.896      1109632       138704
      554816            2           8.377      2219264       277408
      554816            4          16.082      4438528       554816
      554816            8          31.396      8877056      1109632
      554816           16          61.626     17754112      2219264
      554816           32         123.433     35508224      4438528
      554816           64         246.954     71016448      8877056
      610240            1           7.330      1220480       152560
      610240            2           9.149      2440960       305120
      610240            4          17.516      4881920       610240
      610240            8          34.283      9763840      1220480
      610240           16          67.657     19527680      2440960
      610240           32         135.510     39055360      4881920
      610240           64         271.477     78110720      9763840
      671232            1           8.717      1342464       167808
      671232            2          10.145      2684928       335616
      671232            4          19.411      5369856       671232
      671232            8          37.186     10739712      1342464
      671232           16          74.543     21479424      2684928
      671232           32         149.249     42958848      5369856
      671232           64         298.162     85917696     10739712
      738304            1           9.345      1476608       184576
      738304            2          10.925      2953216       369152
      738304            4          21.075      5906432       738304
      738304            8          41.105     11812864      1476608
      738304           16          81.938     23625728      2953216
      738304           32         164.212     47251456      5906432
      738304           64         328.711     94502912     11812864
      812096            1          10.806      1624192       203024
      812096            2          12.105      3248384       406048
      812096            4          22.951      6496768       812096
      812096            8          45.394     12993536      1624192
      812096           16          90.045     25987072      3248384
      812096           32         180.091     51974144      6496768
      812096           64         360.192    103948288     12993536
      893248            1          11.840      1786496       223312
      893248            2          13.141      3572992       446624
      893248            4          25.517      7145984       893248
      893248            8          50.234     14291968      1786496
      893248           16          99.606     28583936      3572992
      893248           32         198.197     57167872      7145984
      893248           64         399.187    114335744     14291968
      982528            1          13.009      1965056       245632
      982528            2          14.277      3930112       491264
      982528            4          27.752      7860224       982528
      982528            8          54.360     15720448      1965056
      982528           16         109.042     31440896      3930112
      982528           32         218.142     62881792      7860224
     1080768            1          14.552      2161536       270192
     1080768            2          15.667      4323072       540384
     1080768            4          30.490      8646144      1080768
     1080768            8          59.794     17292288      2161536
     1080768           16         119.861     34584576      4323072
     1080768           32         239.604     69169152      8646144
     1188800            1          15.858      2377600       297200
     1188800            2          17.172      4755200       594400
     1188800            4          33.477      9510400      1188800
     1188800            8          65.721     19020800      2377600
     1188800           16         131.485     38041600      4755200
     1188800           32         263.306     76083200      9510400
     1307648            1          16.578      2615296       326912
     1307648            2          18.773      5230592       653824
     1307648            4          36.778     10461184      1307648
     1307648            8          72.709     20922368      2615296
     1307648           16         144.752     41844736      5230592
     1307648           32         289.727     83689472     10461184
     1438400            1          18.140      2876800       359600
     1438400            2          20.694      5753600       719200
     1438400            4          40.372     11507200      1438400
     1438400            8          80.863     23014400      2876800
     1438400           16         161.457     46028800      5753600
     1438400           32         323.311     92057600     11507200
     1582208            1          19.808      3164416       395552
     1582208            2          22.485      6328832       791104
     1582208            4          45.128     12657664      1582208
     1582208            8          90.594     25315328      3164416
     1582208           16         180.759     50630656      6328832
     1582208           32         361.886    101261312     12657664
     1740416            1          22.390      3480832       435104
     1740416            2          25.722      6961664       870208
     1740416            4          50.060     13923328      1740416
     1740416            8         100.354     27846656      3480832
     1740416           16         206.043     55693312      6961664
     1740416           32         401.385    111386624     13923328
     1914432            1          24.038      3828864       478608
     1914432            2          29.866      7657728       957216
     1914432            4          57.851     15315456      1914432
     1914432            8         114.572     30630912      3828864
     1914432           16         227.609     61261824      7657728
     1914432           32         453.605    122523648     15315456
     2105856            1          27.895      4211712       526464
     2105856            2          34.473      8423424      1052928
     2105856            4          67.445     16846848      2105856
     2105856            8         133.999     33693696      4211712
     2105856           16         265.742     67387392      8423424
     2316416            1          30.957      4632832       579104
     2316416            2          38.515      9265664      1158208
     2316416            4          75.917     18531328      2316416
     2316416            8         150.797     37062656      4632832
     2316416           16         299.918     74125312      9265664
     2548032            1          34.990      5096064       637008
     2548032            2          42.821     10192128      1274016
     2548032            4          85.812     20384256      2548032
     2548032            8         171.645     40768512      5096064
     2548032           16         343.242     81537024     10192128
     2802816            1          39.351      5605632       700704
     2802816            2          48.950     11211264      1401408
     2802816            4          98.631     22422528      2802816
     2802816            8         197.184     44845056      5605632
     2802816           16         399.209     89690112     11211264
     3083072            1          43.117      6166144       770768
     3083072            2          53.975     12332288      1541536
     3083072            4         108.533     24664576      3083072
     3083072            8         217.117     49329152      6166144
     3083072           16         434.821     98658304     12332288
     3391360            1          48.940      6782720       847840
     3391360            2          59.895     13565440      1695680
     3391360            4         119.950     27130880      3391360
     3391360            8         239.537     54261760      6782720
     3391360           16         478.824    108523520     13565440
     3730496            1          55.182      7460992       932624
     3730496            2          66.892     14921984      1865248
     3730496            4         132.936     29843968      3730496
     3730496            8         263.970     59687936      7460992
     3730496           16         527.329    119375872     14921984
     4103488            1          59.775      8206976      1025872
     4103488            2          73.646     16413952      2051744
     4103488            4         145.243     32827904      4103488
     4103488            8         289.929     65655808      8206976
     4513792            1          66.887      9027584      1128448
     4513792            2          80.654     18055168      2256896
     4513792            4         160.590     36110336      4513792
     4513792            8         333.314     72220672      9027584
     4965120            1          78.644      9930240      1241280
     4965120            2          88.874     19860480      2482560
     4965120            4         190.178     39720960      4965120
     4965120            8         360.575     79441920      9930240
     5461632            1          81.462     10923264      1365408
     5461632            2          97.477     21846528      2730816
     5461632            4         194.029     43693056      5461632
     5461632            8         386.338     87386112     10923264
     6007744            1          90.226     12015488      1501936
     6007744            2         107.362     24030976      3003872
     6007744            4         212.833     48061952      6007744
     6007744            8         425.377     96123904     12015488
     6608512            1          96.384     13217024      1652128
     6608512            2         117.670     26434048      3304256
     6608512            4         233.847     52868096      6608512
     6608512            8         467.457    105736192     13217024
     7269312            1         105.967     14538624      1817328
     7269312            2         129.708     29077248      3634656
     7269312            4         257.058     58154496      7269312
     7269312            8         520.892    116308992     14538624
     7996224            1         117.873     15992448      1999056
     7996224            2         141.935     31984896      3998112
     7996224            4         283.020     63969792      7996224
     8795840            1         129.910     17591680      2198960
     8795840            2         156.509     35183360      4397920
     8795840            4         311.401     70366720      8795840
     9675392            1         143.459     19350784      2418848
     9675392            2         171.682     38701568      4837696
     9675392            4         342.168     77403136      9675392
    10642880            1         155.558     21285760      2660720
    10642880            2         188.258     42571520      5321440
    10642880            4         376.233     85143040     10642880
    11707136            1         171.761     23414272      2926784
    11707136            2         207.120     46828544      5853568
    11707136            4         414.493     93657088     11707136
    12877824            1         195.743     25755648      3219456
    12877824            2         230.127     51511296      6438912
    12877824            4         456.657    103022592     12877824
    14165568            1         208.846     28331136      3541392
    14165568            2         257.924     56662272      7082784
    14165568            4         512.864    113324544     14165568
    15582080            1         232.307     31164160      3895520
    15582080            2         296.006     62328320      7791040
    15582080            4         587.488    124656640     15582080
    17140288            1         257.465     34280576      4285072
    17140288            2         361.547     68561152      8570144
    18854272            1         301.405     37708544      4713568
    18854272            2         573.975     75417088      9427136
    20739648            1         419.360     41479296      5184912
    20739648            2         969.380     82958592     10369824
    22813568            1         638.834     45627136      5703392
    22813568            2        1672.464     91254272     11406784
    25094912            1        1037.193     50189824      6273728
    25094912            2        2506.563    100379648     12547456
    27604352            1        1490.497     55208704      6901088
    27604352            2        3430.469    110417408     13802176
    30364736            1        1930.776     60729472      7591184
    30364736            2        4284.552    121458944     15182368
    33401152            1        2362.305     66802304      8350288
    36741248            1        2772.375     73482496      9185312
    40415360            1        3145.597     80830720     10103840
    44456896            1        3497.296     88913792     11114224
    48902528            1        3871.913     97805056     12225632
    53792768            1        4274.303    107585536     13448192
    59172032            1        4720.450    118344064     14793008

META_DATA
MPI_PROCS      1
OPENMP_THREADS 8
FLOPS          2
ERT_VERSION  1.0.0
TIMESTAMP_DATA  1594852873.27
HOSTNAME  ('apollo-PowerEdge-R430', [], ['127.0.1.1'])
UNAME  ('Linux', 'apollo-PowerEdge-R430', '4.19.129-0419129-generic', '#202006220433 SMP Mon Jun 22 09:12:54 UTC 2020', 'x86_64', 'x86_64')
CONFIG  {'ERT_WORKING_SET_MIN': ['1'], 'ERT_CFLAGS': ['-O3'], 'ERT_CC': ['gcc'], 'ERT_MPI_CFLAGS': [], 'ERT_MPI_LDFLAGS': [], 'ERT_MEMORY_MAX': ['62497788'], 'ERT_PROCS_THREADS': ['8'], 'ERT_LDFLAGS': [], 'ERT_LDLIBS': [], 'ERT_SPEC_GBYTES_DRAM': ['1.0'], 'ERT_RUN': ['export', 'KMP_AFFINITY=scatter;', 'export', 'OMP_NUM_THREADS=ERT_OPENMP_THREADS;', 'ERT_CODE'], 'ERT_FLOPS': ['1,2,4,8,16'], 'ERT_OPENMP_CFLAGS': ['-fopenmp'], 'ERT_SPEC_GFLOPS': ['1.0'], 'ERT_MPI': ['False'], 'ERT_TRIALS_MIN': ['1'], 'ERT_DRIVER': ['driver1'], 'ERT_RESULTS': ['Results.x86'], 'ERT_OPENMP': ['True'], 'ERT_MPI_PROCS': ['1'], 'ERT_KERNEL': ['kernel1'], 'ERT_OPENMP_THREADS': ['1-32'], 'ERT_LD': ['gcc'], 'ERT_NUM_EXPERIMENTS': ['6'], 'ERT_OPENMP_LDFLAGS': ['-fopenmp'], 'ERT_ALIGN': ['32'], 'ERT_GNUPLOT': ['gnuplot']}
