          64            1           1.673          128           16
          64            2           0.785          256           32
          64            4           0.790          512           64
          64            8           0.794         1024          128
          64           16           0.768         2048          256
          64           32           0.826         4096          512
          64           64           1.003         8192         1024
          64          128           1.342        16384         2048
          64          256           2.012        32768         4096
          64          512           3.349        65536         8192
          64         1024           6.033       131072        16384
          64         2048          11.365       262144        32768
          64         4096          22.065       524288        65536
          64         8192          43.456      1048576       131072
          64        16384          86.277      2097152       262144
          64        32768         171.833      4194304       524288
          64        65536         342.993      8388608      1048576
          64       131072         696.640     16777216      2097152
          64       262144        1383.330     33554432      4194304
          64       524288        2739.271     67108864      8388608
         128            1           0.758          256           32
         128            2           0.765          512           64
         128            4           0.801         1024          128
         128            8           0.760         2048          256
         128           16           0.773         4096          512
         128           32           0.862         8192         1024
         128           64           1.020        16384         2048
         128          128           1.366        32768         4096
         128          256           2.026        65536         8192
         128          512           3.361       131072        16384
         128         1024           6.027       262144        32768
         128         2048          11.376       524288        65536
         128         4096          22.086      1048576       131072
         128         8192          43.477      2097152       262144
         128        16384          86.273      4194304       524288
         128        32768         188.281      8388608      1048576
         128        65536         343.122     16777216      2097152
         128       131072         685.337     33554432      4194304
         128       262144        1369.984     67108864      8388608
         192            1           0.758          384           48
         192            2           0.800          768           96
         192            4           0.777         1536          192
         192            8           0.780         3072          384
         192           16           0.787         6144          768
         192           32           0.868        12288         1536
         192           64           1.043        24576         3072
         192          128           1.366        49152         6144
         192          256           2.028        98304        12288
         192          512           3.381       196608        24576
         192         1024           6.046       393216        49152
         192         2048          11.399       786432        98304
         192         4096          22.103      1572864       196608
         192         8192          43.492      3145728       393216
         192        16384          86.313      6291456       786432
         192        32768         171.867     12582912      1572864
         192        65536         343.037     25165824      3145728
         192       131072         685.349     50331648      6291456
         192       262144        1376.988    100663296     12582912
         256            1           0.755          512           64
         256            2           0.760         1024          128
         256            4           0.760         2048          256
         256            8           0.779         4096          512
         256           16           0.794         8192         1024
         256           32           0.869        16384         2048
         256           64           1.029        32768         4096
         256          128           1.360        65536         8192
         256          256           2.034       131072        16384
         256          512           3.376       262144        32768
         256         1024           6.043       524288        65536
         256         2048          11.389      1048576       131072
         256         4096          22.124      2097152       262144
         256         8192          43.482      4194304       524288
         256        16384          86.431      8388608      1048576
         256        32768         171.858     16777216      2097152
         256        65536         343.022     33554432      4194304
         256       131072         685.518     67108864      8388608
         320            1           0.743          640           80
         320            2           0.766         1280          160
         320            4           0.763         2560          320
         320            8           0.778         5120          640
         320           16           0.919        10240         1280
         320           32           0.903        20480         2560
         320           64           1.063        40960         5120
         320          128           1.373        81920        10240
         320          256           2.045       163840        20480
         320          512           3.382       327680        40960
         320         1024           6.164       655360        81920
         320         2048          11.555      1310720       163840
         320         4096          22.146      2621440       327680
         320         8192          43.694      5242880       655360
         320        16384          86.282     10485760      1310720
         320        32768         171.992     20971520      2621440
         320        65536         343.030     41943040      5242880
         320       131072         693.209     83886080     10485760
         384            1           0.746          768           96
         384            2           0.758         1536          192
         384            4           0.761         3072          384
         384            8           0.782         6144          768
         384           16           0.926        12288         1536
         384           32           0.903        24576         3072
         384           64           1.043        49152         6144
         384          128           1.381        98304        12288
         384          256           2.044       196608        24576
         384          512           3.385       393216        49152
         384         1024           6.054       786432        98304
         384         2048          11.403      1572864       196608
         384         4096          22.115      3145728       393216
         384         8192          43.513      6291456       786432
         384        16384          86.298     12582912      1572864
         384        32768         171.886     25165824      3145728
         384        65536         343.031     50331648      6291456
         384       131072         685.354    100663296     12582912
         448            1           0.760          896          112
         448            2           0.769         1792          224
         448            4           0.817         3584          448
         448            8           0.782         7168          896
         448           16           0.821        14336         1792
         448           32           0.922        28672         3584
         448           64           1.098        57344         7168
         448          128           1.425       114688        14336
         448          256           2.094       229376        28672
         448          512           3.447       458752        57344
         448         1024           6.074       917504       114688
         448         2048          11.586      1835008       229376
         448         4096          22.167      3670016       458752
         448         8192          43.737      7340032       917504
         448        16384          86.396     14680064      1835008
         448        32768         172.052     29360128      3670016
         448        65536         343.135     58720256      7340032
         448       131072         685.418    117440512     14680064
         512            1           0.736         1024          128
         512            2           0.759         2048          256
         512            4           0.780         4096          512
         512            8           0.801         8192         1024
         512           16           0.827        16384         2048
         512           32           0.931        32768         4096
         512           64           1.065        65536         8192
         512          128           1.403       131072        16384
         512          256           2.073       262144        32768
         512          512           3.412       524288        65536
         512         1024           6.090      1048576       131072
         512         2048          11.436      2097152       262144
         512         4096          22.149      4194304       524288
         512         8192          43.533      8388608      1048576
         512        16384          86.330     16777216      2097152
         512        32768         171.903     33554432      4194304
         512        65536         343.091     67108864      8388608
         576            1           0.870         1152          144
         576            2           0.798         2304          288
         576            4           0.771         4608          576
         576            8           0.845         9216         1152
         576           16           0.854        18432         2304
         576           32           1.099        36864         4608
         576           64           1.187        73728         9216
         576          128           1.726       147456        18432
         576          256           2.233       294912        36864
         576          512           3.868       589824        73728
         576         1024           6.576      1179648       147456
         576         2048          12.373      2359296       294912
         576         4096          23.961      4718592       589824
         576         8192          47.143      9437184      1179648
         576        16384          93.502     18874368      2359296
         576        32768         192.042     37748736      4718592
         576        65536         371.632     75497472      9437184
         640            1           0.745         1280          160
         640            2           0.756         2560          320
         640            4           0.764         5120          640
         640            8           0.792        10240         1280
         640           16           0.848        20480         2560
         640           32           0.958        40960         5120
         640           64           1.143        81920        10240
         640          128           1.539       163840        20480
         640          256           2.300       327680        40960
         640          512           3.879       655360        81920
         640         1024           7.004      1310720       163840
         640         2048          13.348      2621440       327680
         640         4096          25.830      5242880       655360
         640         8192          50.785     10485760      1310720
         640        16384         100.714     20971520      2621440
         640        32768         200.596     41943040      5242880
         640        65536         400.292     83886080     10485760
         704            1           0.740         1408          176
         704            2           0.749         2816          352
         704            4           0.775         5632          704
         704            8           0.951        11264         1408
         704           16           0.866        22528         2816
         704           32           1.067        45056         5632
         704           64           1.327        90112        11264
         704          128           1.648       180224        22528
         704          256           2.688       360448        45056
         704          512           4.340       720896        90112
         704         1024           7.922      1441792       180224
         704         2048          15.278      2883584       360448
         704         4096          29.472      5767168       720896
         704         8192          57.956     11534336      1441792
         704        16384         115.129     23068672      2883584
         704        32768         229.192     46137344      5767168
         704        65536         457.297     92274688     11534336
         768            1           0.728         1536          192
         768            2           0.735         3072          384
         768            4           0.762         6144          768
         768            8           0.798        12288         1536
         768           16           0.965        24576         3072
         768           32           0.965        49152         6144
         768           64           1.195        98304        12288
         768          128           1.663       196608        24576
         768          256           2.518       393216        49152
         768          512           4.320       786432        98304
         768         1024           7.892      1572864       196608
         768         2048          15.204      3145728       393216
         768         4096          29.374      6291456       786432
         768         8192          57.932     12582912      1572864
         768        16384         114.963     25165824      3145728
         768        32768         229.108     50331648      6291456
         768        65536         457.314    100663296     12582912
         832            1           0.740         1664          208
         832            2           0.754         3328          416
         832            4           0.789         6656          832
         832            8           0.799        13312         1664
         832           16           0.877        26624         3328
         832           32           0.974        53248         6656
         832           64           1.334       106496        13312
         832          128           1.765       212992        26624
         832          256           2.746       425984        53248
         832          512           4.765       851968       106496
         832         1024           8.948      1703936       212992
         832         2048          16.914      3407872       425984
         832         4096          32.957      6815744       851968
         832         8192          65.080     13631488      1703936
         832        16384         129.238     27262976      3407872
         832        32768         257.617     54525952      6815744
         832        65536         519.712    109051904     13631488
         896            1           0.738         1792          224
         896            2           0.766         3584          448
         896            4           0.771         7168          896
         896            8           0.816        14336         1792
         896           16           0.858        28672         3584
         896           32           0.998        57344         7168
         896           64           1.256       114688        14336
         896          128           1.785       229376        28672
         896          256           2.895       458752        57344
         896          512           4.873       917504       114688
         896         1024           8.813      1835008       229376
         896         2048          16.915      3670016       458752
         896         4096          32.962      7340032       917504
         896         8192          65.086     14680064      1835008
         896        16384         129.235     29360128      3670016
         896        32768         257.614     58720256      7340032
         896        65536         514.400    117440512     14680064
         960            1           0.737         1920          240
         960            2           0.756         3840          480
         960            4           0.798         7680          960
         960            8           0.805        15360         1920
         960           16           0.919        30720         3840
         960           32           1.032        61440         7680
         960           64           1.490       122880        15360
         960          128           2.012       245760        30720
         960          256           3.104       491520        61440
         960          512           5.186       983040       122880
         960         1024           9.790      1966080       245760
         960         2048          18.702      3932160       491520
         960         4096          36.535      7864320       983040
         960         8192          72.205     15728640      1966080
         960        16384         143.549     31457280      3932160
         960        32768         286.179     62914560      7864320
        1024            1           0.885         2048          256
        1024            2           0.802         4096          512
        1024            4           0.784         8192         1024
        1024            8           0.924        16384         2048
        1024           16           1.049        32768         4096
        1024           32           1.031        65536         8192
        1024           64           1.358       131072        16384
        1024          128           1.835       262144        32768
        1024          256           2.978       524288        65536
        1024          512           5.432      1048576       131072
        1024         1024           9.681      2097152       262144
        1024         2048          18.706      4194304       524288
        1024         4096          36.552      8388608      1048576
        1024         8192          72.261     16777216      2097152
        1024        16384         143.496     33554432      4194304
        1024        32768         286.130     67108864      8388608
        1088            1           0.740         2176          272
        1088            2           0.756         4352          544
        1088            4           0.932         8704         1088
        1088            8           0.807        17408         2176
        1088           16           0.919        34816         4352
        1088           32           1.117        69632         8704
        1088           64           1.393       139264        17408
        1088          128           2.130       278528        34816
        1088          256           3.198       557056        69632
        1088          512           5.662      1114112       139264
        1088         1024          10.759      2228224       278528
        1088         2048          20.502      4456448       557056
        1088         4096          40.254      8912896      1114112
        1088         8192          79.339     17825792      2228224
        1088        16384         157.747     35651584      4456448
        1088        32768         314.665     71303168      8912896
        1152            1           0.735         2304          288
        1152            2           0.762         4608          576
        1152            4           0.801         9216         1152
        1152            8           0.816        18432         2304
        1152           16           0.894        36864         4608
        1152           32           1.058        73728         9216
        1152           64           1.346       147456        18432
        1152          128           1.966       294912        36864
        1152          256           3.200       589824        73728
        1152          512           5.691      1179648       147456
        1152         1024          10.548      2359296       294912
        1152         2048          20.506      4718592       589824
        1152         4096          40.085      9437184      1179648
        1152         8192          79.339     18874368      2359296
        1152        16384         157.798     37748736      4718592
        1152        32768         314.672     75497472      9437184
        1216            1           3.360         2432          304
        1216            2           1.158         4864          608
        1216            4           0.801         9728         1216
        1216            8           0.834        19456         2432
        1216           16           0.909        38912         4864
        1216           32           1.080        77824         9728
        1216           64           1.411       155648        19456
        1216          128           2.083       311296        38912
        1216          256           3.429       622592        77824
        1216          512           6.105      1245184       155648
        1216         1024          11.549      2490368       311296
        1216         2048          22.245      4980736       622592
        1216         4096          43.652      9961472      1245184
        1216         8192          86.479     19922944      2490368
        1216        16384         172.029     39845888      4980736
        1216        32768         343.229     79691776      9961472
        1280            1           0.741         2560          320
        1280            2           0.771         5120          640
        1280            4           0.788        10240         1280
        1280            8           0.841        20480         2560
        1280           16           0.901        40960         5120
        1280           32           1.073        81920        10240
        1280           64           1.411       163840        20480
        1280          128           2.079       327680        40960
        1280          256           3.429       655360        81920
        1280          512           6.098      1310720       163840
        1280         1024          11.452      2621440       327680
        1280         2048          22.290      5242880       655360
        1280         4096          43.680     10485760      1310720
        1280         8192          86.563     20971520      2621440
        1280        16384         172.241     41943040      5242880
        1280        32768         343.210     83886080     10485760
        1408            1           0.741         2816          352
        1408            2           0.827         5632          704
        1408            4           0.801        11264         1408
        1408            8           0.812        22528         2816
        1408           16           0.913        45056         5632
        1408           32           1.095        90112        11264
        1408           64           1.563       180224        22528
        1408          128           2.320       360448        45056
        1408          256           3.732       720896        90112
        1408          512           6.656      1441792       180224
        1408         1024          12.441      2883584       360448
        1408         2048          24.028      5767168       720896
        1408         4096          47.216     11534336      1441792
        1408         8192          93.580     23068672      2883584
        1408        16384         186.364     46137344      5767168
        1408        32768         371.712     92274688     11534336
        1536            1           0.763         3072          384
        1536            2           0.762         6144          768
        1536            4           0.811        12288         1536
        1536            8           0.839        24576         3072
        1536           16           0.917        49152         6144
        1536           32           1.120        98304        12288
        1536           64           1.517       196608        24576
        1536          128           2.294       393216        49152
        1536          256           3.859       786432        98304
        1536          512           6.985      1572864       196608
        1536         1024          13.322      3145728       393216
        1536         2048          25.870      6291456       786432
        1536         4096          50.784     12582912      1572864
        1536         8192         100.878     25165824      3145728
        1536        16384         200.545     50331648      6291456
        1536        32768         400.226    100663296     12582912
        1664            1           0.737         3328          416
        1664            2           0.767         6656          832
        1664            4           0.827        13312         1664
        1664            8           0.868        26624         3328
        1664           16           0.936        53248         6656
        1664           32           1.142       106496        13312
        1664           64           1.569       212992        26624
        1664          128           2.415       425984        53248
        1664          256           4.074       851968       106496
        1664          512           7.422      1703936       212992
        1664         1024          14.205      3407872       425984
        1664         2048          27.591      6815744       851968
        1664         4096          54.352     13631488      1703936
        1664         8192         107.846     27262976      3407872
        1664        16384         214.800     54525952      6815744
        1664        32768         428.793    109051904     13631488
        1792            1           0.751         3584          448
        1792            2           0.785         7168          896
        1792            4           0.848        14336         1792
        1792            8           0.890        28672         3584
        1792           16           0.962        57344         7168
        1792           32           1.166       114688        14336
        1792           64           1.619       229376        28672
        1792          128           2.502       458752        57344
        1792          256           4.305       917504       114688
        1792          512          14.936      1835008       229376
        1792         1024          15.221      3670016       458752
        1792         2048          29.369      7340032       917504
        1792         4096          57.928     14680064      1835008
        1792         8192         114.958     29360128      3670016
        1792        16384         229.247     58720256      7340032
        1792        32768         457.306    117440512     14680064
        1920            1           0.753         3840          480
        1920            2           0.791         7680          960
        1920            4           0.815        15360         1920
        1920            8           0.893        30720         3840
        1920           16           1.047        61440         7680
        1920           32           1.228       122880        15360
        1920           64           1.696       245760        30720
        1920          128           2.648       491520        61440
        1920          256           4.539       983040       122880
        1920          512           8.327      1966080       245760
        1920         1024          16.000      3932160       491520
        1920         2048          31.196      7864320       983040
        1920         4096          61.712     15728640      1966080
        1920         8192         122.125     31457280      3932160
        1920        16384         243.314     62914560      7864320
        2112            1           0.762         4224          528
        2112            2           0.809         8448         1056
        2112            4           0.844        16896         2112
        2112            8           0.891        33792         4224
        2112           16           1.007        67584         8448
        2112           32           1.265       135168        16896
        2112           64           1.789       270336        33792
        2112          128           2.849       540672        67584
        2112          256           5.013      1081344       135168
        2112          512           9.211      2162688       270336
        2112         1024          17.804      4325376       540672
        2112         2048          34.740      8650752      1081344
        2112         4096          68.625     17301504      2162688
        2112         8192         136.369     34603008      4325376
        2112        16384         271.902     69206016      8650752
        2304            1           0.861         4608          576
        2304            2           0.771         9216         1152
        2304            4           0.829        18432         2304
        2304            8           0.881        36864         4608
        2304           16           1.023        73728         9216
        2304           32           1.400       147456        18432
        2304           64           1.857       294912        36864
        2304          128           3.076       589824        73728
        2304          256           5.204      1179648       147456
        2304          512           9.661      2359296       294912
        2304         1024          18.796      4718592       589824
        2304         2048          36.620      9437184      1179648
        2304         4096          72.166     18874368      2359296
        2304         8192         143.499     37748736      4718592
        2304        16384         286.123     75497472      9437184
        2496            1           0.793         4992          624
        2496            2           0.798         9984         1248
        2496            4           0.861        19968         2496
        2496            8           0.922        39936         4992
        2496           16           1.063        79872         9984
        2496           32           1.356       159744        19968
        2496           64           2.111       319488        39936
        2496          128           3.169       638976        79872
        2496          256           5.644      1277952       159744
        2496          512          10.665      2555904       319488
        2496         1024          20.470      5111808       638976
        2496         2048          40.101     10223616      1277952
        2496         4096          79.318     20447232      2555904
        2496         8192         157.766     40894464      5111808
        2496        16384         314.662     81788928     10223616
        2688            1           0.762         5376          672
        2688            2           0.806        10752         1344
        2688            4           0.831        21504         2688
        2688            8           0.903        43008         5376
        2688           16           1.214        86016        10752
        2688           32           1.469       172032        21504
        2688           64           2.011       344064        43008
        2688          128           3.302       688128        86016
        2688          256           5.873      1376256       172032
        2688          512          11.115      2752512       344064
        2688         1024          21.375      5505024       688128
        2688         2048          41.881     11010048      1376256
        2688         4096          82.950     22020096      2752512
        2688         8192         164.958     44040192      5505024
        2688        16384         328.999     88080384     11010048
        2944            1           0.770         5888          736
        2944            2           0.822        11776         1472
        2944            4           0.873        23552         2944
        2944            8           0.951        47104         5888
        2944           16           1.083        94208        11776
        2944           32           1.436       188416        23552
        2944           64           2.290       376832        47104
        2944          128           3.576       753664        94208
        2944          256           6.333      1507328       188416
        2944          512          11.900      3014656       376832
        2944         1024          23.151      6029312       753664
        2944         2048          45.447     12058624      1507328
        2944         4096          90.017     24117248      3014656
        2944         8192         179.198     48234496      6029312
        2944        16384         357.442     96468992     12058624
        3200            1           0.763         6400          800
        3200            2           0.803        12800         1600
        3200            4           0.851        25600         3200
        3200            8           0.932        51200         6400
        3200           16           1.118       102400        12800
        3200           32           1.480       204800        25600
        3200           64           2.243       409600        51200
        3200          128           3.743       819200       102400
        3200          256           6.764      1638400       204800
        3200          512          12.885      3276800       409600
        3200         1024          24.930      6553600       819200
        3200         2048          49.001     13107200      1638400
        3200         4096          97.129     26214400      3276800
        3200         8192         193.411     52428800      6553600
        3200        16384         385.975    104857600     13107200
        3520            1           0.914         7040          880
        3520            2           0.933        14080         1760
        3520            4           0.965        28160         3520
        3520            8           0.955        56320         7040
        3520           16           1.153       112640        14080
        3520           32           1.583       225280        28160
        3520           64           2.656       450560        56320
        3520          128           4.084       901120       112640
        3520          256           7.467      1802240       225280
        3520          512          14.228      3604480       450560
        3520         1024          27.722      7208960       901120
        3520         2048          54.344     14417920      1802240
        3520         4096         107.839     28835840      3604480
        3520         8192         214.813     57671680      7208960
        3520        16384         428.767    115343360     14417920
        3840            1           0.763         7680          960
        3840            2           1.003        15360         1920
        3840            4           0.866        30720         3840
        3840            8           0.970        61440         7680
        3840           16           1.184       122880        15360
        3840           32           1.629       245760        30720
        3840           64           2.536       491520        61440
        3840          128           4.318       983040       122880
        3840          256           8.005      1966080       245760
        3840          512          15.166      3932160       491520
        3840         1024          29.531      7864320       983040
        3840         2048          57.927     15728640      1966080
        3840         4096         114.962     31457280      3932160
        3840         8192         229.072     62914560      7864320
        4224            1           0.767         8448         1056
        4224            2           0.833        16896         2112
        4224            4           0.894        33792         4224
        4224            8           1.078        67584         8448
        4224           16           1.391       135168        16896
        4224           32           1.952       270336        33792
        4224           64           3.184       540672        67584
        4224          128           5.605      1081344       135168
        4224          256          10.568      2162688       270336
        4224          512          20.262      4325376       540672
        4224         1024          39.640      8650752      1081344
        4224         2048          78.398     17301504      2162688
        4224         4096         155.900     34603008      4325376
        4224         8192         310.929     69206016      8650752
        4608            1           0.917         9216         1152
        4608            2           0.814        18432         2304
        4608            4           1.103        36864         4608
        4608            8           1.204        73728         9216
        4608           16           1.283       147456        18432
        4608           32           1.908       294912        36864
        4608           64           2.855       589824        73728
        4608          128           4.983      1179648       147456
        4608          256           9.235      2359296       294912
        4608          512          17.807      4718592       589824
        4608         1024          34.793      9437184      1179648
        4608         2048          68.603     18874368      2359296
        4608         4096         136.386     37748736      4718592
        4608         8192         277.133     75497472      9437184
        5056            1           0.800        10112         1264
        5056            2           0.825        20224         2528
        5056            4           0.931        40448         5056
        5056            8           1.088        80896        10112
        5056           16           1.447       161792        20224
        5056           32           2.150       323584        40448
        5056           64           3.513       647168        80896
        5056          128           6.286      1294336       161792
        5056          256          11.957      2588672       323584
        5056          512          22.938      5177344       647168
        5056         1024          45.079     10354688      1294336
        5056         2048          89.316     20709376      2588672
        5056         4096         178.090     41418752      5177344
        5056         8192         354.295     82837504     10354688
        5504            1           0.779        11008         1376
        5504            2           1.049        22016         2752
        5504            4           1.122        44032         5504
        5504            8           1.124        88064        11008
        5504           16           1.639       176128        22016
        5504           32           2.262       352256        44032
        5504           64           3.664       704512        88064
        5504          128           5.890      1409024       176128
        5504          256          12.663      2818048       352256
        5504          512          23.865      5636096       704512
        5504         1024          48.361     11272192      1409024
        5504         2048          95.233     22544384      2818048
        5504         4096         189.983     45088768      5636096
        5504         8192         380.038     90177536     11272192
        6016            1           0.786        12032         1504
        6016            2           0.821        24064         3008
        6016            4           0.931        48128         6016
        6016            8           1.256        96256        12032
        6016           16           1.558       192512        24064
        6016           32           2.370       385024        48128
        6016           64           3.966       770048        96256
        6016          128           7.130      1540096       192512
        6016          256          13.499      3080192       385024
        6016          512          26.313      6160384       770048
        6016         1024          50.805     12320768      1540096
        6016         2048         102.557     24641536      3080192
        6016         4096         203.999     49283072      6160384
        6016         8192         407.426     98566144     12320768
        6592            1           0.820        13184         1648
        6592            2           0.842        26368         3296
        6592            4           0.963        52736         6592
        6592            8           1.164       105472        13184
        6592           16           1.603       210944        26368
        6592           32           2.459       421888        52736
        6592           64           4.142       843776       105472
        6592          128           7.532      1687552       210944
        6592          256          14.485      3375104       421888
        6592          512          27.868      6750208       843776
        6592         1024          54.906     13500416      1687552
        6592         2048         108.776     27000832      3375104
        6592         4096         216.931     54001664      6750208
        6592         8192         432.695    108003328     13500416
        7232            1           0.781        14464         1808
        7232            2           0.846        28928         3616
        7232            4           0.960        57856         7232
        7232            8           1.195       115712        14464
        7232           16           1.679       231424        28928
        7232           32           2.600       462848        57856
        7232           64           4.413       925696       115712
        7232          128           8.037      1851392       231424
        7232          256          15.339      3702784       462848
        7232          512          30.097      7405568       925696
        7232         1024          59.077     14811136      1851392
        7232         2048         117.237     29622272      3702784
        7232         4096         233.356     59244544      7405568
        7232         8192         471.781    118489088     14811136
        7936            1           0.805        15872         1984
        7936            2           0.859        31744         3968
        7936            4           1.016        63488         7936
        7936            8           1.305       126976        15872
        7936           16           1.904       253952        31744
        7936           32           2.734       507904        63488
        7936           64           4.738      1015808       126976
        7936          128           8.604      2031616       253952
        7936          256          16.686      4063232       507904
        7936          512          32.312      8126464      1015808
        7936         1024          63.530     16252928      2031616
        7936         2048         126.040     32505856      4063232
        7936         4096         251.030     65011712      8126464
        8704            1           0.892        17408         2176
        8704            2           1.017        34816         4352
        8704            4           1.022        69632         8704
        8704            8           1.289       139264        17408
        8704           16           1.828       278528        34816
        8704           32           2.926       557056        69632
        8704           64           5.106      1114112       139264
        8704          128           9.388      2228224       278528
        8704          256          17.765      4456448       557056
        8704          512          34.770      8912896      1114112
        8704         1024          68.468     17825792      2228224
        8704         2048         135.973     35651584      4456448
        8704         4096         271.108     71303168      8912896
        9536            1           0.817        19072         2384
        9536            2           0.874        38144         4768
        9536            4           1.011        76288         9536
        9536            8           1.303       152576        19072
        9536           16           1.907       305152        38144
        9536           32           3.039       610304        76288
        9536           64           5.286      1220608       152576
        9536          128           9.802      2441216       305152
        9536          256          18.841      4882432       610304
        9536          512          37.000      9764864      1220608
        9536         1024          72.904     19529728      2441216
        9536         2048         144.425     39059456      4882432
        9536         4096         289.566     78118912      9764864
       10432            1           0.941        20864         2608
       10432            2           1.029        41728         5216
       10432            4           1.050        83456        10432
       10432            8           1.348       166912        20864
       10432           16           1.994       333824        41728
       10432           32           3.195       667648        83456
       10432           64           5.809      1335296       166912
       10432          128          10.492      2670592       333824
       10432          256          20.506      5341184       667648
       10432          512          39.745     10682368      1335296
       10432         1024          78.470     21364736      2670592
       10432         2048         156.031     42729472      5341184
       10432         4096         311.017     85458944     10682368
       11456            1           0.808        22912         2864
       11456            2           0.925        45824         5728
       11456            4           1.186        91648        11456
       11456            8           1.392       183296        22912
       11456           16           2.259       366592        45824
       11456           32           3.395       733184        91648
       11456           64           6.098      1466368       183296
       11456          128          11.259      2932736       366592
       11456          256          21.729      5865472       733184
       11456          512          42.769     11730944      1466368
       11456         1024          84.879     23461888      2932736
       11456         2048         168.511     46923776      5865472
       11456         4096         335.676     93847552     11730944
       12544            1           0.812        25088         3136
       12544            2           0.953        50176         6272
       12544            4           1.235       100352        12544
       12544            8           1.460       200704        25088
       12544           16           2.189       401408        50176
       12544           32           3.619       802816       100352
       12544           64           6.446      1605632       200704
       12544          128          12.136      3211264       401408
       12544          256          23.666      6422528       802816
       12544          512          46.295     12845056      1605632
       12544         1024          91.676     25690112      3211264
       12544         2048         182.453     51380224      6422528
       12544         4096         377.360    102760448     12845056
       13760            1           0.827        27520         3440
       13760            2           0.939        55040         6880
       13760            4           1.144       110080        13760
       13760            8           1.504       220160        27520
       13760           16           2.310       440320        55040
       13760           32           3.828       880640       110080
       13760           64           6.893      1761280       220160
       13760          128          12.981      3522560       440320
       13760          256          25.308      7045120       880640
       13760          512          49.736     14090240      1761280
       13760         1024          98.527     28180480      3522560
       13760         2048         196.133     56360960      7045120
       13760         4096         391.385    112721920     14090240
       15104            1           0.833        30208         3776
       15104            2           0.942        60416         7552
       15104            4           1.332       120832        15104
       15104            8           1.600       241664        30208
       15104           16           2.447       483328        60416
       15104           32           4.317       966656       120832
       15104           64           7.470      1933312       241664
       15104          128          14.190      3866624       483328
       15104          256          27.426      7733248       966656
       15104          512          54.174     15466496      1933312
       15104         1024         107.424     30932992      3866624
       15104         2048         213.914     61865984      7733248
       15104         4096         426.926    123731968     15466496
       16576            1           0.843        33152         4144
       16576            2           0.940        66304         8288
       16576            4           1.173       132608        16576
       16576            8           1.630       265216        33152
       16576           16           2.560       530432        66304
       16576           32           4.368      1060864       132608
       16576           64           7.942      2121728       265216
       16576          128          15.167      4243456       530432
       16576          256          29.431      8486912      1060864
       16576          512          58.637     16973824      2121728
       16576         1024         117.290     33947648      4243456
       16576         2048         232.630     67895296      8486912
       18176            1           0.857        36352         4544
       18176            2           1.087        72704         9088
       18176            4           1.220       145408        18176
       18176            8           1.782       290816        36352
       18176           16           2.721       581632        72704
       18176           32           4.695      1163264       145408
       18176           64           8.623      2326528       290816
       18176          128          16.474      4653056       581632
       18176          256          32.384      9306112      1163264
       18176          512          63.633     18612224      2326528
       18176         1024         126.344     37224448      4653056
       18176         2048         251.796     74448896      9306112
       19968            1           0.875        39936         4992
       19968            2           1.003        79872         9984
       19968            4           1.295       159744        19968
       19968            8           1.792       319488        39936
       19968           16           2.889       638976        79872
       19968           32           5.024      1277952       159744
       19968           64           9.269      2555904       319488
       19968          128          17.826      5111808       638976
       19968          256          34.746     10223616      1277952
       19968          512          69.014     20447232      2555904
       19968         1024         136.739     40894464      5111808
       19968         2048         272.619     81788928     10223616
       21952            1           0.877        43904         5488
       21952            2           1.009        87808        10976
       21952            4           1.363       175616        21952
       21952            8           1.907       351232        43904
       21952           16           3.091       702464        87808
       21952           32           5.395      1404928       175616
       21952           64           9.995      2809856       351232
       21952          128          19.228      5619712       702464
       21952          256          37.682     11239424      1404928
       21952          512          74.672     22478848      2809856
       21952         1024         148.479     44957696      5619712
       21952         2048         299.922     89915392     11239424
       24128            1           0.897        48256         6032
       24128            2           1.062        96512        12064
       24128            4           1.388       193024        24128
       24128            8           2.005       386048        48256
       24128           16           3.284       772096        96512
       24128           32           5.812      1544192       193024
       24128           64          10.848      3088384       386048
       24128          128          20.886      6176768       772096
       24128          256          41.019     12353536      1544192
       24128          512          81.521     24707072      3088384
       24128         1024         161.599     49414144      6176768
       24128         2048         322.731     98828288     12353536
       26496            1           1.026        52992         6624
       26496            2           1.095       105984        13248
       26496            4           1.445       211968        26496
       26496            8           2.124       423936        52992
       26496           16           3.528       847872       105984
       26496           32           6.279      1695744       211968
       26496           64          11.702      3391488       423936
       26496          128          22.914      6782976       847872
       26496          256          44.852     13565952      1695744
       26496          512          88.805     27131904      3391488
       26496         1024         176.720     54263808      6782976
       26496         2048         352.537    108527616     13565952
       29120            1           0.921        58240         7280
       29120            2           1.219       116480        14560
       29120            4           1.483       232960        29120
       29120            8           2.245       465920        58240
       29120           16           3.767       931840       116480
       29120           32           6.752      1863680       232960
       29120           64          12.759      3727360       465920
       29120          128          24.744      7454720       931840
       29120          256          48.706     14909440      1863680
       29120          512          96.732     29818880      3727360
       29120         1024         193.029     59637760      7454720
       29120         2048         386.884    119275520     14909440
       32000            1           0.947        64000         8000
       32000            2           1.251       128000        16000
       32000            4           1.553       256000        32000
       32000            8           2.389       512000        64000
       32000           16           4.045      1024000       128000
       32000           32           7.335      2048000       256000
       32000           64          14.018      4096000       512000
       32000          128          26.990      8192000      1024000
       32000          256          53.171     16384000      2048000
       32000          512         105.580     32768000      4096000
       32000         1024         210.288     65536000      8192000
       35200            1           1.283        70400         8800
       35200            2           1.179       140800        17600
       35200            4           1.633       281600        35200
       35200            8           2.541       563200        70400
       35200           16           4.388      1126400       140800
       35200           32           8.075      2252800       281600
       35200           64          15.100      4505600       563200
       35200          128          29.476      9011200      1126400
       35200          256          58.028     18022400      2252800
       35200          512         115.371     36044800      4505600
       35200         1024         229.828     72089600      9011200
       38720            1           1.164        77440         9680
       38720            2           1.237       154880        19360
       38720            4           1.748       309760        38720
       38720            8           2.786       619520        77440
       38720           16           4.696      1239040       154880
       38720           32           8.596      2478080       309760
       38720           64          16.423      4956160       619520
       38720          128          32.078      9912320      1239040
       38720          256          63.385     19824640      2478080
       38720          512         126.046     39649280      4956160
       38720         1024         251.091     79298560      9912320
       42560            1           1.000        85120        10640
       42560            2           1.249       170240        21280
       42560            4           1.799       340480        42560
       42560            8           2.886       680960        85120
       42560           16           5.044      1361920       170240
       42560           32           9.331      2723840       340480
       42560           64          17.915      5447680       680960
       42560          128          35.011     10895360      1361920
       42560          256          87.592     21790720      2723840
       42560          512         137.713     43581440      5447680
       42560         1024         290.010     87162880     10895360
       46784            1           1.024        93568        11696
       46784            2           1.371       187136        23392
       46784            4           1.969       374272        46784
       46784            8           3.188       748544        93568
       46784           16           9.572      1497088       187136
       46784           32          10.146      2994176       374272
       46784           64          19.484      5988352       748544
       46784          128          38.468     11976704      1497088
       46784          256          83.374     23953408      2994176
       46784          512         151.106     47906816      5988352
       46784         1024         300.359     95813632     11976704
       51456            1           1.057       102912        12864
       51456            2           1.382       205824        25728
       51456            4           2.042       411648        51456
       51456            8           3.344       823296       102912
       51456           16           5.953      1646592       205824
       51456           32          11.064      3293184       411648
       51456           64          21.315      6586368       823296
       51456          128          41.874     13172736      1646592
       51456          256          83.068     26345472      3293184
       51456          512         165.159     52690944      6586368
       51456         1024         329.561    105381888     13172736
       56576            1           1.110       113152        14144
       56576            2           1.428       226304        28288
       56576            4           2.138       452608        56576
       56576            8           3.554       905216       113152
       56576           16           6.404      1810432       226304
       56576           32          12.019      3620864       452608
       56576           64          23.280      7241728       905216
       56576          128          45.753     14483456      1810432
       56576          256          90.880     28966912      3620864
       56576          512         180.816     57933824      7241728
       56576         1024         360.589    115867648     14483456
       62208            1           1.105       124416        15552
       62208            2           1.496       248832        31104
       62208            4           2.271       497664        62208
       62208            8           3.835       995328       124416
       62208           16           6.938      1990656       248832
       62208           32          13.143      3981312       497664
       62208           64          25.608      7962624       995328
       62208          128          50.126     15925248      1990656
       62208          256          99.473     31850496      3981312
       62208          512         198.126     63700992      7962624
       68416            1           1.260       136832        17104
       68416            2           1.576       273664        34208
       68416            4           2.460       547328        68416
       68416            8           4.130      1094656       136832
       68416           16           7.517      2189312       273664
       68416           32          14.279      4378624       547328
       68416           64          27.749      8757248      1094656
       68416          128          54.705     17514496      2189312
       68416          256         108.662     35028992      4378624
       68416          512         216.538     70057984      8757248
       75200            1           1.488       150400        18800
       75200            2           1.646       300800        37600
       75200            4           2.583       601600        75200
       75200            8           4.664      1203200       150400
       75200           16           8.173      2406400       300800
       75200           32          15.551      4812800       601600
       75200           64          30.395      9625600      1203200
       75200          128          60.008     19251200      2406400
       75200          256         119.237     38502400      4812800
       75200          512         237.796     77004800      9625600
       82688            1           1.273       165376        20672
       82688            2           1.752       330752        41344
       82688            4           2.927       661504        82688
       82688            8           4.810      1323008       165376
       82688           16           8.894      2646016       330752
       82688           32          17.019      5292032       661504
       82688           64          33.194     10584064      1323008
       82688          128          74.119     21168128      2646016
       82688          256         130.517     42336256      5292032
       82688          512         260.454     84672512     10584064
       90944            1           1.314       181888        22736
       90944            2           1.851       363776        45472
       90944            4           2.976       727552        90944
       90944            8           5.204      1455104       181888
       90944           16           9.683      2910208       363776
       90944           32          18.561      5820416       727552
       90944           64          36.490     11640832      1455104
       90944          128          71.843     23281664      2910208
       90944          256         142.990     46563328      5820416
       90944          512         285.511     93126656     11640832
      100032            1           1.599       200064        25008
      100032            2           1.951       400128        50016
      100032            4           3.184       800256       100032
      100032            8           5.664      1600512       200064
      100032           16          10.528      3201024       400128
      100032           32          20.346      6402048       800256
      100032           64          39.886     12804096      1600512
      100032          128          78.991     25608192      3201024
      100032          256         157.018     51216384      6402048
      100032          512         313.536    102432768     12804096
      110016            1           1.551       220032        27504
      110016            2           2.070       440064        55008
      110016            4           3.405       880128       110016
      110016            8           6.107      1760256       220032
      110016           16          11.482      3520512       440064
      110016           32          22.208      7041024       880128
      110016           64          43.648     14082048      1760256
      110016          128          86.401     28164096      3520512
      110016          256         172.180     56328192      7041024
      110016          512         343.469    112656384     14082048
      120960            1           1.841       241920        30240
      120960            2           2.227       483840        60480
      120960            4           3.705       967680       120960
      120960            8           6.625      1935360       241920
      120960           16          12.668      3870720       483840
      120960           32          24.285      7741440       967680
      120960           64          47.909     15482880      1935360
      120960          128          94.853     30965760      3870720
      120960          256         189.001     61931520      7741440
      120960          512         376.922    123863040     15482880
      133056            1           1.818       266112        33264
      133056            2           2.373       532224        66528
      133056            4           3.973      1064448       133056
      133056            8           7.193      2128896       266112
      133056           16          13.670      4257792       532224
      133056           32          26.592      8515584      1064448
      133056           64          52.448     17031168      2128896
      133056          128         104.130     34062336      4257792
      133056          256         207.603     68124672      8515584
      146304            1           1.480       292608        36576
      146304            2           2.560       585216        73152
      146304            4           4.284      1170432       146304
      146304            8           7.838      2340864       292608
      146304           16          14.953      4681728       585216
      146304           32          29.111      9363456      1170432
      146304           64          57.428     18726912      2340864
      146304          128         114.070     37453824      4681728
      146304          256         230.727     74907648      9363456
      160896            1           2.174       321792        40224
      160896            2           2.688       643584        80448
      160896            4           4.631      1287168       160896
      160896            8           8.544      2574336       321792
      160896           16          16.372      5148672       643584
      160896           32          31.901     10297344      1287168
      160896           64          63.027     20594688      2574336
      160896          128         125.250     41189376      5148672
      160896          256         249.621     82378752     10297344
      176960            1           2.238       353920        44240
      176960            2           2.894       707840        88480
      176960            4           5.031      1415680       176960
      176960            8           9.339      2831360       353920
      176960           16          17.888      5662720       707840
      176960           32          34.966     11325440      1415680
      176960           64          69.134     22650880      2831360
      176960          128         137.445     45301760      5662720
      176960          256         274.185     90603520     11325440
      194624            1           2.194       389248        48656
      194624            2           3.110       778496        97312
      194624            4           5.452      1556992       194624
      194624            8          10.335      3113984       389248
      194624           16          19.570      6227968       778496
      194624           32          38.404     12455936      1556992
      194624           64          76.004     24911872      3113984
      194624          128         150.950     49823744      6227968
      194624          256         300.928     99647488     12455936
      214080            1           2.721       428160        53520
      214080            2           3.377       856320       107040
      214080            4           5.975      1712640       214080
      214080            8          11.133      3425280       428160
      214080           16          21.484      6850560       856320
      214080           32          42.112     13701120      1712640
      214080           64          83.347     27402240      3425280
      214080          128         165.834     54804480      6850560
      214080          256         330.831    109608960     13701120
      235456            1           2.823       470912        58864
      235456            2           3.697       941824       117728
      235456            4           6.542      1883648       235456
      235456            8          12.217      3767296       470912
      235456           16          23.565      7534592       941824
      235456           32          46.233     15069184      1883648
      235456           64          91.544     30138368      3767296
      235456          128         182.162     60276736      7534592
      235456          256         363.689    120553472     15069184
      258944            1           2.547       517888        64736
      258944            2           4.082      1035776       129472
      258944            4           7.225      2071552       258944
      258944            8          13.441      4143104       517888
      258944           16          25.904      8286208      1035776
      258944           32          50.792     16572416      2071552
      258944           64         100.565     33144832      4143104
      258944          128         200.094     66289664      8286208
      284800            1           3.508       569600        71200
      284800            2           4.622      1139200       142400
      284800            4           8.566      2278400       284800
      284800            8          15.710      4556800       569600
      284800           16          31.210      9113600      1139200
      284800           32          62.347     18227200      2278400
      284800           64         124.902     36454400      4556800
      284800          128         253.417     72908800      9113600
      313280            1           3.845       626560        78320
      313280            2           5.080      1253120       156640
      313280            4           9.556      2506240       313280
      313280            8          18.035      5012480       626560
      313280           16          34.994     10024960      1253120
      313280           32          70.197     20049920      2506240
      313280           64         140.596     40099840      5012480
      313280          128         281.077     80199680     10024960
      344576            1           4.365       689152        86144
      344576            2           5.623      1378304       172288
      344576            4          10.533      2756608       344576
      344576            8          20.031      5513216       689152
      344576           16          38.507     11026432      1378304
      344576           32          77.038     22052864      2756608
      344576           64         154.235     44105728      5513216
      344576          128         309.104     88211456     11026432
      379008            1           4.180       758016        94752
      379008            2           5.986      1516032       189504
      379008            4          11.395      3032064       379008
      379008            8          21.633      6064128       758016
      379008           16          42.952     12128256      1516032
      379008           32          84.724     24256512      3032064
      379008           64         169.649     48513024      6064128
      379008          128         339.226     97026048     12128256
      416896            1           5.280       833792       104224
      416896            2           6.555      1667584       208448
      416896            4          12.391      3335168       416896
      416896            8          23.993      6670336       833792
      416896           16          47.064     13340672      1667584
      416896           32          93.110     26681344      3335168
      416896           64         186.044     53362688      6670336
      416896          128         372.346    106725376     13340672
      458560            1           5.327       917120       114640
      458560            2           7.140      1834240       229280
      458560            4          13.520      3668480       458560
      458560            8          26.214      7336960       917120
      458560           16          51.588     14673920      1834240
      458560           32         102.557     29347840      3668480
      458560           64         205.152     58695680      7336960
      458560          128         409.897    117391360     14673920
      504384            1           6.825      1008768       126096
      504384            2           7.777      2017536       252192
      504384            4          14.814      4035072       504384
      504384            8          28.750      8070144      1008768
      504384           16          56.825     16140288      2017536
      504384           32         112.609     32280576      4035072
      504384           64         229.725     64561152      8070144
      554816            1           7.238      1109632       138704
      554816            2           8.348      2219264       277408
      554816            4          16.162      4438528       554816
      554816            8          30.797      8877056      1109632
      554816           16          61.647     17754112      2219264
      554816           32         123.639     35508224      4438528
      554816           64         247.545     71016448      8877056
      610240            1           8.037      1220480       152560
      610240            2           9.149      2440960       305120
      610240            4          17.583      4881920       610240
      610240            8          33.877      9763840      1220480
      610240           16          67.758     19527680      2440960
      610240           32         135.723     39055360      4881920
      610240           64         271.270     78110720      9763840
      671232            1           8.735      1342464       167808
      671232            2          10.020      2684928       335616
      671232            4          19.187      5369856       671232
      671232            8          37.664     10739712      1342464
      671232           16          74.482     21479424      2684928
      671232           32         148.970     42958848      5369856
      671232           64         298.084     85917696     10739712
      738304            1           8.876      1476608       184576
      738304            2          10.886      2953216       369152
      738304            4          20.701      5906432       738304
      738304            8          41.603     11812864      1476608
      738304           16          83.363     23625728      2953216
      738304           32         166.749     47251456      5906432
      738304           64         333.656     94502912     11812864
      812096            1          10.285      1624192       203024
      812096            2          11.942      3248384       406048
      812096            4          23.243      6496768       812096
      812096            8          46.400     12993536      1624192
      812096           16          92.992     25987072      3248384
      812096           32         186.164     51974144      6496768
      812096           64         373.324    103948288     12993536
      893248            1          11.355      1786496       223312
      893248            2          13.124      3572992       446624
      893248            4          25.731      7145984       893248
      893248            8          51.162     14291968      1786496
      893248           16         102.298     28583936      3572992
      893248           32         204.674     57167872      7145984
      893248           64         411.489    114335744     14291968
      982528            1          12.824      1965056       245632
      982528            2          14.331      3930112       491264
      982528            4          27.942      7860224       982528
      982528            8          56.046     15720448      1965056
      982528           16         112.446     31440896      3930112
      982528           32         225.131     62881792      7860224
     1080768            1          13.954      2161536       270192
     1080768            2          15.391      4323072       540384
     1080768            4          31.098      8646144      1080768
     1080768            8          61.932     17292288      2161536
     1080768           16         123.516     34584576      4323072
     1080768           32         247.694     69169152      8646144
     1188800            1          15.423      2377600       297200
     1188800            2          16.949      4755200       594400
     1188800            4          34.299      9510400      1188800
     1188800            8          68.292     19020800      2377600
     1188800           16         137.066     38041600      4755200
     1188800           32         274.408     76083200      9510400
     1307648            1          16.962      2615296       326912
     1307648            2          19.380      5230592       653824
     1307648            4          37.920     10461184      1307648
     1307648            8          74.891     20922368      2615296
     1307648           16         149.221     41844736      5230592
     1307648           32         299.178     83689472     10461184
     1438400            1          18.822      2876800       359600
     1438400            2          21.315      5753600       719200
     1438400            4          41.248     11507200      1438400
     1438400            8          82.341     23014400      2876800
     1438400           16         165.029     46028800      5753600
     1438400           32         330.210     92057600     11507200
     1582208            1          19.543      3164416       395552
     1582208            2          23.588      6328832       791104
     1582208            4          46.198     12657664      1582208
     1582208            8          91.359     25315328      3164416
     1582208           16         183.186     50630656      6328832
     1582208           32         365.987    101261312     12657664
     1740416            1          21.931      3480832       435104
     1740416            2          26.686      6961664       870208
     1740416            4          52.058     13923328      1740416
     1740416            8         104.583     27846656      3480832
     1740416           16         213.898     55693312      6961664
     1740416           32         417.260    111386624     13923328
     1914432            1          25.109      3828864       478608
     1914432            2          30.208      7657728       957216
     1914432            4          59.312     15315456      1914432
     1914432            8         117.472     30630912      3828864
     1914432           16         233.099     61261824      7657728
     1914432           32         466.540    122523648     15315456
     2105856            1          27.951      4211712       526464
     2105856            2          33.701      8423424      1052928
     2105856            4          65.702     16846848      2105856
     2105856            8         131.497     33693696      4211712
     2105856           16         262.853     67387392      8423424
     2316416            1          30.493      4632832       579104
     2316416            2          38.008      9265664      1158208
     2316416            4          74.987     18531328      2316416
     2316416            8         148.974     37062656      4632832
     2316416           16         296.696     74125312      9265664
     2548032            1          35.396      5096064       637008
     2548032            2          42.719     10192128      1274016
     2548032            4          84.771     20384256      2548032
     2548032            8         169.209     40768512      5096064
     2548032           16         338.289     81537024     10192128
     2802816            1          39.859      5605632       700704
     2802816            2          48.085     11211264      1401408
     2802816            4          97.154     22422528      2802816
     2802816            8         194.124     44845056      5605632
     2802816           16         394.094     89690112     11211264
     3083072            1          43.952      6166144       770768
     3083072            2          54.349     12332288      1541536
     3083072            4         108.551     24664576      3083072
     3083072            8         217.283     49329152      6166144
     3083072           16         435.144     98658304     12332288
     3391360            1          49.099      6782720       847840
     3391360            2          59.682     13565440      1695680
     3391360            4         119.747     27130880      3391360
     3391360            8         239.253     54261760      6782720
     3391360           16         478.940    108523520     13565440
     3730496            1          53.954      7460992       932624
     3730496            2          66.525     14921984      1865248
     3730496            4         132.113     29843968      3730496
     3730496            8         263.960     59687936      7460992
     3730496           16         527.949    119375872     14921984
     4103488            1          59.997      8206976      1025872
     4103488            2          73.540     16413952      2051744
     4103488            4         146.476     32827904      4103488
     4103488            8         291.435     65655808      8206976
     4513792            1          65.666      9027584      1128448
     4513792            2          80.677     18055168      2256896
     4513792            4         160.856     36110336      4513792
     4513792            8         326.854     72220672      9027584
     4965120            1          72.822      9930240      1241280
     4965120            2          89.010     19860480      2482560
     4965120            4         176.668     39720960      4965120
     4965120            8         352.587     79441920      9930240
     5461632            1          79.398     10923264      1365408
     5461632            2          97.589     21846528      2730816
     5461632            4         194.423     43693056      5461632
     5461632            8         387.629     87386112     10923264
     6007744            1          87.139     12015488      1501936
     6007744            2         107.493     24030976      3003872
     6007744            4         213.432     48061952      6007744
     6007744            8         426.150     96123904     12015488
     6608512            1          95.755     13217024      1652128
     6608512            2         117.881     26434048      3304256
     6608512            4         234.600     52868096      6608512
     6608512            8         468.134    105736192     13217024
     7269312            1         106.564     14538624      1817328
     7269312            2         129.476     29077248      3634656
     7269312            4         258.512     58154496      7269312
     7269312            8         526.579    116308992     14538624
     7996224            1         118.901     15992448      1999056
     7996224            2         142.375     31984896      3998112
     7996224            4         283.809     63969792      7996224
     8795840            1         129.622     17591680      2198960
     8795840            2         156.650     35183360      4397920
     8795840            4         312.083     70366720      8795840
     9675392            1         142.738     19350784      2418848
     9675392            2         171.828     38701568      4837696
     9675392            4         342.753     77403136      9675392
    10642880            1         155.214     21285760      2660720
    10642880            2         189.278     42571520      5321440
    10642880            4         377.510     85143040     10642880
    11707136            1         173.951     23414272      2926784
    11707136            2         208.387     46828544      5853568
    11707136            4         415.497     93657088     11707136
    12877824            1         191.366     25755648      3219456
    12877824            2         249.974     51511296      6438912
    12877824            4         456.660    103022592     12877824
    14165568            1         209.803     28331136      3541392
    14165568            2         254.672     56662272      7082784
    14165568            4         507.622    113324544     14165568
    15582080            1         236.198     31164160      3895520
    15582080            2         285.570     62328320      7791040
    15582080            4         568.462    124656640     15582080
    17140288            1         254.296     34280576      4285072
    17140288            2         343.846     68561152      8570144
    18854272            1         297.439     37708544      4713568
    18854272            2         559.092     75417088      9427136
    20739648            1         419.940     41479296      5184912
    20739648            2         918.708     82958592     10369824
    22813568            1         624.048     45627136      5703392
    22813568            2        1637.786     91254272     11406784
    25094912            1        1036.695     50189824      6273728
    25094912            2        2525.567    100379648     12547456
    27604352            1        1494.437     55208704      6901088
    27604352            2        3454.464    110417408     13802176
    30364736            1        1915.498     60729472      7591184
    30364736            2        4264.148    121458944     15182368
    33401152            1        2366.865     66802304      8350288
    36741248            1        2783.529     73482496      9185312
    40415360            1        3160.882     80830720     10103840
    44456896            1        3507.099     88913792     11114224
    48902528            1        3871.527     97805056     12225632
    53792768            1        4274.586    107585536     13448192
    59172032            1        4673.459    118344064     14793008

META_DATA
MPI_PROCS      1
OPENMP_THREADS 8
FLOPS          2
ERT_VERSION  1.0.0
TIMESTAMP_DATA  1594852872.8
HOSTNAME  ('apollo-PowerEdge-R430', [], ['127.0.1.1'])
UNAME  ('Linux', 'apollo-PowerEdge-R430', '4.19.129-0419129-generic', '#202006220433 SMP Mon Jun 22 09:12:54 UTC 2020', 'x86_64', 'x86_64')
CONFIG  {'ERT_WORKING_SET_MIN': ['1'], 'ERT_CFLAGS': ['-O3'], 'ERT_CC': ['gcc'], 'ERT_MPI_CFLAGS': [], 'ERT_MPI_LDFLAGS': [], 'ERT_MEMORY_MAX': ['62497788'], 'ERT_PROCS_THREADS': ['8'], 'ERT_LDFLAGS': [], 'ERT_LDLIBS': [], 'ERT_SPEC_GBYTES_DRAM': ['1.0'], 'ERT_RUN': ['export', 'KMP_AFFINITY=scatter;', 'export', 'OMP_NUM_THREADS=ERT_OPENMP_THREADS;', 'ERT_CODE'], 'ERT_FLOPS': ['1,2,4,8,16'], 'ERT_OPENMP_CFLAGS': ['-fopenmp'], 'ERT_SPEC_GFLOPS': ['1.0'], 'ERT_MPI': ['False'], 'ERT_TRIALS_MIN': ['1'], 'ERT_DRIVER': ['driver1'], 'ERT_RESULTS': ['Results.x86'], 'ERT_OPENMP': ['True'], 'ERT_MPI_PROCS': ['1'], 'ERT_KERNEL': ['kernel1'], 'ERT_OPENMP_THREADS': ['1-32'], 'ERT_LD': ['gcc'], 'ERT_NUM_EXPERIMENTS': ['6'], 'ERT_OPENMP_LDFLAGS': ['-fopenmp'], 'ERT_ALIGN': ['32'], 'ERT_GNUPLOT': ['gnuplot']}
