          64            1           1.960          128           16
          64            2           0.798          256           32
          64            4           0.767          512           64
          64            8           0.742         1024          128
          64           16           0.783         2048          256
          64           32           0.942         4096          512
          64           64           1.006         8192         1024
          64          128           1.460        16384         2048
          64          256           2.009        32768         4096
          64          512           3.350        65536         8192
          64         1024           6.099       131072        16384
          64         2048          11.367       262144        32768
          64         4096          22.215       524288        65536
          64         8192          43.500      1048576       131072
          64        16384          86.260      2097152       262144
          64        32768         172.035      4194304       524288
          64        65536         343.130      8388608      1048576
          64       131072         685.444     16777216      2097152
          64       262144        1410.011     33554432      4194304
          64       524288        2999.139     67108864      8388608
         128            1           0.760          256           32
         128            2           0.750          512           64
         128            4           0.753         1024          128
         128            8           0.759         2048          256
         128           16           0.770         4096          512
         128           32           0.854         8192         1024
         128           64           1.030        16384         2048
         128          128           1.357        32768         4096
         128          256           2.017        65536         8192
         128          512           3.364       131072        16384
         128         1024           5.632       262144        32768
         128         2048          11.423       524288        65536
         128         4096          23.114      1048576       131072
         128         8192          46.512      2097152       262144
         128        16384          93.524      4194304       524288
         128        32768         187.092      8388608      1048576
         128        65536         379.425     16777216      2097152
         128       131072         749.501     33554432      4194304
         128       262144        1499.459     67108864      8388608
         192            1           0.868          384           48
         192            2           0.781          768           96
         192            4           0.758         1536          192
         192            8           0.769         3072          384
         192           16           0.805         6144          768
         192           32           0.872        12288         1536
         192           64           1.043        24576         3072
         192          128           1.368        49152         6144
         192          256           2.058        98304        12288
         192          512           3.382       196608        24576
         192         1024           6.092       393216        49152
         192         2048          11.402       786432        98304
         192         4096          23.123      1572864       196608
         192         8192          46.564      3145728       393216
         192        16384          93.726      6291456       786432
         192        32768         187.194     12582912      1572864
         192        65536         374.951     25165824      3145728
         192       131072         752.709     50331648      6291456
         192       262144        1499.500    100663296     12582912
         256            1           0.761          512           64
         256            2           0.759         1024          128
         256            4           0.763         2048          256
         256            8           0.792         4096          512
         256           16           0.817         8192         1024
         256           32           0.874        16384         2048
         256           64           1.035        32768         4096
         256          128           1.372        65536         8192
         256          256           2.031       131072        16384
         256          512           3.371       262144        32768
         256         1024           6.069       524288        65536
         256         2048          11.396      1048576       131072
         256         4096          23.147      2097152       262144
         256         8192          46.551      4194304       524288
         256        16384          93.466      8388608      1048576
         256        32768         187.186     16777216      2097152
         256        65536         374.571     33554432      4194304
         256       131072         749.581     67108864      8388608
         320            1           0.740          640           80
         320            2           0.766         1280          160
         320            4           0.798         2560          320
         320            8           0.787         5120          640
         320           16           0.815        10240         1280
         320           32           0.907        20480         2560
         320           64           1.070        40960         5120
         320          128           1.383        81920        10240
         320          256           2.043       163840        20480
         320          512           3.395       327680        40960
         320         1024           6.065       655360        81920
         320         2048          11.538      1310720       163840
         320         4096          23.335      2621440       327680
         320         8192          46.517      5242880       655360
         320        16384          93.599     10485760      1310720
         320        32768         187.177     20971520      2621440
         320        65536         379.272     41943040      5242880
         320       131072         714.909     83886080     10485760
         384            1           0.907          768           96
         384            2           0.765         1536          192
         384            4           0.763         3072          384
         384            8           0.771         6144          768
         384           16           0.815        12288         1536
         384           32           0.895        24576         3072
         384           64           1.119        49152         6144
         384          128           1.386        98304        12288
         384          256           2.238       196608        24576
         384          512           3.377       393216        49152
         384         1024           6.057       786432        98304
         384         2048          11.413      1572864       196608
         384         4096          22.185      3145728       393216
         384         8192          43.521      6291456       786432
         384        16384          86.436     12582912      1572864
         384        32768         171.887     25165824      3145728
         384        65536         343.121     50331648      6291456
         384       131072         685.459    100663296     12582912
         448            1           0.951          896          112
         448            2           0.762         1792          224
         448            4           0.793         3584          448
         448            8           0.795         7168          896
         448           16           1.000        14336         1792
         448           32           1.090        28672         3584
         448           64           1.200        57344         7168
         448          128           1.530       114688        14336
         448          256           2.285       229376        28672
         448          512           3.453       458752        57344
         448         1024           6.120       917504       114688
         448         2048          11.505      1835008       229376
         448         4096          22.167      3670016       458752
         448         8192          43.564      7340032       917504
         448        16384          86.404     14680064      1835008
         448        32768         171.959     29360128      3670016
         448        65536         343.084     58720256      7340032
         448       131072         685.458    117440512     14680064
         512            1           0.737         1024          128
         512            2           0.755         2048          256
         512            4           0.773         4096          512
         512            8           0.793         8192         1024
         512           16           0.838        16384         2048
         512           32           0.946        32768         4096
         512           64           1.087        65536         8192
         512          128           1.410       131072        16384
         512          256           2.077       262144        32768
         512          512           3.413       524288        65536
         512         1024           6.088      1048576       131072
         512         2048          11.443      2097152       262144
         512         4096          22.144      4194304       524288
         512         8192          43.533      8388608      1048576
         512        16384          85.543     16777216      2097152
         512        32768         171.959     33554432      4194304
         512        65536         350.234     67108864      8388608
         576            1           0.752         1152          144
         576            2           0.870         2304          288
         576            4           0.831         4608          576
         576            8           0.966         9216         1152
         576           16           0.839        18432         2304
         576           32           0.966        36864         4608
         576           64           1.127        73728         9216
         576          128           1.510       147456        18432
         576          256           2.408       294912        36864
         576          512           3.671       589824        73728
         576         1024           6.577      1179648       147456
         576         2048          12.463      2359296       294912
         576         4096          24.033      4718592       589824
         576         8192          47.199      9437184      1179648
         576        16384          93.507     18874368      2359296
         576        32768         186.337     37748736      4718592
         576        65536         371.635     75497472      9437184
         640            1           0.760         1280          160
         640            2           0.758         2560          320
         640            4           0.761         5120          640
         640            8           0.786        10240         1280
         640           16           0.839        20480         2560
         640           32           1.010        40960         5120
         640           64           1.150        81920        10240
         640          128           1.523       163840        20480
         640          256           2.405       327680        40960
         640          512           3.867       655360        81920
         640         1024           7.022      1310720       163840
         640         2048          13.562      2621440       327680
         640         4096          26.003      5242880       655360
         640         8192          50.846     10485760      1310720
         640        16384         100.758     20971520      2621440
         640        32768         200.744     41943040      5242880
         640        65536         400.282     83886080     10485760
         704            1           0.738         1408          176
         704            2           0.762         2816          352
         704            4           0.964         5632          704
         704            8           0.837        11264         1408
         704           16           1.025        22528         2816
         704           32           1.057        45056         5632
         704           64           1.270        90112        11264
         704          128           1.652       180224        22528
         704          256           2.635       360448        45056
         704          512           4.312       720896        90112
         704         1024           7.891      1441792       180224
         704         2048          15.136      2883584       360448
         704         4096          29.410      5767168       720896
         704         8192          57.961     11534336      1441792
         704        16384         115.032     23068672      2883584
         704        32768         229.137     46137344      5767168
         704        65536         457.339     92274688     11534336
         768            1           0.744         1536          192
         768            2           0.752         3072          384
         768            4           0.772         6144          768
         768            8           0.797        12288         1536
         768           16           0.848        24576         3072
         768           32           0.971        49152         6144
         768           64           1.201        98304        12288
         768          128           1.632       196608        24576
         768          256           2.526       393216        49152
         768          512           4.321       786432        98304
         768         1024           7.885      1572864       196608
         768         2048          15.129      3145728       393216
         768         4096          29.388      6291456       786432
         768         8192          57.970     12582912      1572864
         768        16384         114.976     25165824      3145728
         768        32768         229.092     50331648      6291456
         768        65536         457.296    100663296     12582912
         832            1           0.748         1664          208
         832            2           0.762         3328          416
         832            4           0.775         6656          832
         832            8           0.798        13312         1664
         832           16           0.874        26624         3328
         832           32           1.000        53248         6656
         832           64           1.241       106496        13312
         832          128           1.742       212992        26624
         832          256           2.790       425984        53248
         832          512           4.772       851968       106496
         832         1024           8.779      1703936       212992
         832         2048          16.914      3407872       425984
         832         4096          33.024      6815744       851968
         832         8192          65.094     13631488      1703936
         832        16384         133.971     27262976      3407872
         832        32768         257.621     54525952      6815744
         832        65536         514.363    109051904     13631488
         896            1           0.807         1792          224
         896            2           0.764         3584          448
         896            4           0.778         7168          896
         896            8           0.798        14336         1792
         896           16           0.880        28672         3584
         896           32           1.011        57344         7168
         896           64           1.282       114688        14336
         896          128           1.761       229376        28672
         896          256           2.762       458752        57344
         896          512           4.961       917504       114688
         896         1024           8.853      1835008       229376
         896         2048          16.918      3670016       458752
         896         4096          32.966      7340032       917504
         896         8192          65.111     14680064      1835008
         896        16384         129.328     29360128      3670016
         896        32768         257.615     58720256      7340032
         896        65536         514.419    117440512     14680064
         960            1           0.772         1920          240
         960            2           0.770         3840          480
         960            4           0.795         7680          960
         960            8           0.830        15360         1920
         960           16           0.897        30720         3840
         960           32           1.048        61440         7680
         960           64           1.309       122880        15360
         960          128           1.877       245760        30720
         960          256           2.980       491520        61440
         960          512           5.216       983040       122880
         960         1024           9.787      1966080       245760
         960         2048          18.710      3932160       491520
         960         4096          36.573      7864320       983040
         960         8192          72.232     15728640      1966080
         960        16384         143.513     31457280      3932160
         960        32768         286.183     62914560      7864320
        1024            1           0.747         2048          256
        1024            2           0.763         4096          512
        1024            4           0.780         8192         1024
        1024            8           0.813        16384         2048
        1024           16           0.893        32768         4096
        1024           32           1.053        65536         8192
        1024           64           1.313       131072        16384
        1024          128           1.876       262144        32768
        1024          256           2.980       524288        65536
        1024          512           5.232      1048576       131072
        1024         1024           9.685      2097152       262144
        1024         2048          18.724      4194304       524288
        1024         4096          36.545      8388608      1048576
        1024         8192          72.169     16777216      2097152
        1024        16384         143.513     33554432      4194304
        1024        32768         286.190     67108864      8388608
        1088            1           0.753         2176          272
        1088            2           0.774         4352          544
        1088            4           0.790         8704         1088
        1088            8           0.824        17408         2176
        1088           16           0.894        34816         4352
        1088           32           1.066        69632         8704
        1088           64           1.356       139264        17408
        1088          128           1.968       278528        34816
        1088          256           3.203       557056        69632
        1088          512           5.660      1114112       139264
        1088         1024          10.653      2228224       278528
        1088         2048          20.522      4456448       557056
        1088         4096          40.125      8912896      1114112
        1088         8192          79.323     17825792      2228224
        1088        16384         157.797     35651584      4456448
        1088        32768         314.659     71303168      8912896
        1152            1           0.731         2304          288
        1152            2           0.760         4608          576
        1152            4           0.799         9216         1152
        1152            8           0.811        18432         2304
        1152           16           0.901        36864         4608
        1152           32           1.069        73728         9216
        1152           64           1.427       147456        18432
        1152          128           2.008       294912        36864
        1152          256           3.199       589824        73728
        1152          512           5.848      1179648       147456
        1152         1024          10.864      2359296       294912
        1152         2048          20.498      4718592       589824
        1152         4096          40.101      9437184      1179648
        1152         8192          84.974     18874368      2359296
        1152        16384         157.765     37748736      4718592
        1152        32768         314.696     75497472      9437184
        1216            1           0.750         2432          304
        1216            2           0.762         4864          608
        1216            4           0.783         9728         1216
        1216            8           0.825        19456         2432
        1216           16           1.002        38912         4864
        1216           32           1.087        77824         9728
        1216           64           1.395       155648        19456
        1216          128           2.082       311296        38912
        1216          256           3.604       622592        77824
        1216          512           6.212      1245184       155648
        1216         1024          11.475      2490368       311296
        1216         2048          22.304      4980736       622592
        1216         4096          43.655      9961472      1245184
        1216         8192          86.486     19922944      2490368
        1216        16384         172.058     39845888      4980736
        1216        32768         343.250     79691776      9961472
        1280            1           0.741         2560          320
        1280            2           0.768         5120          640
        1280            4           0.793        10240         1280
        1280            8           0.825        20480         2560
        1280           16           1.011        40960         5120
        1280           32           1.207        81920        10240
        1280           64           1.414       163840        20480
        1280          128           2.169       327680        40960
        1280          256           3.591       655360        81920
        1280          512           6.184      1310720       163840
        1280         1024          11.552      2621440       327680
        1280         2048          22.266      5242880       655360
        1280         4096          43.692     10485760      1310720
        1280         8192          86.537     20971520      2621440
        1280        16384         172.022     41943040      5242880
        1280        32768         343.298     83886080     10485760
        1408            1           0.748         2816          352
        1408            2           0.888         5632          704
        1408            4           0.883        11264         1408
        1408            8           1.052        22528         2816
        1408           16           1.026        45056         5632
        1408           32           1.209        90112        11264
        1408           64           1.526       180224        22528
        1408          128           2.244       360448        45056
        1408          256           3.635       720896        90112
        1408          512           6.537      1441792       180224
        1408         1024          12.353      2883584       360448
        1408         2048          24.188      5767168       720896
        1408         4096          47.219     11534336      1441792
        1408         8192          93.577     23068672      2883584
        1408        16384         186.279     46137344      5767168
        1408        32768         371.704     92274688     11534336
        1536            1           0.760         3072          384
        1536            2           0.772         6144          768
        1536            4           0.814        12288         1536
        1536            8           0.842        24576         3072
        1536           16           0.944        49152         6144
        1536           32           1.296        98304        12288
        1536           64           1.519       196608        24576
        1536          128           2.315       393216        49152
        1536          256           3.865       786432        98304
        1536          512           6.994      1572864       196608
        1536         1024          13.228      3145728       393216
        1536         2048          25.813      6291456       786432
        1536         4096          50.784     12582912      1572864
        1536         8192         100.708     25165824      3145728
        1536        16384         200.572     50331648      6291456
        1536        32768         400.247    100663296     12582912
        1664            1           0.917         3328          416
        1664            2           0.761         6656          832
        1664            4           0.812        13312         1664
        1664            8           0.843        26624         3328
        1664           16           0.946        53248         6656
        1664           32           1.153       106496        13312
        1664           64           1.562       212992        26624
        1664          128           2.401       425984        53248
        1664          256           4.080       851968       106496
        1664          512           7.430      1703936       212992
        1664         1024          14.221      3407872       425984
        1664         2048          27.595      6815744       851968
        1664         4096          54.345     13631488      1703936
        1664         8192         107.822     27262976      3407872
        1664        16384         220.188     54525952      6815744
        1664        32768         428.760    109051904     13631488
        1792            1           0.756         3584          448
        1792            2           0.785         7168          896
        1792            4           0.827        14336         1792
        1792            8           0.857        28672         3584
        1792           16           0.962        57344         7168
        1792           32           1.179       114688        14336
        1792           64           1.618       229376        28672
        1792          128           2.518       458752        57344
        1792          256           4.308       917504       114688
        1792          512           7.875      1835008       229376
        1792         1024          15.124      3670016       458752
        1792         2048          29.380      7340032       917504
        1792         4096          57.907     14680064      1835008
        1792         8192         114.969     29360128      3670016
        1792        16384         229.068     58720256      7340032
        1792        32768         457.307    117440512     14680064
        1920            1           0.742         3840          480
        1920            2           0.778         7680          960
        1920            4           0.811        15360         1920
        1920            8           0.856        30720         3840
        1920           16           0.984        61440         7680
        1920           32           1.229       122880        15360
        1920           64           1.692       245760        30720
        1920          128           2.642       491520        61440
        1920          256           4.546       983040       122880
        1920          512           8.333      1966080       245760
        1920         1024          16.020      3932160       491520
        1920         2048          31.175      7864320       983040
        1920         4096          61.483     15728640      1966080
        1920         8192         122.105     31457280      3932160
        1920        16384         243.350     62914560      7864320
        2112            1           0.758         4224          528
        2112            2           0.810         8448         1056
        2112            4           0.811        16896         2112
        2112            8           0.864        33792         4224
        2112           16           1.005        67584         8448
        2112           32           1.290       135168        16896
        2112           64           1.799       270336        33792
        2112          128           2.879       540672        67584
        2112          256           4.966      1081344       135168
        2112          512           9.213      2162688       270336
        2112         1024          17.810      4325376       540672
        2112         2048          34.747      8650752      1081344
        2112         4096          68.630     17301504      2162688
        2112         8192         136.370     34603008      4325376
        2112        16384         271.874     69206016      8650752
        2304            1           0.770         4608          576
        2304            2           0.775         9216         1152
        2304            4           0.801        18432         2304
        2304            8           0.878        36864         4608
        2304           16           1.013        73728         9216
        2304           32           1.310       147456        18432
        2304           64           1.862       294912        36864
        2304          128           2.993       589824        73728
        2304          256           5.219      1179648       147456
        2304          512           9.684      2359296       294912
        2304         1024          18.695      4718592       589824
        2304         2048          36.538      9437184      1179648
        2304         4096          72.179     18874368      2359296
        2304         8192         143.513     37748736      4718592
        2304        16384         286.148     75497472      9437184
        2496            1           0.781         4992          624
        2496            2           0.784         9984         1248
        2496            4           0.831        19968         2496
        2496            8           0.908        39936         4992
        2496           16           1.054        79872         9984
        2496           32           1.347       159744        19968
        2496           64           1.966       319488        39936
        2496          128           3.204       638976        79872
        2496          256           5.654      1277952       159744
        2496          512          10.655      2555904       319488
        2496         1024          20.493      5111808       638976
        2496         2048          40.095     10223616      1277952
        2496         4096          79.325     20447232      2555904
        2496         8192         157.769     40894464      5111808
        2496        16384         314.673     81788928     10223616
        2688            1           0.774         5376          672
        2688            2           0.818        10752         1344
        2688            4           0.824        21504         2688
        2688            8           0.915        43008         5376
        2688           16           1.072        86016        10752
        2688           32           1.386       172032        21504
        2688           64           2.018       344064        43008
        2688          128           3.295       688128        86016
        2688          256           5.886      1376256       172032
        2688          512          11.005      2752512       344064
        2688         1024          21.376      5505024       688128
        2688         2048          41.881     11010048      1376256
        2688         4096          88.008     22020096      2752512
        2688         8192         164.900     44040192      5505024
        2688        16384         328.914     88080384     11010048
        2944            1           0.766         5888          736
        2944            2           0.802        11776         1472
        2944            4           0.874        23552         2944
        2944            8           0.930        47104         5888
        2944           16           1.084        94208        11776
        2944           32           1.428       188416        23552
        2944           64           2.132       376832        47104
        2944          128           3.517       753664        94208
        2944          256           6.313      1507328       188416
        2944          512          11.891      3014656       376832
        2944         1024          23.154      6029312       753664
        2944         2048          45.432     12058624      1507328
        2944         4096          90.016     24117248      3014656
        2944         8192         179.146     48234496      6029312
        2944        16384         357.446     96468992     12058624
        3200            1           0.765         6400          800
        3200            2           0.813        12800         1600
        3200            4           0.859        25600         3200
        3200            8           0.932        51200         6400
        3200           16           1.119       102400        12800
        3200           32           1.504       204800        25600
        3200           64           2.252       409600        51200
        3200          128           3.750       819200       102400
        3200          256           6.769      1638400       204800
        3200          512          12.890      3276800       409600
        3200         1024          24.940      6553600       819200
        3200         2048          48.996     13107200      1638400
        3200         4096          97.148     26214400      3276800
        3200         8192         193.425     52428800      6553600
        3200        16384         385.980    104857600     13107200
        3520            1           0.803         7040          880
        3520            2           0.818        14080         1760
        3520            4           0.876        28160         3520
        3520            8           0.956        56320         7040
        3520           16           1.160       112640        14080
        3520           32           1.587       225280        28160
        3520           64           2.432       450560        56320
        3520          128           4.089       901120       112640
        3520          256           7.432      1802240       225280
        3520          512          14.226      3604480       450560
        3520         1024          27.608      7208960       901120
        3520         2048          54.353     14417920      1802240
        3520         4096         107.849     28835840      3604480
        3520         8192         214.819     57671680      7208960
        3520        16384         428.771    115343360     14417920
        3840            1           0.781         7680          960
        3840            2           0.831        15360         1920
        3840            4           0.885        30720         3840
        3840            8           0.964        61440         7680
        3840           16           1.205       122880        15360
        3840           32           1.643       245760        30720
        3840           64           2.523       491520        61440
        3840          128           4.315       983040       122880
        3840          256           7.887      1966080       245760
        3840          512          15.129      3932160       491520
        3840         1024          29.391      7864320       983040
        3840         2048          57.946     15728640      1966080
        3840         4096         114.971     31457280      3932160
        3840         8192         229.088     62914560      7864320
        4224            1           0.784         8448         1056
        4224            2           0.819        16896         2112
        4224            4           0.902        33792         4224
        4224            8           1.090        67584         8448
        4224           16           1.359       135168        16896
        4224           32           1.975       270336        33792
        4224           64           3.194       540672        67584
        4224          128           5.609      1081344       135168
        4224          256          10.577      2162688       270336
        4224          512          20.262      4325376       540672
        4224         1024          39.636      8650752      1081344
        4224         2048          78.383     17301504      2162688
        4224         4096         155.912     34603008      4325376
        4224         8192         322.622     69206016      8650752
        4608            1           0.900         9216         1152
        4608            2           0.814        18432         2304
        4608            4           0.913        36864         4608
        4608            8           1.004        73728         9216
        4608           16           1.279       147456        18432
        4608           32           1.806       294912        36864
        4608           64           2.852       589824        73728
        4608          128           5.004      1179648       147456
        4608          256           9.235      2359296       294912
        4608          512          17.788      4718592       589824
        4608         1024          34.730      9437184      1179648
        4608         2048          68.639     18874368      2359296
        4608         4096         136.364     37748736      4718592
        4608         8192         271.865     75497472      9437184
        5056            1           0.892        10112         1264
        5056            2           0.841        20224         2528
        5056            4           0.953        40448         5056
        5056            8           1.090        80896        10112
        5056           16           1.447       161792        20224
        5056           32           2.148       323584        40448
        5056           64           3.471       647168        80896
        5056          128           5.581      1294336       161792
        5056          256          11.068      2588672       323584
        5056          512          22.055      5177344       647168
        5056         1024          44.370     10354688      1294336
        5056         2048          88.403     20709376      2588672
        5056         4096         177.122     41418752      5177344
        5056         8192         354.261     82837504     10354688
        5504            1           0.984        11008         1376
        5504            2           0.837        22016         2752
        5504            4           0.944        44032         5504
        5504            8           1.140        88064        11008
        5504           16           1.509       176128        22016
        5504           32           2.253       352256        44032
        5504           64           3.738       704512        88064
        5504          128           5.915      1409024       176128
        5504          256          12.616      2818048       352256
        5504          512          23.742      5636096       704512
        5504         1024          47.518     11272192      1409024
        5504         2048          94.958     22544384      2818048
        5504         4096         190.017     45088768      5636096
        5504         8192         380.039     90177536     11272192
        6016            1           0.791        12032         1504
        6016            2           0.829        24064         3008
        6016            4           0.981        48128         6016
        6016            8           1.263        96256        12032
        6016           16           1.676       192512        24064
        6016           32           2.374       385024        48128
        6016           64           3.931       770048        96256
        6016          128           7.296      1540096       192512
        6016          256          13.490      3080192       385024
        6016          512          26.275      6160384       770048
        6016         1024          50.770     12320768      1540096
        6016         2048         102.613     24641536      3080192
        6016         4096         204.167     49283072      6160384
        6016         8192         407.415     98566144     12320768
        6592            1           0.830        13184         1648
        6592            2           0.915        26368         3296
        6592            4           0.992        52736         6592
        6592            8           1.216       105472        13184
        6592           16           1.618       210944        26368
        6592           32           2.473       421888        52736
        6592           64           4.158       843776       105472
        6592          128           7.615      1687552       210944
        6592          256          14.282      3375104       421888
        6592          512          27.934      6750208       843776
        6592         1024          54.835     13500416      1687552
        6592         2048         109.080     27000832      3375104
        6592         4096         216.329     54001664      6750208
        6592         8192         433.611    108003328     13500416
        7232            1           0.800        14464         1808
        7232            2           0.841        28928         3616
        7232            4           1.057        57856         7232
        7232            8           1.264       115712        14464
        7232           16           1.679       231424        28928
        7232           32           2.693       462848        57856
        7232           64           4.527       925696       115712
        7232          128           8.100      1851392       231424
        7232          256          18.219      3702784       462848
        7232          512          29.935      7405568       925696
        7232         1024          58.854     14811136      1851392
        7232         2048         117.500     29622272      3702784
        7232         4096         232.804     59244544      7405568
        7232         8192         467.021    118489088     14811136
        7936            1           0.803        15872         1984
        7936            2           0.869        31744         3968
        7936            4           1.008        63488         7936
        7936            8           1.260       126976        15872
        7936           16           1.813       253952        31744
        7936           32           2.939       507904        63488
        7936           64           4.804      1015808       126976
        7936          128           8.683      2031616       253952
        7936          256          16.591      4063232       507904
        7936          512          32.176      8126464      1015808
        7936         1024          63.435     16252928      2031616
        7936         2048         126.159     32505856      4063232
        7936         4096         251.251     65011712      8126464
        8704            1           0.791        17408         2176
        8704            2           0.879        34816         4352
        8704            4           0.995        69632         8704
        8704            8           1.283       139264        17408
        8704           16           1.828       278528        34816
        8704           32           2.889       557056        69632
        8704           64           5.009      1114112       139264
        8704          128           9.239      2228224       278528
        8704          256          17.670      4456448       557056
        8704          512          34.666      8912896      1114112
        8704         1024          68.389     17825792      2228224
        8704         2048         136.159     35651584      4456448
        8704         4096         271.220     71303168      8912896
        9536            1           0.799        19072         2384
        9536            2           0.884        38144         4768
        9536            4           1.079        76288         9536
        9536            8           1.343       152576        19072
        9536           16           1.905       305152        38144
        9536           32           3.044       610304        76288
        9536           64           5.288      1220608       152576
        9536          128           9.820      2441216       305152
        9536          256          18.855      4882432       610304
        9536          512          37.021      9764864      1220608
        9536         1024          73.134     19529728      2441216
        9536         2048         145.334     39059456      4882432
        9536         4096         289.741     78118912      9764864
       10432            1           0.817        20864         2608
       10432            2           0.879        41728         5216
       10432            4           1.037        83456        10432
       10432            8           1.358       166912        20864
       10432           16           1.994       333824        41728
       10432           32           3.205       667648        83456
       10432           64           5.636      1335296       166912
       10432          128          10.489      2670592       333824
       10432          256          20.310      5341184       667648
       10432          512          39.691     10682368      1335296
       10432         1024          78.616     21364736      2670592
       10432         2048         156.031     42729472      5341184
       10432         4096         311.149     85458944     10682368
       11456            1           0.836        22912         2864
       11456            2           0.886        45824         5728
       11456            4           1.063        91648        11456
       11456            8           1.401       183296        22912
       11456           16           2.083       366592        45824
       11456           32           3.399       733184        91648
       11456           64           6.031      1466368       183296
       11456          128          11.275      2932736       366592
       11456          256          21.745      5865472       733184
       11456          512          42.848     11730944      1466368
       11456         1024          84.711     23461888      2932736
       11456         2048         168.798     46923776      5865472
       11456         4096         342.985     93847552     11730944
       12544            1           0.821        25088         3136
       12544            2           0.912        50176         6272
       12544            4           1.281       100352        12544
       12544            8           1.468       200704        25088
       12544           16           2.368       401408        50176
       12544           32           3.699       802816       100352
       12544           64           6.594      1605632       200704
       12544          128          12.154      3211264       401408
       12544          256          23.639      6422528       802816
       12544          512          46.414     12845056      1605632
       12544         1024          91.777     25690112      3211264
       12544         2048         182.569     51380224      6422528
       12544         4096         363.993    102760448     12845056
       13760            1           0.836        27520         3440
       13760            2           0.928        55040         6880
       13760            4           1.143       110080        13760
       13760            8           1.599       220160        27520
       13760           16           2.515       440320        55040
       13760           32           3.831       880640       110080
       13760           64           6.894      1761280       220160
       13760          128          12.988      3522560       440320
       13760          256          25.191      7045120       880640
       13760          512          49.727     14090240      1761280
       13760         1024          98.465     28180480      3522560
       13760         2048         196.136     56360960      7045120
       13760         4096         391.381    112721920     14090240
       15104            1           0.841        30208         3776
       15104            2           0.927        60416         7552
       15104            4           1.171       120832        15104
       15104            8           1.622       241664        30208
       15104           16           2.440       483328        60416
       15104           32           4.119       966656       120832
       15104           64           7.392      1933312       241664
       15104          128          14.115      3866624       483328
       15104          256          27.541      7733248       966656
       15104          512          54.176     15466496      1933312
       15104         1024         107.414     30932992      3866624
       15104         2048         213.927     61865984      7733248
       15104         4096         426.910    123731968     15466496
       16576            1           0.961        33152         4144
       16576            2           0.986        66304         8288
       16576            4           1.230       132608        16576
       16576            8           1.646       265216        33152
       16576           16           2.574       530432        66304
       16576           32           4.370      1060864       132608
       16576           64           7.970      2121728       265216
       16576          128          15.174      4243456       530432
       16576          256          29.447      8486912      1060864
       16576          512          58.772     16973824      2121728
       16576         1024         116.240     33947648      4243456
       16576         2048         230.065     67895296      8486912
       18176            1           1.040        36352         4544
       18176            2           0.988        72704         9088
       18176            4           1.229       145408        18176
       18176            8           1.720       290816        36352
       18176           16           2.733       581632        72704
       18176           32           4.695      1163264       145408
       18176           64           8.621      2326528       290816
       18176          128          16.633      4653056       581632
       18176          256          32.261      9306112      1163264
       18176          512          63.701     18612224      2326528
       18176         1024         126.359     37224448      4653056
       18176         2048         251.777     74448896      9306112
       19968            1           1.060        39936         4992
       19968            2           1.018        79872         9984
       19968            4           1.278       159744        19968
       19968            8           1.803       319488        39936
       19968           16           2.890       638976        79872
       19968           32           5.029      1277952       159744
       19968           64           9.275      2555904       319488
       19968          128          17.759      5111808       638976
       19968          256          34.846     10223616      1277952
       19968          512          68.822     20447232      2555904
       19968         1024         136.829     40894464      5111808
       19968         2048         276.196     81788928     10223616
       21952            1           0.891        43904         5488
       21952            2           1.012        87808        10976
       21952            4           1.312       175616        21952
       21952            8           1.922       351232        43904
       21952           16           3.150       702464        87808
       21952           32           5.541      1404928       175616
       21952           64           9.998      2809856       351232
       21952          128          19.236      5619712       702464
       21952          256          37.693     11239424      1404928
       21952          512          74.678     22478848      2809856
       21952         1024         148.675     44957696      5619712
       21952         2048         295.987     89915392     11239424
       24128            1           0.887        48256         6032
       24128            2           1.179        96512        12064
       24128            4           1.373       193024        24128
       24128            8           2.120       386048        48256
       24128           16           3.289       772096        96512
       24128           32           5.989      1544192       193024
       24128           64          10.932      3088384       386048
       24128          128          21.039      6176768       772096
       24128          256          41.201     12353536      1544192
       24128          512          81.616     24707072      3088384
       24128         1024         162.042     49414144      6176768
       24128         2048         322.116     98828288     12353536
       26496            1           0.918        52992         6624
       26496            2           1.082       105984        13248
       26496            4           1.439       211968        26496
       26496            8           2.174       423936        52992
       26496           16           3.520       847872       105984
       26496           32           6.308      1695744       211968
       26496           64          11.779      3391488       423936
       26496          128          22.771      6782976       847872
       26496          256          44.853     13565952      1695744
       26496          512          88.936     27131904      3391488
       26496         1024         176.722     54263808      6782976
       26496         2048         352.529    108527616     13565952
       29120            1           0.930        58240         7280
       29120            2           1.115       116480        14560
       29120            4           1.500       232960        29120
       29120            8           2.254       465920        58240
       29120           16           3.776       931840       116480
       29120           32           6.787      1863680       232960
       29120           64          12.748      3727360       465920
       29120          128          24.803      7454720       931840
       29120          256          49.026     14909440      1863680
       29120          512          97.470     29818880      3727360
       29120         1024         193.184     59637760      7454720
       29120         2048         387.017    119275520     14909440
       32000            1           0.928        64000         8000
       32000            2           1.130       128000        16000
       32000            4           1.564       256000        32000
       32000            8           2.390       512000        64000
       32000           16           4.072      1024000       128000
       32000           32           7.343      2048000       256000
       32000           64          13.879      4096000       512000
       32000          128          26.993      8192000      1024000
       32000          256          53.266     16384000      2048000
       32000          512         105.586     32768000      4096000
       32000         1024         210.264     65536000      8192000
       35200            1           1.298        70400         8800
       35200            2           1.187       140800        17600
       35200            4           1.637       281600        35200
       35200            8           2.550       563200        70400
       35200           16           4.460      1126400       140800
       35200           32           7.937      2252800       281600
       35200           64          15.188      4505600       563200
       35200          128          29.530      9011200      1126400
       35200          256          58.068     18022400      2252800
       35200          512         115.376     36044800      4505600
       35200         1024         229.823     72089600      9011200
       38720            1           1.053        77440         9680
       38720            2           1.224       154880        19360
       38720            4           1.780       309760        38720
       38720            8           2.708       619520        77440
       38720           16           4.697      1239040       154880
       38720           32           8.710      2478080       309760
       38720           64          16.548      4956160       619520
       38720          128          32.158      9912320      1239040
       38720          256          63.428     19824640      2478080
       38720          512         131.528     39649280      4956160
       38720         1024         251.226     79298560      9912320
       42560            1           1.007        85120        10640
       42560            2           1.420       170240        21280
       42560            4           1.843       340480        42560
       42560            8           2.922       680960        85120
       42560           16           5.047      1361920       170240
       42560           32           9.343      2723840       340480
       42560           64          17.906      5447680       680960
       42560          128          35.012     10895360      1361920
       42560          256          69.226     21790720      2723840
       42560          512         137.867     43581440      5447680
       42560         1024         274.186     87162880     10895360
       46784            1           1.037        93568        11696
       46784            2           1.307       187136        23392
       46784            4           1.896       374272        46784
       46784            8           3.074       748544        93568
       46784           16           5.477      1497088       187136
       46784           32          10.149      2994176       374272
       46784           64          19.524      5988352       748544
       46784          128          38.320     11976704      1497088
       46784          256          75.493     23953408      2994176
       46784          512         151.110     47906816      5988352
       46784         1024         300.305     95813632     11976704
       51456            1           1.047       102912        12864
       51456            2           1.386       205824        25728
       51456            4           2.140       411648        51456
       51456            8           3.349       823296       102912
       51456           16           5.919      1646592       205824
       51456           32          11.052      3293184       411648
       51456           64          21.331      6586368       823296
       51456          128          41.853     13172736      1646592
       51456          256          82.931     26345472      3293184
       51456          512         165.160     52690944      6586368
       51456         1024         329.389    105381888     13172736
       56576            1           1.090       113152        14144
       56576            2           1.426       226304        28288
       56576            4           2.148       452608        56576
       56576            8           3.557       905216       113152
       56576           16           6.482      1810432       226304
       56576           32          12.029      3620864       452608
       56576           64          23.517      7241728       905216
       56576          128          45.767     14483456      1810432
       56576          256          90.715     28966912      3620864
       56576          512         180.783     57933824      7241728
       56576         1024         360.532    115867648     14483456
       62208            1           1.320       124416        15552
       62208            2           1.493       248832        31104
       62208            4           2.274       497664        62208
       62208            8           3.987       995328       124416
       62208           16           6.961      1990656       248832
       62208           32          13.129      3981312       497664
       62208           64          25.651      7962624       995328
       62208          128          50.203     15925248      1990656
       62208          256          99.507     31850496      3981312
       62208          512         198.289     63700992      7962624
       68416            1           1.242       136832        17104
       68416            2           1.573       273664        34208
       68416            4           2.534       547328        68416
       68416            8           4.227      1094656       136832
       68416           16           7.699      2189312       273664
       68416           32          14.274      4378624       547328
       68416           64          27.855      8757248      1094656
       68416          128          54.758     17514496      2189312
       68416          256         108.738     35028992      4378624
       68416          512         216.680     70057984      8757248
       75200            1           1.335       150400        18800
       75200            2           1.653       300800        37600
       75200            4           2.601       601600        75200
       75200            8           4.460      1203200       150400
       75200           16           8.145      2406400       300800
       75200           32          15.590      4812800       601600
       75200           64          30.383      9625600      1203200
       75200          128          63.865     19251200      2406400
       75200          256         119.207     38502400      4812800
       75200          512         237.816     77004800      9625600
       82688            1           1.259       165376        20672
       82688            2           1.757       330752        41344
       82688            4           2.791       661504        82688
       82688            8           4.809      1323008       165376
       82688           16           8.893      2646016       330752
       82688           32          17.168      5292032       661504
       82688           64          33.241     10584064      1323008
       82688          128          65.685     21168128      2646016
       82688          256         130.642     42336256      5292032
       82688          512         260.436     84672512     10584064
       90944            1           1.333       181888        22736
       90944            2           1.944       363776        45472
       90944            4           2.978       727552        90944
       90944            8           5.365      1455104       181888
       90944           16           9.783      2910208       363776
       90944           32          18.658      5820416       727552
       90944           64          36.427     11640832      1455104
       90944          128          72.144     23281664      2910208
       90944          256         143.096     46563328      5820416
       90944          512         285.584     93126656     11640832
      100032            1           0.964       200064        25008
      100032            2           2.032       400128        50016
      100032            4           3.181       800256       100032
      100032            8           5.665      1600512       200064
      100032           16          10.548      3201024       400128
      100032           32          20.333      6402048       800256
      100032           64          39.861     12804096      1600512
      100032          128          79.054     25608192      3201024
      100032          256         157.426     51216384      6402048
      100032          512         312.764    102432768     12804096
      110016            1           1.615       220032        27504
      110016            2           2.221       440064        55008
      110016            4           3.424       880128       110016
      110016            8           6.099      1760256       220032
      110016           16          11.492      3520512       440064
      110016           32          22.409      7041024       880128
      110016           64          43.675     14082048      1760256
      110016          128          86.441     28164096      3520512
      110016          256         172.261     56328192      7041024
      110016          512         344.217    112656384     14082048
      120960            1           1.524       241920        30240
      120960            2           2.218       483840        60480
      120960            4           3.730       967680       120960
      120960            8           6.790      1935360       241920
      120960           16          12.530      3870720       483840
      120960           32          24.511      7741440       967680
      120960           64          47.788     15482880      1935360
      120960          128          94.796     30965760      3870720
      120960          256         188.804     61931520      7741440
      120960          512         376.884    123863040     15482880
      133056            1           1.529       266112        33264
      133056            2           2.352       532224        66528
      133056            4           3.960      1064448       133056
      133056            8           7.275      2128896       266112
      133056           16          13.775      4257792       532224
      133056           32          26.599      8515584      1064448
      133056           64          52.627     17031168      2128896
      133056          128         104.064     34062336      4257792
      133056          256         217.624     68124672      8515584
      146304            1           2.015       292608        36576
      146304            2           2.565       585216        73152
      146304            4           4.319      1170432       146304
      146304            8           7.865      2340864       292608
      146304           16          14.978      4681728       585216
      146304           32          29.122      9363456      1170432
      146304           64          57.431     18726912      2340864
      146304          128         114.060     37453824      4681728
      146304          256         227.349     74907648      9363456
      160896            1           2.205       321792        40224
      160896            2           2.680       643584        80448
      160896            4           4.634      1287168       160896
      160896            8           8.552      2574336       321792
      160896           16          16.337      5148672       643584
      160896           32          32.040     10297344      1287168
      160896           64          63.018     20594688      2574336
      160896          128         125.212     41189376      5148672
      160896          256         249.731     82378752     10297344
      176960            1           2.350       353920        44240
      176960            2           2.906       707840        88480
      176960            4           5.043      1415680       176960
      176960            8           9.320      2831360       353920
      176960           16          17.882      5662720       707840
      176960           32          34.972     11325440      1415680
      176960           64          69.146     22650880      2831360
      176960          128         137.439     45301760      5662720
      176960          256         274.122     90603520     11325440
      194624            1           2.121       389248        48656
      194624            2           3.116       778496        97312
      194624            4           5.461      1556992       194624
      194624            8          10.460      3113984       389248
      194624           16          19.715      6227968       778496
      194624           32          38.345     12455936      1556992
      194624           64          75.869     24911872      3113984
      194624          128         150.944     49823744      6227968
      194624          256         301.042     99647488     12455936
      214080            1           2.816       428160        53520
      214080            2           3.397       856320       107040
      214080            4           5.966      1712640       214080
      214080            8          11.119      3425280       428160
      214080           16          21.468      6850560       856320
      214080           32          42.101     13701120      1712640
      214080           64          83.338     27402240      3425280
      214080          128         165.809     54804480      6850560
      214080          256         331.110    109608960     13701120
      235456            1           2.786       470912        58864
      235456            2           3.729       941824       117728
      235456            4           6.559      1883648       235456
      235456            8          12.218      3767296       470912
      235456           16          23.571      7534592       941824
      235456           32          46.227     15069184      1883648
      235456           64          91.610     30138368      3767296
      235456          128         182.274     60276736      7534592
      235456          256         363.543    120553472     15069184
      258944            1           2.609       517888        64736
      258944            2           4.109      1035776       129472
      258944            4           7.211      2071552       258944
      258944            8          13.579      4143104       517888
      258944           16          25.925      8286208      1035776
      258944           32          50.810     16572416      2071552
      258944           64         100.571     33144832      4143104
      258944          128         204.315     66289664      8286208
      284800            1           3.499       569600        71200
      284800            2           4.606      1139200       142400
      284800            4           8.396      2278400       284800
      284800            8          16.106      4556800       569600
      284800           16          30.947      9113600      1139200
      284800           32          62.116     18227200      2278400
      284800           64         124.210     36454400      4556800
      284800          128         248.694     72908800      9113600
      313280            1           3.560       626560        78320
      313280            2           5.146      1253120       156640
      313280            4           9.434      2506240       313280
      313280            8          17.748      5012480       626560
      313280           16          35.011     10024960      1253120
      313280           32          69.956     20049920      2506240
      313280           64         140.331     40099840      5012480
      313280          128         280.907     80199680     10024960
      344576            1           4.214       689152        86144
      344576            2           5.524      1378304       172288
      344576            4          10.279      2756608       344576
      344576            8          19.938      5513216       689152
      344576           16          38.698     11026432      1378304
      344576           32          77.093     22052864      2756608
      344576           64         154.398     44105728      5513216
      344576          128         308.703     88211456     11026432
      379008            1           4.451       758016        94752
      379008            2           6.063      1516032       189504
      379008            4          11.292      3032064       379008
      379008            8          21.284      6064128       758016
      379008           16          42.406     12128256      1516032
      379008           32          84.707     24256512      3032064
      379008           64         169.815     48513024      6064128
      379008          128         339.577     97026048     12128256
      416896            1           5.485       833792       104224
      416896            2           6.735      1667584       208448
      416896            4          12.294      3335168       416896
      416896            8          23.914      6670336       833792
      416896           16          47.303     13340672      1667584
      416896           32          93.270     26681344      3335168
      416896           64         186.557     53362688      6670336
      416896          128         373.601    106725376     13340672
      458560            1           5.429       917120       114640
      458560            2           7.093      1834240       229280
      458560            4          13.566      3668480       458560
      458560            8          26.254      7336960       917120
      458560           16          51.102     14673920      1834240
      458560           32         102.439     29347840      3668480
      458560           64         205.178     58695680      7336960
      458560          128         413.907    117391360     14673920
      504384            1           6.351      1008768       126096
      504384            2           7.764      2017536       252192
      504384            4          14.682      4035072       504384
      504384            8          28.763      8070144      1008768
      504384           16          56.565     16140288      2017536
      504384           32         112.576     32280576      4035072
      504384           64         225.150     64561152      8070144
      554816            1           7.195      1109632       138704
      554816            2           8.457      2219264       277408
      554816            4          16.258      4438528       554816
      554816            8          31.478      8877056      1109632
      554816           16          61.962     17754112      2219264
      554816           32         123.848     35508224      4438528
      554816           64         247.665     71016448      8877056
      610240            1           7.592      1220480       152560
      610240            2           9.336      2440960       305120
      610240            4          17.658      4881920       610240
      610240            8          34.533      9763840      1220480
      610240           16          67.966     19527680      2440960
      610240           32         136.382     39055360      4881920
      610240           64         272.565     78110720      9763840
      671232            1           8.896      1342464       167808
      671232            2          10.093      2684928       335616
      671232            4          19.377      5369856       671232
      671232            8          37.924     10739712      1342464
      671232           16          74.608     21479424      2684928
      671232           32         149.423     42958848      5369856
      671232           64         299.012     85917696     10739712
      738304            1           9.297      1476608       184576
      738304            2          11.010      2953216       369152
      738304            4          21.221      5906432       738304
      738304            8          41.577     11812864      1476608
      738304           16          82.824     23625728      2953216
      738304           32         164.413     47251456      5906432
      738304           64         329.159     94502912     11812864
      812096            1          10.850      1624192       203024
      812096            2          12.091      3248384       406048
      812096            4          23.352      6496768       812096
      812096            8          45.862     12993536      1624192
      812096           16          90.227     25987072      3248384
      812096           32         180.537     51974144      6496768
      812096           64         361.501    103948288     12993536
      893248            1          11.855      1786496       223312
      893248            2          13.177      3572992       446624
      893248            4          25.477      7145984       893248
      893248            8          50.230     14291968      1786496
      893248           16          99.222     28583936      3572992
      893248           32         201.391     57167872      7145984
      893248           64         395.038    114335744     14291968
      982528            1          12.995      1965056       245632
      982528            2          14.373      3930112       491264
      982528            4          27.855      7860224       982528
      982528            8          54.814     15720448      1965056
      982528           16         108.434     31440896      3930112
      982528           32         216.951     62881792      7860224
     1080768            1          13.783      2161536       270192
     1080768            2          15.689      4323072       540384
     1080768            4          30.539      8646144      1080768
     1080768            8          60.259     17292288      2161536
     1080768           16         119.330     34584576      4323072
     1080768           32         238.761     69169152      8646144
     1188800            1          15.847      2377600       297200
     1188800            2          17.267      4755200       594400
     1188800            4          33.617      9510400      1188800
     1188800            8          66.324     19020800      2377600
     1188800           16         131.756     38041600      4755200
     1188800           32         262.471     76083200      9510400
     1307648            1          17.250      2615296       326912
     1307648            2          18.923      5230592       653824
     1307648            4          36.884     10461184      1307648
     1307648            8          72.901     20922368      2615296
     1307648           16         144.817     41844736      5230592
     1307648           32         289.660     83689472     10461184
     1438400            1          18.564      2876800       359600
     1438400            2          21.456      5753600       719200
     1438400            4          42.048     11507200      1438400
     1438400            8          83.092     23014400      2876800
     1438400           16         165.261     46028800      5753600
     1438400           32         329.639     92057600     11507200
     1582208            1          20.389      3164416       395552
     1582208            2          24.232      6328832       791104
     1582208            4          47.180     12657664      1582208
     1582208            8          93.250     25315328      3164416
     1582208           16         185.096     50630656      6328832
     1582208           32         377.554    101261312     12657664
     1740416            1          22.016      3480832       435104
     1740416            2          26.743      6961664       870208
     1740416            4          52.142     13923328      1740416
     1740416            8         103.080     27846656      3480832
     1740416           16         205.041     55693312      6961664
     1740416           32         409.171    111386624     13923328
     1914432            1          24.674      3828864       478608
     1914432            2          29.599      7657728       957216
     1914432            4          57.165     15315456      1914432
     1914432            8         112.572     30630912      3828864
     1914432           16         224.256     61261824      7657728
     1914432           32         447.314    122523648     15315456
     2105856            1          27.771      4211712       526464
     2105856            2          32.908      8423424      1052928
     2105856            4          64.024     16846848      2105856
     2105856            8         128.094     33693696      4211712
     2105856           16         252.453     67387392      8423424
     2316416            1          31.352      4632832       579104
     2316416            2          37.030      9265664      1158208
     2316416            4          74.574     18531328      2316416
     2316416            8         148.877     37062656      4632832
     2316416           16         297.583     74125312      9265664
     2548032            1          33.868      5096064       637008
     2548032            2          42.692     10192128      1274016
     2548032            4          84.189     20384256      2548032
     2548032            8         169.014     40768512      5096064
     2548032           16         337.452     81537024     10192128
     2802816            1          38.881      5605632       700704
     2802816            2          47.764     11211264      1401408
     2802816            4          96.199     22422528      2802816
     2802816            8         192.283     44845056      5605632
     2802816           16         389.685     89690112     11211264
     3083072            1          43.174      6166144       770768
     3083072            2          53.961     12332288      1541536
     3083072            4         106.826     24664576      3083072
     3083072            8         213.653     49329152      6166144
     3083072           16         426.941     98658304     12332288
     3391360            1          47.486      6782720       847840
     3391360            2          60.790     13565440      1695680
     3391360            4         120.787     27130880      3391360
     3391360            8         240.480     54261760      6782720
     3391360           16         479.430    108523520     13565440
     3730496            1          53.501      7460992       932624
     3730496            2          66.736     14921984      1865248
     3730496            4         132.669     29843968      3730496
     3730496            8         264.340     59687936      7460992
     3730496           16         527.206    119375872     14921984
     4103488            1          58.844      8206976      1025872
     4103488            2          73.660     16413952      2051744
     4103488            4         146.126     32827904      4103488
     4103488            8         291.284     65655808      8206976
     4513792            1          66.023      9027584      1128448
     4513792            2          80.734     18055168      2256896
     4513792            4         168.190     36110336      4513792
     4513792            8         319.450     72220672      9027584
     4965120            1          72.024      9930240      1241280
     4965120            2          88.766     19860480      2482560
     4965120            4         175.777     39720960      4965120
     4965120            8         351.470     79441920      9930240
     5461632            1          79.340     10923264      1365408
     5461632            2          97.526     21846528      2730816
     5461632            4         193.966     43693056      5461632
     5461632            8         386.679     87386112     10923264
     6007744            1          87.930     12015488      1501936
     6007744            2         107.282     24030976      3003872
     6007744            4         212.544     48061952      6007744
     6007744            8         425.098     96123904     12015488
     6608512            1          95.929     13217024      1652128
     6608512            2         117.645     26434048      3304256
     6608512            4         234.365     52868096      6608512
     6608512            8         467.554    105736192     13217024
     7269312            1         105.116     14538624      1817328
     7269312            2         129.510     29077248      3634656
     7269312            4         262.710     58154496      7269312
     7269312            8         514.106    116308992     14538624
     7996224            1         116.209     15992448      1999056
     7996224            2         142.240     31984896      3998112
     7996224            4         283.003     63969792      7996224
     8795840            1         128.689     17591680      2198960
     8795840            2         156.459     35183360      4397920
     8795840            4         311.630     70366720      8795840
     9675392            1         142.485     19350784      2418848
     9675392            2         171.843     38701568      4837696
     9675392            4         342.002     77403136      9675392
    10642880            1         155.555     21285760      2660720
    10642880            2         188.542     42571520      5321440
    10642880            4         376.512     85143040     10642880
    11707136            1         173.153     23414272      2926784
    11707136            2         207.193     46828544      5853568
    11707136            4         423.543     93657088     11707136
    12877824            1         191.899     25755648      3219456
    12877824            2         231.278     51511296      6438912
    12877824            4         459.086    103022592     12877824
    14165568            1         214.879     28331136      3541392
    14165568            2         255.678     56662272      7082784
    14165568            4         507.705    113324544     14165568
    15582080            1         235.193     31164160      3895520
    15582080            2         292.504     62328320      7791040
    15582080            4         582.313    124656640     15582080
    17140288            1         259.851     34280576      4285072
    17140288            2         355.354     68561152      8570144
    18854272            1         297.805     37708544      4713568
    18854272            2         568.713     75417088      9427136
    20739648            1         415.497     41479296      5184912
    20739648            2         985.745     82958592     10369824
    22813568            1         674.578     45627136      5703392
    22813568            2        1683.492     91254272     11406784
    25094912            1        1054.220     50189824      6273728
    25094912            2        2516.405    100379648     12547456
    27604352            1        1493.615     55208704      6901088
    27604352            2        3468.732    110417408     13802176
    30364736            1        1938.414     60729472      7591184
    30364736            2        4256.041    121458944     15182368
    33401152            1        2355.057     66802304      8350288
    36741248            1        2789.871     73482496      9185312
    40415360            1        3135.767     80830720     10103840
    44456896            1        3500.623     88913792     11114224
    48902528            1        3900.014     97805056     12225632
    53792768            1        4287.007    107585536     13448192
    59172032            1        4703.187    118344064     14793008

META_DATA
MPI_PROCS      1
OPENMP_THREADS 8
FLOPS          2
ERT_VERSION  1.0.0
TIMESTAMP_DATA  1594852873.12
HOSTNAME  ('apollo-PowerEdge-R430', [], ['127.0.1.1'])
UNAME  ('Linux', 'apollo-PowerEdge-R430', '4.19.129-0419129-generic', '#202006220433 SMP Mon Jun 22 09:12:54 UTC 2020', 'x86_64', 'x86_64')
CONFIG  {'ERT_WORKING_SET_MIN': ['1'], 'ERT_CFLAGS': ['-O3'], 'ERT_CC': ['gcc'], 'ERT_MPI_CFLAGS': [], 'ERT_MPI_LDFLAGS': [], 'ERT_MEMORY_MAX': ['62497788'], 'ERT_PROCS_THREADS': ['8'], 'ERT_LDFLAGS': [], 'ERT_LDLIBS': [], 'ERT_SPEC_GBYTES_DRAM': ['1.0'], 'ERT_RUN': ['export', 'KMP_AFFINITY=scatter;', 'export', 'OMP_NUM_THREADS=ERT_OPENMP_THREADS;', 'ERT_CODE'], 'ERT_FLOPS': ['1,2,4,8,16'], 'ERT_OPENMP_CFLAGS': ['-fopenmp'], 'ERT_SPEC_GFLOPS': ['1.0'], 'ERT_MPI': ['False'], 'ERT_TRIALS_MIN': ['1'], 'ERT_DRIVER': ['driver1'], 'ERT_RESULTS': ['Results.x86'], 'ERT_OPENMP': ['True'], 'ERT_MPI_PROCS': ['1'], 'ERT_KERNEL': ['kernel1'], 'ERT_OPENMP_THREADS': ['1-32'], 'ERT_LD': ['gcc'], 'ERT_NUM_EXPERIMENTS': ['6'], 'ERT_OPENMP_LDFLAGS': ['-fopenmp'], 'ERT_ALIGN': ['32'], 'ERT_GNUPLOT': ['gnuplot']}
