          64            1           1.735          128           16
          64            2           0.774          256           32
          64            4           0.796          512           64
          64            8           0.769         1024          128
          64           16           0.773         2048          256
          64           32           0.841         4096          512
          64           64           1.017         8192         1024
          64          128           1.358        16384         2048
          64          256           2.062        32768         4096
          64          512           3.355        65536         8192
          64         1024           6.057       131072        16384
          64         2048          11.381       262144        32768
          64         4096          23.331       524288        65536
          64         8192          46.530      1048576       131072
          64        16384          93.468      2097152       262144
          64        32768         187.178      4194304       524288
          64        65536         374.617      8388608      1048576
          64       131072         760.514     16777216      2097152
          64       262144        1499.402     33554432      4194304
          64       524288        3003.565     67108864      8388608
         128            1           0.756          256           32
         128            2           0.869          512           64
         128            4           0.762         1024          128
         128            8           0.784         2048          256
         128           16           0.794         4096          512
         128           32           0.866         8192         1024
         128           64           1.028        16384         2048
         128          128           1.365        32768         4096
         128          256           2.034        65536         8192
         128          512           3.365       131072        16384
         128         1024           6.086       262144        32768
         128         2048          11.560       524288        65536
         128         4096          23.219      1048576       131072
         128         8192          46.688      2097152       262144
         128        16384          93.460      4194304       524288
         128        32768         187.382      8388608      1048576
         128        65536         374.575     16777216      2097152
         128       131072         749.509     33554432      4194304
         128       262144        1499.447     67108864      8388608
         192            1           0.762          384           48
         192            2           0.762          768           96
         192            4           0.791         1536          192
         192            8           0.815         3072          384
         192           16           0.793         6144          768
         192           32           0.877        12288         1536
         192           64           1.144        24576         3072
         192          128           1.380        49152         6144
         192          256           2.044        98304        12288
         192          512           3.399       196608        24576
         192         1024           6.123       393216        49152
         192         2048          11.654       786432        98304
         192         4096          23.131      1572864       196608
         192         8192          46.548      3145728       393216
         192        16384          93.446      6291456       786432
         192        32768         187.112     12582912      1572864
         192        65536         378.915     25165824      3145728
         192       131072         709.817     50331648      6291456
         192       262144        1370.031    100663296     12582912
         256            1           0.769          512           64
         256            2           0.772         1024          128
         256            4           0.785         2048          256
         256            8           0.781         4096          512
         256           16           0.796         8192         1024
         256           32           0.880        16384         2048
         256           64           1.028        32768         4096
         256          128           1.370        65536         8192
         256          256           2.035       131072        16384
         256          512           3.365       262144        32768
         256         1024           6.047       524288        65536
         256         2048          11.404      1048576       131072
         256         4096          22.087      2097152       262144
         256         8192          43.497      4194304       524288
         256        16384          86.291      8388608      1048576
         256        32768         171.867     16777216      2097152
         256        65536         343.018     33554432      4194304
         256       131072         685.346     67108864      8388608
         320            1           0.748          640           80
         320            2           0.758         1280          160
         320            4           0.788         2560          320
         320            8           0.813         5120          640
         320           16           0.835        10240         1280
         320           32           0.884        20480         2560
         320           64           1.067        40960         5120
         320          128           1.385        81920        10240
         320          256           2.054       163840        20480
         320          512           3.377       327680        40960
         320         1024           6.156       655360        81920
         320         2048          11.472      1310720       163840
         320         4096          22.128      2621440       327680
         320         8192          43.508      5242880       655360
         320        16384         102.132     10485760      1310720
         320        32768         171.891     20971520      2621440
         320        65536         343.035     41943040      5242880
         320       131072         685.356     83886080     10485760
         384            1           0.758          768           96
         384            2           0.758         1536          192
         384            4           0.777         3072          384
         384            8           0.787         6144          768
         384           16           0.814        12288         1536
         384           32           0.889        24576         3072
         384           64           1.061        49152         6144
         384          128           1.374        98304        12288
         384          256           2.051       196608        24576
         384          512           3.389       393216        49152
         384         1024           6.058       786432        98304
         384         2048          11.413      1572864       196608
         384         4096          22.113      3145728       393216
         384         8192          43.506      6291456       786432
         384        16384          86.303     12582912      1572864
         384        32768         171.874     25165824      3145728
         384        65536         343.045     50331648      6291456
         384       131072         685.357    100663296     12582912
         448            1           0.753          896          112
         448            2           0.774         1792          224
         448            4           0.790         3584          448
         448            8           0.788         7168          896
         448           16           0.827        14336         1792
         448           32           0.945        28672         3584
         448           64           1.131        57344         7168
         448          128           1.433       114688        14336
         448          256           2.111       229376        28672
         448          512           3.447       458752        57344
         448         1024           6.082       917504       114688
         448         2048          11.641      1835008       229376
         448         4096          22.157      3670016       458752
         448         8192          43.560      7340032       917504
         448        16384          86.393     14680064      1835008
         448        32768         171.941     29360128      3670016
         448        65536         343.133     58720256      7340032
         448       131072         692.164    117440512     14680064
         512            1           0.731         1024          128
         512            2           0.752         2048          256
         512            4           0.774         4096          512
         512            8           0.785         8192         1024
         512           16           0.834        16384         2048
         512           32           0.934        32768         4096
         512           64           1.078        65536         8192
         512          128           1.412       131072        16384
         512          256           2.080       262144        32768
         512          512           3.417       524288        65536
         512         1024           6.253      1048576       131072
         512         2048          11.448      2097152       262144
         512         4096          22.147      4194304       524288
         512         8192          43.590      8388608      1048576
         512        16384          86.353     16777216      2097152
         512        32768         171.898     33554432      4194304
         512        65536         343.205     67108864      8388608
         576            1           0.738         1152          144
         576            2           0.805         2304          288
         576            4           0.874         4608          576
         576            8           0.940         9216         1152
         576           16           1.008        18432         2304
         576           32           0.964        36864         4608
         576           64           1.145        73728         9216
         576          128           1.501       147456        18432
         576          256           2.234       294912        36864
         576          512           3.682       589824        73728
         576         1024           6.584      1179648       147456
         576         2048          12.372      2359296       294912
         576         4096          24.000      4718592       589824
         576         8192          47.169      9437184      1179648
         576        16384          93.498     18874368      2359296
         576        32768         186.218     37748736      4718592
         576        65536         371.639     75497472      9437184
         640            1           0.731         1280          160
         640            2           0.751         2560          320
         640            4           0.773         5120          640
         640            8           0.778        10240         1280
         640           16           0.845        20480         2560
         640           32           0.947        40960         5120
         640           64           1.138        81920        10240
         640          128           1.524       163840        20480
         640          256           2.306       327680        40960
         640          512           3.882       655360        81920
         640         1024           7.003      1310720       163840
         640         2048          13.346      2621440       327680
         640         4096          25.879      5242880       655360
         640         8192          50.836     10485760      1310720
         640        16384         100.714     20971520      2621440
         640        32768         200.567     41943040      5242880
         640        65536         400.288     83886080     10485760
         704            1           0.941         1408          176
         704            2           0.839         2816          352
         704            4           0.898         5632          704
         704            8           0.979        11264         1408
         704           16           0.884        22528         2816
         704           32           0.969        45056         5632
         704           64           1.364        90112        11264
         704          128           1.677       180224        22528
         704          256           2.679       360448        45056
         704          512           4.328       720896        90112
         704         1024           7.896      1441792       180224
         704         2048          15.149      2883584       360448
         704         4096          29.432      5767168       720896
         704         8192          57.936     11534336      1441792
         704        16384         115.018     23068672      2883584
         704        32768         229.133     46137344      5767168
         704        65536         457.339     92274688     11534336
         768            1           0.746         1536          192
         768            2           0.754         3072          384
         768            4           0.762         6144          768
         768            8           0.789        12288         1536
         768           16           0.847        24576         3072
         768           32           0.971        49152         6144
         768           64           1.190        98304        12288
         768          128           1.641       196608        24576
         768          256           2.529       393216        49152
         768          512           4.318       786432        98304
         768         1024           7.890      1572864       196608
         768         2048          15.128      3145728       393216
         768         4096          29.391      6291456       786432
         768         8192          57.923     12582912      1572864
         768        16384         114.971     25165824      3145728
         768        32768         229.076     50331648      6291456
         768        65536         462.408    100663296     12582912
         832            1           0.731         1664          208
         832            2           0.760         3328          416
         832            4           0.772         6656          832
         832            8           0.808        13312         1664
         832           16           0.884        26624         3328
         832           32           1.027        53248         6656
         832           64           1.267       106496        13312
         832          128           1.745       212992        26624
         832          256           2.739       425984        53248
         832          512           4.789       851968       106496
         832         1024           8.773      1703936       212992
         832         2048          16.911      3407872       425984
         832         4096          32.983      6815744       851968
         832         8192          65.059     13631488      1703936
         832        16384         129.276     27262976      3407872
         832        32768         257.673     54525952      6815744
         832        65536         514.376    109051904     13631488
         896            1           0.764         1792          224
         896            2           0.771         3584          448
         896            4           0.791         7168          896
         896            8           0.805        14336         1792
         896           16           0.868        28672         3584
         896           32           1.010        57344         7168
         896           64           1.250       114688        14336
         896          128           1.758       229376        28672
         896          256           2.762       458752        57344
         896          512           4.900       917504       114688
         896         1024           8.859      1835008       229376
         896         2048          16.937      3670016       458752
         896         4096          32.968      7340032       917504
         896         8192          65.121     14680064      1835008
         896        16384         129.269     29360128      3670016
         896        32768         257.677     58720256      7340032
         896        65536         514.356    117440512     14680064
         960            1           0.732         1920          240
         960            2           0.764         3840          480
         960            4           0.773         7680          960
         960            8           0.811        15360         1920
         960           16           0.881        30720         3840
         960           32           1.033        61440         7680
         960           64           1.316       122880        15360
         960          128           1.843       245760        30720
         960          256           2.985       491520        61440
         960          512           5.219       983040       122880
         960         1024           9.672      1966080       245760
         960         2048          18.701      3932160       491520
         960         4096          36.568      7864320       983040
         960         8192          72.192     15728640      1966080
         960        16384         143.551     31457280      3932160
         960        32768         286.173     62914560      7864320
        1024            1           0.734         2048          256
        1024            2           0.747         4096          512
        1024            4           0.768         8192         1024
        1024            8           0.799        16384         2048
        1024           16           0.874        32768         4096
        1024           32           1.023        65536         8192
        1024           64           1.280       131072        16384
        1024          128           1.874       262144        32768
        1024          256           2.991       524288        65536
        1024          512           5.220      1048576       131072
        1024         1024           9.679      2097152       262144
        1024         2048          18.698      4194304       524288
        1024         4096          36.542      8388608      1048576
        1024         8192          72.241     16777216      2097152
        1024        16384         143.513     33554432      4194304
        1024        32768         285.850     67108864      8388608
        1088            1           0.749         2176          272
        1088            2           0.755         4352          544
        1088            4           0.934         8704         1088
        1088            8           0.814        17408         2176
        1088           16           0.916        34816         4352
        1088           32           1.080        69632         8704
        1088           64           1.359       139264        17408
        1088          128           1.965       278528        34816
        1088          256           3.204       557056        69632
        1088          512           5.651      1114112       139264
        1088         1024          10.704      2228224       278528
        1088         2048          20.604      4456448       557056
        1088         4096          40.132      8912896      1114112
        1088         8192          79.351     17825792      2228224
        1088        16384         164.496     35651584      4456448
        1088        32768         314.647     71303168      8912896
        1152            1           0.742         2304          288
        1152            2           0.758         4608          576
        1152            4           0.787         9216         1152
        1152            8           0.829        18432         2304
        1152           16           0.979        36864         4608
        1152           32           1.062        73728         9216
        1152           64           1.362       147456        18432
        1152          128           1.973       294912        36864
        1152          256           3.193       589824        73728
        1152          512           5.647      1179648       147456
        1152         1024          10.557      2359296       294912
        1152         2048          20.481      4718592       589824
        1152         4096          40.102      9437184      1179648
        1152         8192          79.342     18874368      2359296
        1152        16384         157.761     37748736      4718592
        1152        32768         314.669     75497472      9437184
        1216            1           0.748         2432          304
        1216            2           0.774         4864          608
        1216            4           0.771         9728         1216
        1216            8           0.831        19456         2432
        1216           16           0.921        38912         4864
        1216           32           1.084        77824         9728
        1216           64           1.410       155648        19456
        1216          128           2.055       311296        38912
        1216          256           3.434       622592        77824
        1216          512           6.100      1245184       155648
        1216         1024          11.457      2490368       311296
        1216         2048          22.295      4980736       622592
        1216         4096          43.692      9961472      1245184
        1216         8192          86.482     19922944      2490368
        1216        16384         172.074     39845888      4980736
        1216        32768         343.229     79691776      9961472
        1280            1           0.750         2560          320
        1280            2           0.758         5120          640
        1280            4           0.799        10240         1280
        1280            8           0.815        20480         2560
        1280           16           0.900        40960         5120
        1280           32           1.086        81920        10240
        1280           64           1.419       163840        20480
        1280          128           2.082       327680        40960
        1280          256           3.424       655360        81920
        1280          512           6.097      1310720       163840
        1280         1024          11.557      2621440       327680
        1280         2048          22.300      5242880       655360
        1280         4096          43.688     10485760      1310720
        1280         8192          86.484     20971520      2621440
        1280        16384         172.035     41943040      5242880
        1280        32768         343.195     83886080     10485760
        1408            1           0.742         2816          352
        1408            2           0.777         5632          704
        1408            4           0.791        11264         1408
        1408            8           0.832        22528         2816
        1408           16           0.914        45056         5632
        1408           32           1.097        90112        11264
        1408           64           1.473       180224        22528
        1408          128           2.188       360448        45056
        1408          256           3.654       720896        90112
        1408          512           6.537      1441792       180224
        1408         1024          12.448      2883584       360448
        1408         2048          24.052      5767168       720896
        1408         4096          47.229     11534336      1441792
        1408         8192          93.599     23068672      2883584
        1408        16384         186.296     46137344      5767168
        1408        32768         371.742     92274688     11534336
        1536            1           0.861         3072          384
        1536            2           0.781         6144          768
        1536            4           0.811        12288         1536
        1536            8           0.871        24576         3072
        1536           16           0.933        49152         6144
        1536           32           1.127        98304        12288
        1536           64           1.530       196608        24576
        1536          128           2.298       393216        49152
        1536          256           3.897       786432        98304
        1536          512           7.031      1572864       196608
        1536         1024          13.234      3145728       393216
        1536         2048          25.933      6291456       786432
        1536         4096          50.798     12582912      1572864
        1536         8192         100.719     25165824      3145728
        1536        16384         200.601     50331648      6291456
        1536        32768         413.617    100663296     12582912
        1664            1           0.753         3328          416
        1664            2           0.776         6656          832
        1664            4           0.805        13312         1664
        1664            8           0.842        26624         3328
        1664           16           0.950        53248         6656
        1664           32           1.147       106496        13312
        1664           64           1.573       212992        26624
        1664          128           2.408       425984        53248
        1664          256           4.097       851968       106496
        1664          512           7.425      1703936       212992
        1664         1024          14.243      3407872       425984
        1664         2048          27.602      6815744       851968
        1664         4096          54.373     13631488      1703936
        1664         8192         107.855     27262976      3407872
        1664        16384         214.840     54525952      6815744
        1664        32768         428.792    109051904     13631488
        1792            1           0.748         3584          448
        1792            2           0.783         7168          896
        1792            4           0.833        14336         1792
        1792            8           0.871        28672         3584
        1792           16           0.960        57344         7168
        1792           32           1.176       114688        14336
        1792           64           1.632       229376        28672
        1792          128           2.520       458752        57344
        1792          256           4.301       917504       114688
        1792          512           7.863      1835008       229376
        1792         1024          15.126      3670016       458752
        1792         2048          29.386      7340032       917504
        1792         4096          57.934     14680064      1835008
        1792         8192         114.989     29360128      3670016
        1792        16384         229.095     58720256      7340032
        1792        32768         457.320    117440512     14680064
        1920            1           0.831         3840          480
        1920            2           0.789         7680          960
        1920            4           0.838        15360         1920
        1920            8           0.880        30720         3840
        1920           16           0.995        61440         7680
        1920           32           1.208       122880        15360
        1920           64           1.695       245760        30720
        1920          128           2.642       491520        61440
        1920          256           4.531       983040       122880
        1920          512           8.336      1966080       245760
        1920         1024          16.023      3932160       491520
        1920         2048          31.180      7864320       983040
        1920         4096          61.489     15728640      1966080
        1920         8192         122.124     31457280      3932160
        1920        16384         243.355     62914560      7864320
        2112            1           0.795         4224          528
        2112            2           0.968         8448         1056
        2112            4           0.955        16896         2112
        2112            8           0.955        33792         4224
        2112           16           1.073        67584         8448
        2112           32           1.257       135168        16896
        2112           64           1.782       270336        33792
        2112          128           2.852       540672        67584
        2112          256           4.977      1081344       135168
        2112          512           9.338      2162688       270336
        2112         1024          17.886      4325376       540672
        2112         2048          34.941      8650752      1081344
        2112         4096          68.617     17301504      2162688
        2112         8192         136.386     34603008      4325376
        2112        16384         271.875     69206016      8650752
        2304            1           0.775         4608          576
        2304            2           0.811         9216         1152
        2304            4           1.020        18432         2304
        2304            8           0.969        36864         4608
        2304           16           1.156        73728         9216
        2304           32           1.406       147456        18432
        2304           64           1.855       294912        36864
        2304          128           3.004       589824        73728
        2304          256           5.213      1179648       147456
        2304          512           9.677      2359296       294912
        2304         1024          18.868      4718592       589824
        2304         2048          36.543      9437184      1179648
        2304         4096          72.195     18874368      2359296
        2304         8192         143.505     37748736      4718592
        2304        16384         286.164     75497472      9437184
        2496            1           0.777         4992          624
        2496            2           0.869         9984         1248
        2496            4           0.838        19968         2496
        2496            8           0.908        39936         4992
        2496           16           1.046        79872         9984
        2496           32           1.380       159744        19968
        2496           64           2.061       319488        39936
        2496          128           3.019       638976        79872
        2496          256           7.288      1277952       159744
        2496          512          13.039      2555904       319488
        2496         1024          25.830      5111808       638976
        2496         2048          51.953     10223616      1277952
        2496         4096         104.956     20447232      2555904
        2496         8192         215.570     40894464      5111808
        2496        16384         424.090     81788928     10223616
        2688            1           0.766         5376          672
        2688            2           0.806        10752         1344
        2688            4           0.841        21504         2688
        2688            8           0.920        43008         5376
        2688           16           1.061        86016        10752
        2688           32           1.380       172032        21504
        2688           64           2.019       344064        43008
        2688          128           3.310       688128        86016
        2688          256           5.871      1376256       172032
        2688          512          11.010      2752512       344064
        2688         1024          21.374      5505024       688128
        2688         2048          41.879     11010048      1376256
        2688         4096          82.885     22020096      2752512
        2688         8192         164.965     44040192      5505024
        2688        16384         329.019     88080384     11010048
        2944            1           0.782         5888          736
        2944            2           0.804        11776         1472
        2944            4           0.862        23552         2944
        2944            8           0.925        47104         5888
        2944           16           1.204        94208        11776
        2944           32           1.547       188416        23552
        2944           64           2.143       376832        47104
        2944          128           3.537       753664        94208
        2944          256           6.310      1507328       188416
        2944          512          12.009      3014656       376832
        2944         1024          23.164      6029312       753664
        2944         2048          45.444     12058624      1507328
        2944         4096          90.012     24117248      3014656
        2944         8192         179.152     48234496      6029312
        2944        16384         357.455     96468992     12058624
        3200            1           0.770         6400          800
        3200            2           0.797        12800         1600
        3200            4           0.898        25600         3200
        3200            8           0.926        51200         6400
        3200           16           1.108       102400        12800
        3200           32           1.576       204800        25600
        3200           64           2.251       409600        51200
        3200          128           3.923       819200       102400
        3200          256           6.911      1638400       204800
        3200          512          12.897      3276800       409600
        3200         1024          25.084      6553600       819200
        3200         2048          49.011     13107200      1638400
        3200         4096          97.150     26214400      3276800
        3200         8192         193.506     52428800      6553600
        3200        16384         386.014    104857600     13107200
        3520            1           0.937         7040          880
        3520            2           0.820        14080         1760
        3520            4           0.887        28160         3520
        3520            8           0.960        56320         7040
        3520           16           1.153       112640        14080
        3520           32           1.574       225280        28160
        3520           64           2.417       450560        56320
        3520          128           4.082       901120       112640
        3520          256           7.434      1802240       225280
        3520          512          14.226      3604480       450560
        3520         1024          27.632      7208960       901120
        3520         2048          54.375     14417920      1802240
        3520         4096         107.865     28835840      3604480
        3520         8192         214.829     57671680      7208960
        3520        16384         428.791    115343360     14417920
        3840            1           0.775         7680          960
        3840            2           0.830        15360         1920
        3840            4           0.855        30720         3840
        3840            8           0.968        61440         7680
        3840           16           1.210       122880        15360
        3840           32           1.632       245760        30720
        3840           64           2.526       491520        61440
        3840          128           4.293       983040       122880
        3840          256           7.883      1966080       245760
        3840          512          15.116      3932160       491520
        3840         1024          29.415      7864320       983040
        3840         2048          57.930     15728640      1966080
        3840         4096         123.361     31457280      3932160
        3840         8192         229.065     62914560      7864320
        4224            1           0.790         8448         1056
        4224            2           0.952        16896         2112
        4224            4           0.904        33792         4224
        4224            8           1.123        67584         8448
        4224           16           1.405       135168        16896
        4224           32           2.001       270336        33792
        4224           64           3.187       540672        67584
        4224          128           5.603      1081344       135168
        4224          256          10.576      2162688       270336
        4224          512          20.275      4325376       540672
        4224         1024          39.713      8650752      1081344
        4224         2048          78.391     17301504      2162688
        4224         4096         155.923     34603008      4325376
        4224         8192         310.954     69206016      8650752
        4608            1           0.788         9216         1152
        4608            2           0.812        18432         2304
        4608            4           1.110        36864         4608
        4608            8           1.006        73728         9216
        4608           16           1.346       147456        18432
        4608           32           1.874       294912        36864
        4608           64           2.868       589824        73728
        4608          128           5.114      1179648       147456
        4608          256           9.216      2359296       294912
        4608          512          17.809      4718592       589824
        4608         1024          34.760      9437184      1179648
        4608         2048          68.627     18874368      2359296
        4608         4096         136.369     37748736      4718592
        4608         8192         271.898     75497472      9437184
        5056            1           0.821        10112         1264
        5056            2           0.916        20224         2528
        5056            4           0.901        40448         5056
        5056            8           1.190        80896        10112
        5056           16           1.451       161792        20224
        5056           32           1.991       323584        40448
        5056           64           3.354       647168        80896
        5056          128           5.510      1294336       161792
        5056          256          11.105      2588672       323584
        5056          512          22.130      5177344       647168
        5056         1024          44.207     10354688      1294336
        5056         2048          88.461     20709376      2588672
        5056         4096         177.141     41418752      5177344
        5056         8192         354.336     82837504     10354688
        5504            1           0.880        11008         1376
        5504            2           0.842        22016         2752
        5504            4           0.924        44032         5504
        5504            8           1.112        88064        11008
        5504           16           1.503       176128        22016
        5504           32           1.597       352256        44032
        5504           64           3.115       704512        88064
        5504          128           5.973      1409024       176128
        5504          256          11.964      2818048       352256
        5504          512          23.756      5636096       704512
        5504         1024          48.354     11272192      1409024
        5504         2048          94.970     22544384      2818048
        5504         4096         189.973     45088768      5636096
        5504         8192         380.009     90177536     11272192
        6016            1           0.799        12032         1504
        6016            2           0.845        24064         3008
        6016            4           0.936        48128         6016
        6016            8           1.154        96256        12032
        6016           16           1.572       192512        24064
        6016           32           2.366       385024        48128
        6016           64           3.970       770048        96256
        6016          128           7.138      1540096       192512
        6016          256          13.485      3080192       385024
        6016          512          26.300      6160384       770048
        6016         1024          51.661     12320768      1540096
        6016         2048         102.553     24641536      3080192
        6016         4096         204.166     49283072      6160384
        6016         8192         406.917     98566144     12320768
        6592            1           0.808        13184         1648
        6592            2           0.847        26368         3296
        6592            4           0.987        52736         6592
        6592            8           1.195       105472        13184
        6592           16           1.617       210944        26368
        6592           32           2.480       421888        52736
        6592           64           4.160       843776       105472
        6592          128           7.533      1687552       210944
        6592          256          14.281      3375104       421888
        6592          512          27.886      6750208       843776
        6592         1024          54.852     13500416      1687552
        6592         2048         111.528     27000832      3375104
        6592         4096         216.410     54001664      6750208
        6592         8192         433.243    108003328     13500416
        7232            1           0.805        14464         1808
        7232            2           0.893        28928         3616
        7232            4           0.979        57856         7232
        7232            8           1.210       115712        14464
        7232           16           1.677       231424        28928
        7232           32           2.599       462848        57856
        7232           64           4.428       925696       115712
        7232          128           8.081      1851392       231424
        7232          256          15.399      3702784       462848
        7232          512          30.086      7405568       925696
        7232         1024          59.092     14811136      1851392
        7232         2048         117.380     29622272      3702784
        7232         4096         233.601     59244544      7405568
        7232         8192         466.580    118489088     14811136
        7936            1           0.800        15872         1984
        7936            2           0.851        31744         3968
        7936            4           1.014        63488         7936
        7936            8           1.253       126976        15872
        7936           16           1.762       253952        31744
        7936           32           2.735       507904        63488
        7936           64           4.703      1015808       126976
        7936          128           8.604      2031616       253952
        7936          256          16.376      4063232       507904
        7936          512          32.177      8126464      1015808
        7936         1024          63.441     16252928      2031616
        7936         2048         125.979     32505856      4063232
        7936         4096         251.031     65011712      8126464
        8704            1           0.818        17408         2176
        8704            2           0.864        34816         4352
        8704            4           1.016        69632         8704
        8704            8           1.297       139264        17408
        8704           16           1.822       278528        34816
        8704           32           2.886       557056        69632
        8704           64           5.015      1114112       139264
        8704          128           9.228      2228224       278528
        8704          256          17.731      4456448       557056
        8704          512          34.681      8912896      1114112
        8704         1024          68.434     17825792      2228224
        8704         2048         135.967     35651584      4456448
        8704         4096         271.023     71303168      8912896
        9536            1           0.812        19072         2384
        9536            2           0.873        38144         4768
        9536            4           1.043        76288         9536
        9536            8           1.316       152576        19072
        9536           16           1.915       305152        38144
        9536           32           3.037       610304        76288
        9536           64           5.303      1220608       152576
        9536          128           9.812      2441216       305152
        9536          256          18.961      4882432       610304
        9536          512          37.016      9764864      1220608
        9536         1024          73.125     19529728      2441216
        9536         2048         145.365     39059456      4882432
        9536         4096         289.943     78118912      9764864
       10432            1           0.806        20864         2608
       10432            2           0.996        41728         5216
       10432            4           1.119        83456        10432
       10432            8           1.353       166912        20864
       10432           16           2.108       333824        41728
       10432           32           3.386       667648        83456
       10432           64           5.635      1335296       166912
       10432          128          10.674      2670592       333824
       10432          256          20.320      5341184       667648
       10432          512          39.738     10682368      1335296
       10432         1024          78.435     21364736      2670592
       10432         2048         156.038     42729472      5341184
       10432         4096         325.624     85458944     10682368
       11456            1           0.805        22912         2864
       11456            2           1.028        45824         5728
       11456            4           1.259        91648        11456
       11456            8           1.398       183296        22912
       11456           16           2.195       366592        45824
       11456           32           3.538       733184        91648
       11456           64           6.136      1466368       183296
       11456          128          11.301      2932736       366592
       11456          256          21.698      5865472       733184
       11456          512          42.602     11730944      1466368
       11456         1024          84.701     23461888      2932736
       11456         2048         167.840     46923776      5865472
       11456         4096         335.653     93847552     11730944
       12544            1           0.834        25088         3136
       12544            2           0.932        50176         6272
       12544            4           1.118       100352        12544
       12544            8           1.473       200704        25088
       12544           16           2.208       401408        50176
       12544           32           3.618       802816       100352
       12544           64           6.456      1605632       200704
       12544          128          12.139      3211264       401408
       12544          256          23.612      6422528       802816
       12544          512          46.304     12845056      1605632
       12544         1024          91.689     25690112      3211264
       12544         2048         182.461     51380224      6422528
       12544         4096         363.987    102760448     12845056
       13760            1           0.815        27520         3440
       13760            2           0.928        55040         6880
       13760            4           1.138       110080        13760
       13760            8           1.619       220160        27520
       13760           16           2.326       440320        55040
       13760           32           3.843       880640       110080
       13760           64           6.921      1761280       220160
       13760          128          12.995      3522560       440320
       13760          256          25.321      7045120       880640
       13760          512          49.726     14090240      1761280
       13760         1024          98.526     28180480      3522560
       13760         2048         196.157     56360960      7045120
       13760         4096         391.380    112721920     14090240
       15104            1           0.838        30208         3776
       15104            2           0.931        60416         7552
       15104            4           1.154       120832        15104
       15104            8           1.582       241664        30208
       15104           16           2.444       483328        60416
       15104           32           4.122       966656       120832
       15104           64           7.449      1933312       241664
       15104          128          14.111      3866624       483328
       15104          256          27.456      7733248       966656
       15104          512          54.186     15466496      1933312
       15104         1024         107.431     30932992      3866624
       15104         2048         213.918     61865984      7733248
       15104         4096         426.912    123731968     15466496
       16576            1           0.938        33152         4144
       16576            2           0.969        66304         8288
       16576            4           1.197       132608        16576
       16576            8           1.642       265216        33152
       16576           16           2.757       530432        66304
       16576           32           4.520      1060864       132608
       16576           64           7.949      2121728       265216
       16576          128          15.176      4243456       530432
       16576          256          29.547      8486912      1060864
       16576          512          58.146     16973824      2121728
       16576         1024         116.366     33947648      4243456
       16576         2048         233.571     67895296      8486912
       18176            1           0.868        36352         4544
       18176            2           0.967        72704         9088
       18176            4           1.221       145408        18176
       18176            8           1.722       290816        36352
       18176           16           2.726       581632        72704
       18176           32           4.728      1163264       145408
       18176           64           8.728      2326528       290816
       18176          128          16.427      4653056       581632
       18176          256          32.269      9306112      1163264
       18176          512          63.630     18612224      2326528
       18176         1024         146.998     37224448      4653056
       18176         2048         261.867     74448896      9306112
       19968            1           0.873        39936         4992
       19968            2           1.110        79872         9984
       19968            4           1.370       159744        19968
       19968            8           1.850       319488        39936
       19968           16           3.073       638976        79872
       19968           32           5.025      1277952       159744
       19968           64           9.266      2555904       319488
       19968          128          22.918      5111808       638976
       19968          256          34.936     10223616      1277952
       19968          512          73.086     20447232      2555904
       19968         1024         144.256     40894464      5111808
       19968         2048         272.656     81788928     10223616
       21952            1           0.920        43904         5488
       21952            2           1.013        87808        10976
       21952            4           1.397       175616        21952
       21952            8           1.937       351232        43904
       21952           16           3.096       702464        87808
       21952           32           5.395      1404928       175616
       21952           64          10.015      2809856       351232
       21952          128          19.240      5619712       702464
       21952          256          37.717     11239424      1404928
       21952          512          74.683     22478848      2809856
       21952         1024         148.479     44957696      5619712
       21952         2048         295.994     89915392     11239424
       24128            1           0.918        48256         6032
       24128            2           1.211        96512        12064
       24128            4           1.374       193024        24128
       24128            8           2.015       386048        48256
       24128           16           3.348       772096        96512
       24128           32           5.817      1544192       193024
       24128           64          10.858      3088384       386048
       24128          128          20.922      6176768       772096
       24128          256          41.332     12353536      1544192
       24128          512          81.268     24707072      3088384
       24128         1024         161.617     49414144      6176768
       24128         2048         322.735     98828288     12353536
       26496            1           0.914        52992         6624
       26496            2           1.101       105984        13248
       26496            4           1.565       211968        26496
       26496            8           2.128       423936        52992
       26496           16           3.528       847872       105984
       26496           32           6.272      1695744       211968
       26496           64          11.778      3391488       423936
       26496          128          22.920      6782976       847872
       26496          256          44.777     13565952      1695744
       26496          512          88.828     27131904      3391488
       26496         1024         176.792     54263808      6782976
       26496         2048         352.543    108527616     13565952
       29120            1           0.919        58240         7280
       29120            2           1.132       116480        14560
       29120            4           1.619       232960        29120
       29120            8           2.412       465920        58240
       29120           16           3.943       931840       116480
       29120           32           6.941      1863680       232960
       29120           64          12.740      3727360       465920
       29120          128          24.729      7454720       931840
       29120          256          48.818     14909440      1863680
       29120          512          96.576     29818880      3727360
       29120         1024         193.885     59637760      7454720
       29120         2048         384.086    119275520     14909440
       32000            1           0.935        64000         8000
       32000            2           1.130       128000        16000
       32000            4           1.566       256000        32000
       32000            8           2.387       512000        64000
       32000           16           4.064      1024000       128000
       32000           32           7.350      2048000       256000
       32000           64          13.896      4096000       512000
       32000          128          26.991      8192000      1024000
       32000          256          53.290     16384000      2048000
       32000          512         105.604     32768000      4096000
       32000         1024         213.532     65536000      8192000
       35200            1           1.117        70400         8800
       35200            2           1.293       140800        17600
       35200            4           1.629       281600        35200
       35200            8           2.540       563200        70400
       35200           16           4.371      1126400       140800
       35200           32           7.949      2252800       281600
       35200           64          15.117      4505600       563200
       35200          128          29.411      9011200      1126400
       35200          256          58.026     18022400      2252800
       35200          512         115.380     36044800      4505600
       35200         1024         229.848     72089600      9011200
       38720            1           1.054        77440         9680
       38720            2           1.230       154880        19360
       38720            4           1.732       309760        38720
       38720            8           2.717       619520        77440
       38720           16           4.697      1239040       154880
       38720           32           8.614      2478080       309760
       38720           64          16.420      4956160       619520
       38720          128          32.084      9912320      1239040
       38720          256          63.425     19824640      2478080
       38720          512         125.945     39649280      4956160
       38720         1024         251.194     79298560      9912320
       42560            1           1.016        85120        10640
       42560            2           1.272       170240        21280
       42560            4           1.824       340480        42560
       42560            8           2.887       680960        85120
       42560           16           5.055      1361920       170240
       42560           32           9.340      2723840       340480
       42560           64          17.899      5447680       680960
       42560          128          35.002     10895360      1361920
       42560          256          69.217     21790720      2723840
       42560          512         137.756     43581440      5447680
       42560         1024         274.593     87162880     10895360
       46784            1           1.010        93568        11696
       46784            2           1.314       187136        23392
       46784            4           1.911       374272        46784
       46784            8           3.092       748544        93568
       46784           16           5.443      1497088       187136
       46784           32          10.146      2994176       374272
       46784           64          19.498      5988352       748544
       46784          128          38.325     11976704      1497088
       46784          256          75.879     23953408      2994176
       46784          512         150.072     47906816      5988352
       46784         1024         299.359     95813632     11976704
       51456            1           1.065       102912        12864
       51456            2           1.380       205824        25728
       51456            4           2.037       411648        51456
       51456            8           3.318       823296       102912
       51456           16           6.127      1646592       205824
       51456           32          11.062      3293184       411648
       51456           64          21.332      6586368       823296
       51456          128          41.980     13172736      1646592
       51456          256          82.930     26345472      3293184
       51456          512         165.157     52690944      6586368
       51456         1024         329.435    105381888     13172736
       56576            1           1.110       113152        14144
       56576            2           1.431       226304        28288
       56576            4           2.200       452608        56576
       56576            8           3.567       905216       113152
       56576           16           6.395      1810432       226304
       56576           32          12.038      3620864       452608
       56576           64          23.433      7241728       905216
       56576          128          45.867     14483456      1810432
       56576          256          90.774     28966912      3620864
       56576          512         180.802     57933824      7241728
       56576         1024         360.610    115867648     14483456
       62208            1           1.119       124416        15552
       62208            2           1.505       248832        31104
       62208            4           2.270       497664        62208
       62208            8           3.841       995328       124416
       62208           16           6.949      1990656       248832
       62208           32          13.300      3981312       497664
       62208           64          25.462      7962624       995328
       62208          128          50.251     15925248      1990656
       62208          256         105.871     31850496      3981312
       62208          512         198.034     63700992      7962624
       68416            1           1.259       136832        17104
       68416            2           1.575       273664        34208
       68416            4           2.442       547328        68416
       68416            8           4.137      1094656       136832
       68416           16           7.522      2189312       273664
       68416           32          14.272      4378624       547328
       68416           64          27.770      8757248      1094656
       68416          128          54.729     17514496      2189312
       68416          256         108.686     35028992      4378624
       68416          512         216.665     70057984      8757248
       75200            1           1.380       150400        18800
       75200            2           1.664       300800        37600
       75200            4           2.657       601600        75200
       75200            8           4.448      1203200       150400
       75200           16           8.171      2406400       300800
       75200           32          15.555      4812800       601600
       75200           64          30.521      9625600      1203200
       75200          128          60.175     19251200      2406400
       75200          256         119.245     38502400      4812800
       75200          512         237.980     77004800      9625600
       82688            1           0.881       165376        20672
       82688            2           1.820       330752        41344
       82688            4           2.796       661504        82688
       82688            8           4.918      1323008       165376
       82688           16           8.955      2646016       330752
       82688           32          17.044      5292032       661504
       82688           64          33.248     10584064      1323008
       82688          128          65.688     21168128      2646016
       82688          256         130.692     42336256      5292032
       82688          512         260.578     84672512     10584064
       90944            1           1.423       181888        22736
       90944            2           1.856       363776        45472
       90944            4           2.970       727552        90944
       90944            8           5.194      1455104       181888
       90944           16           9.669      2910208       363776
       90944           32          18.699      5820416       727552
       90944           64          36.370     11640832      1455104
       90944          128          71.989     23281664      2910208
       90944          256         143.023     46563328      5820416
       90944          512         285.409     93126656     11640832
      100032            1           1.498       200064        25008
      100032            2           1.954       400128        50016
      100032            4           3.301       800256       100032
      100032            8           5.755      1600512       200064
      100032           16          10.545      3201024       400128
      100032           32          20.356      6402048       800256
      100032           64          39.845     12804096      1600512
      100032          128          78.975     25608192      3201024
      100032          256         157.209     51216384      6402048
      100032          512         313.763    102432768     12804096
      110016            1           1.619       220032        27504
      110016            2           2.072       440064        55008
      110016            4           3.408       880128       110016
      110016            8           6.104      1760256       220032
      110016           16          11.489      3520512       440064
      110016           32          22.203      7041024       880128
      110016           64          43.677     14082048      1760256
      110016          128          86.492     28164096      3520512
      110016          256         172.395     56328192      7041024
      110016          512         344.292    112656384     14082048
      120960            1           1.662       241920        30240
      120960            2           2.214       483840        60480
      120960            4           3.717       967680       120960
      120960            8           6.626      1935360       241920
      120960           16          12.531      3870720       483840
      120960           32          24.289      7741440       967680
      120960           64          47.789     15482880      1935360
      120960          128          94.804     30965760      3870720
      120960          256         192.731     61931520      7741440
      120960          512         376.859    123863040     15482880
      133056            1           1.317       266112        33264
      133056            2           2.362       532224        66528
      133056            4           3.969      1064448       133056
      133056            8           7.280      2128896       266112
      133056           16          13.684      4257792       532224
      133056           32          26.717      8515584      1064448
      133056           64          52.466     17031168      2128896
      133056          128         104.152     34062336      4257792
      133056          256         207.278     68124672      8515584
      146304            1           1.396       292608        36576
      146304            2           2.516       585216        73152
      146304            4           4.438      1170432       146304
      146304            8           7.847      2340864       292608
      146304           16          14.943      4681728       585216
      146304           32          29.117      9363456      1170432
      146304           64          57.439     18726912      2340864
      146304          128         114.102     37453824      4681728
      146304          256         227.331     74907648      9363456
      160896            1           1.589       321792        40224
      160896            2           2.679       643584        80448
      160896            4           4.639      1287168       160896
      160896            8           8.536      2574336       321792
      160896           16          16.358      5148672       643584
      160896           32          31.933     10297344      1287168
      160896           64          63.026     20594688      2574336
      160896          128         125.227     41189376      5148672
      160896          256         249.616     82378752     10297344
      176960            1           2.301       353920        44240
      176960            2           2.894       707840        88480
      176960            4           5.049      1415680       176960
      176960            8           9.305      2831360       353920
      176960           16          17.872      5662720       707840
      176960           32          34.969     11325440      1415680
      176960           64          69.143     22650880      2831360
      176960          128         137.417     45301760      5662720
      176960          256         274.132     90603520     11325440
      194624            1           1.911       389248        48656
      194624            2           3.118       778496        97312
      194624            4           5.449      1556992       194624
      194624            8          10.367      3113984       389248
      194624           16          19.567      6227968       778496
      194624           32          38.352     12455936      1556992
      194624           64          75.899     24911872      3113984
      194624          128         150.992     49823744      6227968
      194624          256         301.136     99647488     12455936
      214080            1           2.819       428160        53520
      214080            2           3.388       856320       107040
      214080            4           5.980      1712640       214080
      214080            8          11.147      3425280       428160
      214080           16          21.492      6850560       856320
      214080           32          42.128     13701120      1712640
      214080           64          83.337     27402240      3425280
      214080          128         165.821     54804480      6850560
      214080          256         330.819    109608960     13701120
      235456            1           2.804       470912        58864
      235456            2           3.727       941824       117728
      235456            4           6.555      1883648       235456
      235456            8          12.350      3767296       470912
      235456           16          23.591      7534592       941824
      235456           32          46.266     15069184      1883648
      235456           64          91.559     30138368      3767296
      235456          128         205.769     60276736      7534592
      235456          256         363.503    120553472     15069184
      258944            1           2.742       517888        64736
      258944            2           4.081      1035776       129472
      258944            4           7.209      2071552       258944
      258944            8          13.447      4143104       517888
      258944           16          25.913      8286208      1035776
      258944           32          50.812     16572416      2071552
      258944           64         100.583     33144832      4143104
      258944          128         200.099     66289664      8286208
      284800            1           3.460       569600        71200
      284800            2           4.644      1139200       142400
      284800            4           8.469      2278400       284800
      284800            8          15.606      4556800       569600
      284800           16          30.899      9113600      1139200
      284800           32          62.026     18227200      2278400
      284800           64         124.308     36454400      4556800
      284800          128         249.063     72908800      9113600
      313280            1           3.870       626560        78320
      313280            2           5.284      1253120       156640
      313280            4           9.584      2506240       313280
      313280            8          18.084      5012480       626560
      313280           16          34.999     10024960      1253120
      313280           32          70.176     20049920      2506240
      313280           64         140.038     40099840      5012480
      313280          128         280.348     80199680     10024960
      344576            1           4.334       689152        86144
      344576            2           5.503      1378304       172288
      344576            4          10.445      2756608       344576
      344576            8          19.790      5513216       689152
      344576           16          38.616     11026432      1378304
      344576           32          76.893     22052864      2756608
      344576           64         153.881     44105728      5513216
      344576          128         308.040     88211456     11026432
      379008            1           4.442       758016        94752
      379008            2           5.985      1516032       189504
      379008            4          10.893      3032064       379008
      379008            8          21.278      6064128       758016
      379008           16          42.877     12128256      1516032
      379008           32          84.958     24256512      3032064
      379008           64         169.736     48513024      6064128
      379008          128         339.022     97026048     12128256
      416896            1           5.309       833792       104224
      416896            2           6.529      1667584       208448
      416896            4          12.308      3335168       416896
      416896            8          23.996      6670336       833792
      416896           16          46.592     13340672      1667584
      416896           32          93.107     26681344      3335168
      416896           64         186.317     53362688      6670336
      416896          128         375.511    106725376     13340672
      458560            1           5.726       917120       114640
      458560            2           7.059      1834240       229280
      458560            4          13.426      3668480       458560
      458560            8          26.265      7336960       917120
      458560           16          51.169     14673920      1834240
      458560           32         101.859     29347840      3668480
      458560           64         203.822     58695680      7336960
      458560          128         408.154    117391360     14673920
      504384            1           6.599      1008768       126096
      504384            2           7.773      2017536       252192
      504384            4          14.643      4035072       504384
      504384            8          28.438      8070144      1008768
      504384           16          56.027     16140288      2017536
      504384           32         111.942     32280576      4035072
      504384           64         223.913     64561152      8070144
      554816            1           6.528      1109632       138704
      554816            2           8.386      2219264       277408
      554816            4          16.228      4438528       554816
      554816            8          31.217      8877056      1109632
      554816           16          61.520     17754112      2219264
      554816           32         123.102     35508224      4438528
      554816           64         246.339     71016448      8877056
      610240            1           7.862      1220480       152560
      610240            2           9.328      2440960       305120
      610240            4          17.598      4881920       610240
      610240            8          34.417      9763840      1220480
      610240           16          67.777     19527680      2440960
      610240           32         135.558     39055360      4881920
      610240           64         271.517     78110720      9763840
      671232            1           8.389      1342464       167808
      671232            2          10.033      2684928       335616
      671232            4          19.275      5369856       671232
      671232            8          37.899     10739712      1342464
      671232           16          74.388     21479424      2684928
      671232           32         149.130     42958848      5369856
      671232           64         297.964     85917696     10739712
      738304            1           9.353      1476608       184576
      738304            2          11.050      2953216       369152
      738304            4          21.215      5906432       738304
      738304            8          41.621     11812864      1476608
      738304           16          82.413     23625728      2953216
      738304           32         164.050     47251456      5906432
      738304           64         327.771     94502912     11812864
      812096            1          10.256      1624192       203024
      812096            2          12.110      3248384       406048
      812096            4          23.319      6496768       812096
      812096            8          45.687     12993536      1624192
      812096           16          90.964     25987072      3248384
      812096           32         187.866     51974144      6496768
      812096           64         359.833    103948288     12993536
      893248            1          11.602      1786496       223312
      893248            2          13.142      3572992       446624
      893248            4          25.394      7145984       893248
      893248            8          49.945     14291968      1786496
      893248           16          98.739     28583936      3572992
      893248           32         197.802     57167872      7145984
      893248           64         395.856    114335744     14291968
      982528            1          12.692      1965056       245632
      982528            2          14.421      3930112       491264
      982528            4          28.004      7860224       982528
      982528            8          55.029     15720448      1965056
      982528           16         108.699     31440896      3930112
      982528           32         217.829     62881792      7860224
     1080768            1          14.052      2161536       270192
     1080768            2          16.140      4323072       540384
     1080768            4          31.357      8646144      1080768
     1080768            8          61.838     17292288      2161536
     1080768           16         122.943     34584576      4323072
     1080768           32         244.953     69169152      8646144
     1188800            1          15.345      2377600       297200
     1188800            2          18.393      4755200       594400
     1188800            4          36.042      9510400      1188800
     1188800            8          71.208     19020800      2377600
     1188800           16         141.650     38041600      4755200
     1188800           32         282.639     76083200      9510400
     1307648            1          16.431      2615296       326912
     1307648            2          20.397      5230592       653824
     1307648            4          39.969     10461184      1307648
     1307648            8          78.989     20922368      2615296
     1307648           16         156.984     41844736      5230592
     1307648           32         313.118     83689472     10461184
     1438400            1          18.516      2876800       359600
     1438400            2          22.131      5753600       719200
     1438400            4          43.176     11507200      1438400
     1438400            8          85.349     23014400      2876800
     1438400           16         169.999     46028800      5753600
     1438400           32         343.985     92057600     11507200
     1582208            1          20.550      3164416       395552
     1582208            2          24.389      6328832       791104
     1582208            4          47.713     12657664      1582208
     1582208            8          93.966     25315328      3164416
     1582208           16         186.901     50630656      6328832
     1582208           32         373.058    101261312     12657664
     1740416            1          21.968      3480832       435104
     1740416            2          26.634      6961664       870208
     1740416            4          52.089     13923328      1740416
     1740416            8         103.106     27846656      3480832
     1740416           16         204.882     55693312      6961664
     1740416           32         410.578    111386624     13923328
     1914432            1          24.953      3828864       478608
     1914432            2          29.933      7657728       957216
     1914432            4          58.102     15315456      1914432
     1914432            8         115.029     30630912      3828864
     1914432           16         230.928     61261824      7657728
     1914432           32         460.310    122523648     15315456
     2105856            1          27.486      4211712       526464
     2105856            2          33.631      8423424      1052928
     2105856            4          67.651     16846848      2105856
     2105856            8         134.648     33693696      4211712
     2105856           16         267.994     67387392      8423424
     2316416            1          31.546      4632832       579104
     2316416            2          38.678      9265664      1158208
     2316416            4          76.021     18531328      2316416
     2316416            8         151.849     37062656      4632832
     2316416           16         303.190     74125312      9265664
     2548032            1          36.889      5096064       637008
     2548032            2          43.468     10192128      1274016
     2548032            4         100.663     20384256      2548032
     2548032            8         170.592     40768512      5096064
     2548032           16         341.599     81537024     10192128
     2802816            1          39.654      5605632       700704
     2802816            2          49.445     11211264      1401408
     2802816            4          98.141     22422528      2802816
     2802816            8         195.236     44845056      5605632
     2802816           16         389.148     89690112     11211264
     3083072            1          44.494      6166144       770768
     3083072            2          54.691     12332288      1541536
     3083072            4         108.710     24664576      3083072
     3083072            8         217.639     49329152      6166144
     3083072           16         435.987     98658304     12332288
     3391360            1          48.185      6782720       847840
     3391360            2          59.697     13565440      1695680
     3391360            4         119.489     27130880      3391360
     3391360            8         239.371     54261760      6782720
     3391360           16         479.154    108523520     13565440
     3730496            1          54.684      7460992       932624
     3730496            2          65.761     14921984      1865248
     3730496            4         131.788     29843968      3730496
     3730496            8         263.752     59687936      7460992
     3730496           16         532.813    119375872     14921984
     4103488            1          59.886      8206976      1025872
     4103488            2          72.570     16413952      2051744
     4103488            4         144.994     32827904      4103488
     4103488            8         290.098     65655808      8206976
     4513792            1          66.401      9027584      1128448
     4513792            2          80.552     18055168      2256896
     4513792            4         160.761     36110336      4513792
     4513792            8         319.492     72220672      9027584
     4965120            1          74.074      9930240      1241280
     4965120            2          89.012     19860480      2482560
     4965120            4         176.238     39720960      4965120
     4965120            8         351.843     79441920      9930240
     5461632            1          80.582     10923264      1365408
     5461632            2          97.630     21846528      2730816
     5461632            4         194.121     43693056      5461632
     5461632            8         386.771     87386112     10923264
     6007744            1          88.166     12015488      1501936
     6007744            2         107.464     24030976      3003872
     6007744            4         212.764     48061952      6007744
     6007744            8         425.740     96123904     12015488
     6608512            1          97.301     13217024      1652128
     6608512            2         117.610     26434048      3304256
     6608512            4         241.753     52868096      6608512
     6608512            8         467.955    105736192     13217024
     7269312            1         106.215     14538624      1817328
     7269312            2         129.243     29077248      3634656
     7269312            4         257.419     58154496      7269312
     7269312            8         514.685    116308992     14538624
     7996224            1         116.625     15992448      1999056
     7996224            2         142.142     31984896      3998112
     7996224            4         282.895     63969792      7996224
     8795840            1         130.235     17591680      2198960
     8795840            2         156.328     35183360      4397920
     8795840            4         311.422     70366720      8795840
     9675392            1         144.706     19350784      2418848
     9675392            2         171.859     38701568      4837696
     9675392            4         342.356     77403136      9675392
    10642880            1         160.213     21285760      2660720
    10642880            2         188.843     42571520      5321440
    10642880            4         386.204     85143040     10642880
    11707136            1         172.725     23414272      2926784
    11707136            2         208.683     46828544      5853568
    11707136            4         416.960     93657088     11707136
    12877824            1         191.541     25755648      3219456
    12877824            2         234.264     51511296      6438912
    12877824            4         466.426    103022592     12877824
    14165568            1         210.626     28331136      3541392
    14165568            2         263.016     56662272      7082784
    14165568            4         522.532    113324544     14165568
    15582080            1         234.339     31164160      3895520
    15582080            2         312.370     62328320      7791040
    15582080            4         633.804    124656640     15582080
    17140288            1         265.975     34280576      4285072
    17140288            2         368.445     68561152      8570144
    18854272            1         300.713     37708544      4713568
    18854272            2         531.153     75417088      9427136
    20739648            1         402.719     41479296      5184912
    20739648            2         902.846     82958592     10369824
    22813568            1         615.049     45627136      5703392
    22813568            2        1590.297     91254272     11406784
    25094912            1         979.509     50189824      6273728
    25094912            2        2512.184    100379648     12547456
    27604352            1        1465.647     55208704      6901088
    27604352            2        3413.910    110417408     13802176
    30364736            1        1916.394     60729472      7591184
    30364736            2        4284.333    121458944     15182368
    33401152            1        2363.494     66802304      8350288
    36741248            1        2790.277     73482496      9185312
    40415360            1        3140.448     80830720     10103840
    44456896            1        3463.075     88913792     11114224
    48902528            1        3878.898     97805056     12225632
    53792768            1        4260.183    107585536     13448192
    59172032            1        4706.467    118344064     14793008

META_DATA
MPI_PROCS      1
OPENMP_THREADS 8
FLOPS          2
ERT_VERSION  1.0.0
TIMESTAMP_DATA  1594852873.42
HOSTNAME  ('apollo-PowerEdge-R430', [], ['127.0.1.1'])
UNAME  ('Linux', 'apollo-PowerEdge-R430', '4.19.129-0419129-generic', '#202006220433 SMP Mon Jun 22 09:12:54 UTC 2020', 'x86_64', 'x86_64')
CONFIG  {'ERT_WORKING_SET_MIN': ['1'], 'ERT_CFLAGS': ['-O3'], 'ERT_CC': ['gcc'], 'ERT_MPI_CFLAGS': [], 'ERT_MPI_LDFLAGS': [], 'ERT_MEMORY_MAX': ['62497788'], 'ERT_PROCS_THREADS': ['8'], 'ERT_LDFLAGS': [], 'ERT_LDLIBS': [], 'ERT_SPEC_GBYTES_DRAM': ['1.0'], 'ERT_RUN': ['export', 'KMP_AFFINITY=scatter;', 'export', 'OMP_NUM_THREADS=ERT_OPENMP_THREADS;', 'ERT_CODE'], 'ERT_FLOPS': ['1,2,4,8,16'], 'ERT_OPENMP_CFLAGS': ['-fopenmp'], 'ERT_SPEC_GFLOPS': ['1.0'], 'ERT_MPI': ['False'], 'ERT_TRIALS_MIN': ['1'], 'ERT_DRIVER': ['driver1'], 'ERT_RESULTS': ['Results.x86'], 'ERT_OPENMP': ['True'], 'ERT_MPI_PROCS': ['1'], 'ERT_KERNEL': ['kernel1'], 'ERT_OPENMP_THREADS': ['1-32'], 'ERT_LD': ['gcc'], 'ERT_NUM_EXPERIMENTS': ['6'], 'ERT_OPENMP_LDFLAGS': ['-fopenmp'], 'ERT_ALIGN': ['32'], 'ERT_GNUPLOT': ['gnuplot']}
