          64            1           2.873          128           16
          64            2           1.442          256           32
          64            4           1.438          512           64
          64            8           1.622         1024          128
          64           16           1.438         2048          256
          64           32           1.589         4096          512
          64           64           1.909         8192         1024
          64          128           2.553        16384         2048
          64          256           3.827        32768         4096
          64          512           6.391        65536         8192
          64         1024          11.520       131072        16384
          64         2048          21.775       262144        32768
          64         4096          42.283       524288        65536
          64         8192          83.283      1048576       131072
          64        16384         165.295      2097152       262144
          64        32768         329.335      4194304       524288
          64        65536         670.073      8388608      1048576
          64       131072        1311.703     16777216      2097152
          64       262144        2632.009     33554432      4194304
          64       524288        3710.570     67108864      8388608
         128            1           0.749          256           32
         128            2           0.912          512           64
         128            4           0.756         1024          128
         128            8           0.758         2048          256
         128           16           0.772         4096          512
         128           32           0.983         8192         1024
         128           64           1.028        16384         2048
         128          128           1.485        32768         4096
         128          256           2.028        65536         8192
         128          512           3.345       131072        16384
         128         1024           6.962       262144        32768
         128         2048          14.054       524288        65536
         128         4096          28.660      1048576       131072
         128         8192          57.548      2097152       262144
         128        16384         112.537      4194304       524288
         128        32768         171.931      8388608      1048576
         128        65536         343.012     16777216      2097152
         128       131072         685.333     33554432      4194304
         128       262144        1369.992     67108864      8388608
         192            1           0.756          384           48
         192            2           0.762          768           96
         192            4           0.791         1536          192
         192            8           0.780         3072          384
         192           16           0.957         6144          768
         192           32           0.874        12288         1536
         192           64           1.193        24576         3072
         192          128           1.372        49152         6144
         192          256           2.041        98304        12288
         192          512           3.385       196608        24576
         192         1024           6.055       393216        49152
         192         2048          11.506       786432        98304
         192         4096          22.094      1572864       196608
         192         8192          43.495      3145728       393216
         192        16384          86.291      6291456       786432
         192        32768         172.021     12582912      1572864
         192        65536         343.023     25165824      3145728
         192       131072         691.113     50331648      6291456
         192       262144        1370.017    100663296     12582912
         256            1           0.763          512           64
         256            2           0.758         1024          128
         256            4           0.767         2048          256
         256            8           0.794         4096          512
         256           16           0.802         8192         1024
         256           32           0.863        16384         2048
         256           64           1.203        32768         4096
         256          128           1.374        65536         8192
         256          256           2.040       131072        16384
         256          512           3.376       262144        32768
         256         1024           6.038       524288        65536
         256         2048          11.403      1048576       131072
         256         4096          22.098      2097152       262144
         256         8192          43.495      4194304       524288
         256        16384          86.285      8388608      1048576
         256        32768         171.863     16777216      2097152
         256        65536         343.033     33554432      4194304
         256       131072         685.350     67108864      8388608
         320            1           0.738          640           80
         320            2           0.768         1280          160
         320            4           0.794         2560          320
         320            8           0.782         5120          640
         320           16           0.976        10240         1280
         320           32           0.899        20480         2560
         320           64           1.201        40960         5120
         320          128           1.375        81920        10240
         320          256           2.186       163840        20480
         320          512           3.394       327680        40960
         320         1024           6.182       655360        81920
         320         2048          11.411      1310720       163840
         320         4096          22.117      2621440       327680
         320         8192          43.502      5242880       655360
         320        16384          86.293     10485760      1310720
         320        32768         171.879     20971520      2621440
         320        65536         343.033     41943040      5242880
         320       131072         690.909     83886080     10485760
         384            1           0.779          768           96
         384            2           0.772         1536          192
         384            4           0.905         3072          384
         384            8           0.879         6144          768
         384           16           0.814        12288         1536
         384           32           1.047        24576         3072
         384           64           1.048        49152         6144
         384          128           1.376        98304        12288
         384          256           2.054       196608        24576
         384          512           3.390       393216        49152
         384         1024           6.067       786432        98304
         384         2048          11.414      1572864       196608
         384         4096          22.112      3145728       393216
         384         8192          43.504      6291456       786432
         384        16384          86.286     12582912      1572864
         384        32768         171.893     25165824      3145728
         384        65536         343.056     50331648      6291456
         384       131072         685.356    100663296     12582912
         448            1           0.870          896          112
         448            2           0.768         1792          224
         448            4           0.795         3584          448
         448            8           0.798         7168          896
         448           16           0.836        14336         1792
         448           32           0.928        28672         3584
         448           64           1.102        57344         7168
         448          128           1.433       114688        14336
         448          256           2.054       229376        28672
         448          512           3.438       458752        57344
         448         1024           6.066       917504       114688
         448         2048          11.469      1835008       229376
         448         4096          22.155      3670016       458752
         448         8192          43.558      7340032       917504
         448        16384          86.347     14680064      1835008
         448        32768         171.949     29360128      3670016
         448        65536         343.139     58720256      7340032
         448       131072         685.404    117440512     14680064
         512            1           0.750         1024          128
         512            2           0.757         2048          256
         512            4           0.775         4096          512
         512            8           0.779         8192         1024
         512           16           0.835        16384         2048
         512           32           0.921        32768         4096
         512           64           1.077        65536         8192
         512          128           1.498       131072        16384
         512          256           2.082       262144        32768
         512          512           3.421       524288        65536
         512         1024           6.092      1048576       131072
         512         2048          11.443      2097152       262144
         512         4096          22.138      4194304       524288
         512         8192          43.586      8388608      1048576
         512        16384          86.367     16777216      2097152
         512        32768         171.915     33554432      4194304
         512        65536         354.249     67108864      8388608
         576            1           0.738         1152          144
         576            2           0.760         2304          288
         576            4           0.778         4608          576
         576            8           0.786         9216         1152
         576           16           0.982        18432         2304
         576           32           1.067        36864         4608
         576           64           1.275        73728         9216
         576          128           1.519       147456        18432
         576          256           2.364       294912        36864
         576          512           3.796       589824        73728
         576         1024           6.576      1179648       147456
         576         2048          12.385      2359296       294912
         576         4096          23.969      4718592       589824
         576         8192          47.186      9437184      1179648
         576        16384          93.501     18874368      2359296
         576        32768         186.293     37748736      4718592
         576        65536         371.641     75497472      9437184
         640            1           0.731         1280          160
         640            2           0.746         2560          320
         640            4           0.772         5120          640
         640            8           0.813        10240         1280
         640           16           0.844        20480         2560
         640           32           0.937        40960         5120
         640           64           1.148        81920        10240
         640          128           1.528       163840        20480
         640          256           2.344       327680        40960
         640          512           3.877       655360        81920
         640         1024           7.006      1310720       163840
         640         2048          13.247      2621440       327680
         640         4096          25.830      5242880       655360
         640         8192          50.800     10485760      1310720
         640        16384         100.745     20971520      2621440
         640        32768         200.571     41943040      5242880
         640        65536         400.404     83886080     10485760
         704            1           0.731         1408          176
         704            2           0.757         2816          352
         704            4           0.761         5632          704
         704            8           0.898        11264         1408
         704           16           0.874        22528         2816
         704           32           0.998        45056         5632
         704           64           1.237        90112        11264
         704          128           1.639       180224        22528
         704          256           2.574       360448        45056
         704          512           4.362       720896        90112
         704         1024           7.925      1441792       180224
         704         2048          15.068      2883584       360448
         704         4096          29.467      5767168       720896
         704         8192          57.975     11534336      1441792
         704        16384         115.022     23068672      2883584
         704        32768         229.163     46137344      5767168
         704        65536         457.377     92274688     11534336
         768            1           0.747         1536          192
         768            2           0.754         3072          384
         768            4           0.781         6144          768
         768            8           0.799        12288         1536
         768           16           0.848        24576         3072
         768           32           0.981        49152         6144
         768           64           1.200        98304        12288
         768          128           1.631       196608        24576
         768          256           2.520       393216        49152
         768          512           4.327       786432        98304
         768         1024           7.899      1572864       196608
         768         2048          15.133      3145728       393216
         768         4096          29.474      6291456       786432
         768         8192          57.937     12582912      1572864
         768        16384         115.054     25165824      3145728
         768        32768         229.110     50331648      6291456
         768        65536         457.349    100663296     12582912
         832            1           0.876         1664          208
         832            2           0.763         3328          416
         832            4           0.784         6656          832
         832            8           0.799        13312         1664
         832           16           0.884        26624         3328
         832           32           1.026        53248         6656
         832           64           1.251       106496        13312
         832          128           1.860       212992        26624
         832          256           2.739       425984        53248
         832          512           4.924       851968       106496
         832         1024           8.784      1703936       212992
         832         2048          16.929      3407872       425984
         832         4096          32.993      6815744       851968
         832         8192          65.120     13631488      1703936
         832        16384         129.312     27262976      3407872
         832        32768         263.512     54525952      6815744
         832        65536         514.389    109051904     13631488
         896            1           0.752         1792          224
         896            2           0.767         3584          448
         896            4           0.943         7168          896
         896            8           0.800        14336         1792
         896           16           0.904        28672         3584
         896           32           1.004        57344         7168
         896           64           1.253       114688        14336
         896          128           1.921       229376        28672
         896          256           2.868       458752        57344
         896          512           4.921       917504       114688
         896         1024           8.759      1835008       229376
         896         2048          16.925      3670016       458752
         896         4096          32.994      7340032       917504
         896         8192          65.088     14680064      1835008
         896        16384         129.301     29360128      3670016
         896        32768         257.672     58720256      7340032
         896        65536         514.421    117440512     14680064
         960            1           0.759         1920          240
         960            2           0.751         3840          480
         960            4           0.772         7680          960
         960            8           0.808        15360         1920
         960           16           0.890        30720         3840
         960           32           1.042        61440         7680
         960           64           1.451       122880        15360
         960          128           1.986       245760        30720
         960          256           2.992       491520        61440
         960          512           5.362       983040       122880
         960         1024           9.790      1966080       245760
         960         2048          18.696      3932160       491520
         960         4096          36.684      7864320       983040
         960         8192          72.231     15728640      1966080
         960        16384         143.510     31457280      3932160
         960        32768         286.141     62914560      7864320
        1024            1           0.883         2048          256
        1024            2           0.898         4096          512
        1024            4           0.794         8192         1024
        1024            8           0.844        16384         2048
        1024           16           0.975        32768         4096
        1024           32           1.027        65536         8192
        1024           64           1.439       131072        16384
        1024          128           1.924       262144        32768
        1024          256           2.981       524288        65536
        1024          512           5.232      1048576       131072
        1024         1024           9.720      2097152       262144
        1024         2048          18.802      4194304       524288
        1024         4096          36.684      8388608      1048576
        1024         8192          72.299     16777216      2097152
        1024        16384         143.519     33554432      4194304
        1024        32768         285.791     67108864      8388608
        1088            1           0.748         2176          272
        1088            2           0.890         4352          544
        1088            4           0.914         8704         1088
        1088            8           0.818        17408         2176
        1088           16           1.062        34816         4352
        1088           32           1.174        69632         8704
        1088           64           1.336       139264        17408
        1088          128           2.099       278528        34816
        1088          256           3.351       557056        69632
        1088          512           5.811      1114112       139264
        1088         1024          10.698      2228224       278528
        1088         2048          20.490      4456448       557056
        1088         4096          40.085      8912896      1114112
        1088         8192          79.340     17825792      2228224
        1088        16384         157.926     35651584      4456448
        1088        32768         314.690     71303168      8912896
        1152            1           0.751         2304          288
        1152            2           0.760         4608          576
        1152            4           0.917         9216         1152
        1152            8           0.791        18432         2304
        1152           16           0.917        36864         4608
        1152           32           1.060        73728         9216
        1152           64           1.347       147456        18432
        1152          128           1.969       294912        36864
        1152          256           3.321       589824        73728
        1152          512           5.656      1179648       147456
        1152         1024          10.745      2359296       294912
        1152         2048          20.591      4718592       589824
        1152         4096          40.143      9437184      1179648
        1152         8192          79.359     18874368      2359296
        1152        16384         161.338     37748736      4718592
        1152        32768         314.667     75497472      9437184
        1216            1           0.747         2432          304
        1216            2           0.754         4864          608
        1216            4           0.781         9728         1216
        1216            8           0.835        19456         2432
        1216           16           0.914        38912         4864
        1216           32           1.081        77824         9728
        1216           64           1.424       155648        19456
        1216          128           2.084       311296        38912
        1216          256           3.418       622592        77824
        1216          512           6.089      1245184       155648
        1216         1024          11.569      2490368       311296
        1216         2048          22.263      4980736       622592
        1216         4096          43.704      9961472      1245184
        1216         8192          86.479     19922944      2490368
        1216        16384         172.031     39845888      4980736
        1216        32768         343.238     79691776      9961472
        1280            1           0.753         2560          320
        1280            2           0.762         5120          640
        1280            4           0.787        10240         1280
        1280            8           0.829        20480         2560
        1280           16           0.904        40960         5120
        1280           32           1.077        81920        10240
        1280           64           1.408       163840        20480
        1280          128           2.068       327680        40960
        1280          256           3.431       655360        81920
        1280          512           6.110      1310720       163840
        1280         1024          11.456      2621440       327680
        1280         2048          22.294      5242880       655360
        1280         4096          43.659     10485760      1310720
        1280         8192          86.569     20971520      2621440
        1280        16384         172.064     41943040      5242880
        1280        32768         343.257     83886080     10485760
        1408            1           0.745         2816          352
        1408            2           0.774         5632          704
        1408            4           0.902        11264         1408
        1408            8           0.824        22528         2816
        1408           16           1.026        45056         5632
        1408           32           1.100        90112        11264
        1408           64           1.595       180224        22528
        1408          128           2.193       360448        45056
        1408          256           3.670       720896        90112
        1408          512           6.539      1441792       180224
        1408         1024          12.553      2883584       360448
        1408         2048          24.043      5767168       720896
        1408         4096          47.216     11534336      1441792
        1408         8192          93.583     23068672      2883584
        1408        16384         186.293     46137344      5767168
        1408        32768         371.717     92274688     11534336
        1536            1           0.804         3072          384
        1536            2           0.770         6144          768
        1536            4           0.951        12288         1536
        1536            8           0.840        24576         3072
        1536           16           1.062        49152         6144
        1536           32           1.132        98304        12288
        1536           64           1.504       196608        24576
        1536          128           2.409       393216        49152
        1536          256           3.998       786432        98304
        1536          512           7.150      1572864       196608
        1536         1024          13.334      3145728       393216
        1536         2048          25.895      6291456       786432
        1536         4096          50.801     12582912      1572864
        1536         8192         100.719     25165824      3145728
        1536        16384         200.596     50331648      6291456
        1536        32768         400.276    100663296     12582912
        1664            1           0.741         3328          416
        1664            2           0.780         6656          832
        1664            4           0.837        13312         1664
        1664            8           0.847        26624         3328
        1664           16           1.044        53248         6656
        1664           32           1.149       106496        13312
        1664           64           1.574       212992        26624
        1664          128           2.401       425984        53248
        1664          256           4.229       851968       106496
        1664          512           7.431      1703936       212992
        1664         1024          14.254      3407872       425984
        1664         2048          27.605      6815744       851968
        1664         4096          54.340     13631488      1703936
        1664         8192         107.855     27262976      3407872
        1664        16384         214.817     54525952      6815744
        1664        32768         437.236    109051904     13631488
        1792            1           0.761         3584          448
        1792            2           0.781         7168          896
        1792            4           0.814        14336         1792
        1792            8           0.853        28672         3584
        1792           16           0.967        57344         7168
        1792           32           1.171       114688        14336
        1792           64           1.648       229376        28672
        1792          128           2.673       458752        57344
        1792          256           4.299       917504       114688
        1792          512           8.014      1835008       229376
        1792         1024          15.228      3670016       458752
        1792         2048          29.392      7340032       917504
        1792         4096          58.019     14680064      1835008
        1792         8192         115.073     29360128      3670016
        1792        16384         229.207     58720256      7340032
        1792        32768         457.444    117440512     14680064
        1920            1           0.753         3840          480
        1920            2           0.895         7680          960
        1920            4           0.937        15360         1920
        1920            8           0.856        30720         3840
        1920           16           0.988        61440         7680
        1920           32           1.275       122880        15360
        1920           64           1.822       245760        30720
        1920          128           2.751       491520        61440
        1920          256           4.630       983040       122880
        1920          512           8.461      1966080       245760
        1920         1024          15.996      3932160       491520
        1920         2048          31.181      7864320       983040
        1920         4096          61.481     15728640      1966080
        1920         8192         122.280     31457280      3932160
        1920        16384         243.337     62914560      7864320
        2112            1           0.778         4224          528
        2112            2           0.807         8448         1056
        2112            4           0.837        16896         2112
        2112            8           0.880        33792         4224
        2112           16           1.001        67584         8448
        2112           32           1.277       135168        16896
        2112           64           1.778       270336        33792
        2112          128           2.850       540672        67584
        2112          256           4.999      1081344       135168
        2112          512           9.237      2162688       270336
        2112         1024          17.802      4325376       540672
        2112         2048          34.754      8650752      1081344
        2112         4096          68.629     17301504      2162688
        2112         8192         136.382     34603008      4325376
        2112        16384         271.895     69206016      8650752
        2304            1           0.762         4608          576
        2304            2           0.791         9216         1152
        2304            4           0.853        18432         2304
        2304            8           0.879        36864         4608
        2304           16           1.033        73728         9216
        2304           32           1.294       147456        18432
        2304           64           1.858       294912        36864
        2304          128           2.976       589824        73728
        2304          256           5.202      1179648       147456
        2304          512           9.673      2359296       294912
        2304         1024          18.711      4718592       589824
        2304         2048          36.525      9437184      1179648
        2304         4096          72.180     18874368      2359296
        2304         8192         143.512     37748736      4718592
        2304        16384         306.870     75497472      9437184
        2496            1           0.754         4992          624
        2496            2           0.820         9984         1248
        2496            4           0.853        19968         2496
        2496            8           0.898        39936         4992
        2496           16           1.047        79872         9984
        2496           32           1.344       159744        19968
        2496           64           1.971       319488        39936
        2496          128           3.040       638976        79872
        2496          256           7.470      1277952       159744
        2496          512          12.905      2555904       319488
        2496         1024          26.306      5111808       638976
        2496         2048          52.388     10223616      1277952
        2496         4096         105.864     20447232      2555904
        2496         8192         212.095     40894464      5111808
        2496        16384         420.582     81788928     10223616
        2688            1           0.888         5376          672
        2688            2           0.800        10752         1344
        2688            4           0.841        21504         2688
        2688            8           0.915        43008         5376
        2688           16           1.061        86016        10752
        2688           32           1.375       172032        21504
        2688           64           2.022       344064        43008
        2688          128           3.311       688128        86016
        2688          256           5.863      1376256       172032
        2688          512          11.018      2752512       344064
        2688         1024          21.373      5505024       688128
        2688         2048          41.872     11010048      1376256
        2688         4096          90.670     22020096      2752512
        2688         8192         164.895     44040192      5505024
        2688        16384         328.905     88080384     11010048
        2944            1           0.764         5888          736
        2944            2           0.797        11776         1472
        2944            4           0.848        23552         2944
        2944            8           0.907        47104         5888
        2944           16           1.087        94208        11776
        2944           32           1.439       188416        23552
        2944           64           2.142       376832        47104
        2944          128           3.537       753664        94208
        2944          256           6.340      1507328       188416
        2944          512          11.981      3014656       376832
        2944         1024          23.171      6029312       753664
        2944         2048          45.437     12058624      1507328
        2944         4096          90.000     24117248      3014656
        2944         8192         179.155     48234496      6029312
        2944        16384         357.446     96468992     12058624
        3200            1           0.772         6400          800
        3200            2           0.937        12800         1600
        3200            4           0.884        25600         3200
        3200            8           0.964        51200         6400
        3200           16           1.243       102400        12800
        3200           32           1.523       204800        25600
        3200           64           2.242       409600        51200
        3200          128           3.879       819200       102400
        3200          256           6.798      1638400       204800
        3200          512          12.895      3276800       409600
        3200         1024          25.086      6553600       819200
        3200         2048          49.003     13107200      1638400
        3200         4096          97.141     26214400      3276800
        3200         8192         193.417     52428800      6553600
        3200        16384         385.986    104857600     13107200
        3520            1           0.766         7040          880
        3520            2           0.838        14080         1760
        3520            4           0.869        28160         3520
        3520            8           0.959        56320         7040
        3520           16           1.153       112640        14080
        3520           32           1.576       225280        28160
        3520           64           2.411       450560        56320
        3520          128           4.200       901120       112640
        3520          256           7.449      1802240       225280
        3520          512          14.235      3604480       450560
        3520         1024          27.631      7208960       901120
        3520         2048          54.361     14417920      1802240
        3520         4096         107.848     28835840      3604480
        3520         8192         214.830     57671680      7208960
        3520        16384         428.785    115343360     14417920
        3840            1           0.824         7680          960
        3840            2           0.830        15360         1920
        3840            4           1.039        30720         3840
        3840            8           0.968        61440         7680
        3840           16           1.198       122880        15360
        3840           32           1.629       245760        30720
        3840           64           2.528       491520        61440
        3840          128           4.328       983040       122880
        3840          256           8.017      1966080       245760
        3840          512          15.126      3932160       491520
        3840         1024          29.404      7864320       983040
        3840         2048          57.916     15728640      1966080
        3840         4096         114.973     31457280      3932160
        3840         8192         229.085     62914560      7864320
        4224            1           0.769         8448         1056
        4224            2           0.821        16896         2112
        4224            4           1.043        33792         4224
        4224            8           1.082        67584         8448
        4224           16           1.537       135168        16896
        4224           32           1.965       270336        33792
        4224           64           3.291       540672        67584
        4224          128           5.603      1081344       135168
        4224          256          10.686      2162688       270336
        4224          512          20.258      4325376       540672
        4224         1024          39.642      8650752      1081344
        4224         2048          78.394     17301504      2162688
        4224         4096         155.903     34603008      4325376
        4224         8192         315.924     69206016      8650752
        4608            1           0.763         9216         1152
        4608            2           0.814        18432         2304
        4608            4           0.898        36864         4608
        4608            8           1.010        73728         9216
        4608           16           1.280       147456        18432
        4608           32           1.792       294912        36864
        4608           64           2.858       589824        73728
        4608          128           4.978      1179648       147456
        4608          256           9.215      2359296       294912
        4608          512          17.929      4718592       589824
        4608         1024          34.758      9437184      1179648
        4608         2048          68.630     18874368      2359296
        4608         4096         136.386     37748736      4718592
        4608         8192         271.895     75497472      9437184
        5056            1           0.788        10112         1264
        5056            2           0.986        20224         2528
        5056            4           0.921        40448         5056
        5056            8           1.197        80896        10112
        5056           16           1.458       161792        20224
        5056           32           2.144       323584        40448
        5056           64           2.832       647168        80896
        5056          128           5.516      1294336       161792
        5056          256          11.160      2588672       323584
        5056          512          22.260      5177344       647168
        5056         1024          44.167     10354688      1294336
        5056         2048          88.413     20709376      2588672
        5056         4096         177.036     41418752      5177344
        5056         8192         354.189     82837504     10354688
        5504            1           0.798        11008         1376
        5504            2           0.840        22016         2752
        5504            4           0.929        44032         5504
        5504            8           1.245        88064        11008
        5504           16           1.505       176128        22016
        5504           32           2.205       352256        44032
        5504           64           3.108       704512        88064
        5504          128           6.279      1409024       176128
        5504          256          11.988      2818048       352256
        5504          512          23.749      5636096       704512
        5504         1024          47.531     11272192      1409024
        5504         2048          94.974     22544384      2818048
        5504         4096         190.016     45088768      5636096
        5504         8192         380.031     90177536     11272192
        6016            1           0.804        12032         1504
        6016            2           0.844        24064         3008
        6016            4           0.933        48128         6016
        6016            8           1.277        96256        12032
        6016           16           1.592       192512        24064
        6016           32           2.369       385024        48128
        6016           64           3.901       770048        96256
        6016          128           7.146      1540096       192512
        6016          256          13.480      3080192       385024
        6016          512          26.440      6160384       770048
        6016         1024          50.973     12320768      1540096
        6016         2048         102.600     24641536      3080192
        6016         4096         204.162     49283072      6160384
        6016         8192         407.427     98566144     12320768
        6592            1           0.796        13184         1648
        6592            2           0.871        26368         3296
        6592            4           0.993        52736         6592
        6592            8           1.200       105472        13184
        6592           16           1.620       210944        26368
        6592           32           2.470       421888        52736
        6592           64           4.148       843776       105472
        6592          128           7.503      1687552       210944
        6592          256          14.390      3375104       421888
        6592          512          27.885      6750208       843776
        6592         1024          54.857     13500416      1687552
        6592         2048         108.792     27000832      3375104
        6592         4096         216.430     54001664      6750208
        6592         8192         433.005    108003328     13500416
        7232            1           0.796        14464         1808
        7232            2           0.728        28928         3616
        7232            4           1.108        57856         7232
        7232            8           1.316       115712        14464
        7232           16           1.768       231424        28928
        7232           32           2.593       462848        57856
        7232           64           4.450       925696       115712
        7232          128           8.049      1851392       231424
        7232          256          15.326      3702784       462848
        7232          512          30.146      7405568       925696
        7232         1024          59.110     14811136      1851392
        7232         2048         116.819     29622272      3702784
        7232         4096         232.498     59244544      7405568
        7232         8192         466.471    118489088     14811136
        7936            1           0.804        15872         1984
        7936            2           0.872        31744         3968
        7936            4           0.982        63488         7936
        7936            8           1.240       126976        15872
        7936           16           1.751       253952        31744
        7936           32           2.736       507904        63488
        7936           64           4.699      1015808       126976
        7936          128           8.599      2031616       253952
        7936          256          16.436      4063232       507904
        7936          512          32.161      8126464      1015808
        7936         1024          63.451     16252928      2031616
        7936         2048         125.983     32505856      4063232
        7936         4096         251.041     65011712      8126464
        8704            1           1.134        17408         2176
        8704            2           0.857        34816         4352
        8704            4           1.021        69632         8704
        8704            8           1.291       139264        17408
        8704           16           1.828       278528        34816
        8704           32           2.890       557056        69632
        8704           64           5.007      1114112       139264
        8704          128           9.234      2228224       278528
        8704          256          17.669      4456448       557056
        8704          512          34.672      8912896      1114112
        8704         1024          68.378     17825792      2228224
        8704         2048         135.962     35651584      4456448
        8704         4096         271.008     71303168      8912896
        9536            1           0.811        19072         2384
        9536            2           0.893        38144         4768
        9536            4           1.070        76288         9536
        9536            8           1.451       152576        19072
        9536           16           1.898       305152        38144
        9536           32           3.197       610304        76288
        9536           64           5.322      1220608       152576
        9536          128           9.977      2441216       305152
        9536          256          18.968      4882432       610304
        9536          512          37.041      9764864      1220608
        9536         1024          73.129     19529728      2441216
        9536         2048         145.339     39059456      4882432
        9536         4096         289.601     78118912      9764864
       10432            1           0.814        20864         2608
       10432            2           0.877        41728         5216
       10432            4           1.044        83456        10432
       10432            8           1.377       166912        20864
       10432           16           2.000       333824        41728
       10432           32           3.204       667648        83456
       10432           64           5.564      1335296       166912
       10432          128          10.503      2670592       333824
       10432          256          20.198      5341184       667648
       10432          512          39.707     10682368      1335296
       10432         1024          78.476     21364736      2670592
       10432         2048         156.214     42729472      5341184
       10432         4096         310.696     85458944     10682368
       11456            1           0.815        22912         2864
       11456            2           0.999        45824         5728
       11456            4           1.062        91648        11456
       11456            8           1.403       183296        22912
       11456           16           2.077       366592        45824
       11456           32           3.400       733184        91648
       11456           64           6.015      1466368       183296
       11456          128          11.369      2932736       366592
       11456          256          21.859      5865472       733184
       11456          512          42.969     11730944      1466368
       11456         1024          83.961     23461888      2932736
       11456         2048         168.521     46923776      5865472
       11456         4096         341.483     93847552     11730944
       12544            1           0.827        25088         3136
       12544            2           1.110        50176         6272
       12544            4           1.120       100352        12544
       12544            8           1.585       200704        25088
       12544           16           2.194       401408        50176
       12544           32           3.622       802816       100352
       12544           64           6.612      1605632       200704
       12544          128          12.257      3211264       401408
       12544          256          23.586      6422528       802816
       12544          512          46.378     12845056      1605632
       12544         1024          91.689     25690112      3211264
       12544         2048         182.448     51380224      6422528
       12544         4096         364.136    102760448     12845056
       13760            1           0.840        27520         3440
       13760            2           0.931        55040         6880
       13760            4           1.149       110080        13760
       13760            8           1.538       220160        27520
       13760           16           2.446       440320        55040
       13760           32           3.839       880640       110080
       13760           64           6.898      1761280       220160
       13760          128          13.012      3522560       440320
       13760          256          25.326      7045120       880640
       13760          512          49.693     14090240      1761280
       13760         1024          98.537     28180480      3522560
       13760         2048         196.183     56360960      7045120
       13760         4096         391.385    112721920     14090240
       15104            1           0.858        30208         3776
       15104            2           0.931        60416         7552
       15104            4           1.167       120832        15104
       15104            8           1.579       241664        30208
       15104           16           2.545       483328        60416
       15104           32           4.124       966656       120832
       15104           64           7.460      1933312       241664
       15104          128          14.115      3866624       483328
       15104          256          27.433      7733248       966656
       15104          512          54.152     15466496      1933312
       15104         1024         107.542     30932992      3866624
       15104         2048         213.928     61865984      7733248
       15104         4096         426.922    123731968     15466496
       16576            1           0.861        33152         4144
       16576            2           1.089        66304         8288
       16576            4           1.215       132608        16576
       16576            8           1.652       265216        33152
       16576           16           2.575       530432        66304
       16576           32           4.395      1060864       132608
       16576           64           7.967      2121728       265216
       16576          128          15.135      4243456       530432
       16576          256          29.564      8486912      1060864
       16576          512          58.086     16973824      2121728
       16576         1024         116.201     33947648      4243456
       16576         2048         232.772     67895296      8486912
       18176            1           0.875        36352         4544
       18176            2           0.963        72704         9088
       18176            4           1.229       145408        18176
       18176            8           1.722       290816        36352
       18176           16           2.931       581632        72704
       18176           32           4.857      1163264       145408
       18176           64           8.797      2326528       290816
       18176          128          16.462      4653056       581632
       18176          256          32.276      9306112      1163264
       18176          512          63.720     18612224      2326528
       18176         1024         126.354     37224448      4653056
       18176         2048         251.935     74448896      9306112
       19968            1           0.879        39936         4992
       19968            2           1.015        79872         9984
       19968            4           1.394       159744        19968
       19968            8           1.805       319488        39936
       19968           16           3.015       638976        79872
       19968           32           5.170      1277952       159744
       19968           64           9.268      2555904       319488
       19968          128          17.866      5111808       638976
       19968          256          34.851     10223616      1277952
       19968          512          68.837     20447232      2555904
       19968         1024         136.886     40894464      5111808
       19968         2048         276.534     81788928     10223616
       21952            1           0.878        43904         5488
       21952            2           1.016        87808        10976
       21952            4           1.345       175616        21952
       21952            8           1.932       351232        43904
       21952           16           3.096       702464        87808
       21952           32           5.403      1404928       175616
       21952           64          10.038      2809856       351232
       21952          128          19.385      5619712       702464
       21952          256          37.695     11239424      1404928
       21952          512          74.693     22478848      2809856
       21952         1024         148.492     44957696      5619712
       21952         2048         295.996     89915392     11239424
       24128            1           0.897        48256         6032
       24128            2           1.175        96512        12064
       24128            4           1.361       193024        24128
       24128            8           2.004       386048        48256
       24128           16           3.293       772096        96512
       24128           32           5.819      1544192       193024
       24128           64          10.865      3088384       386048
       24128          128          20.905      6176768       772096
       24128          256          41.207     12353536      1544192
       24128          512          81.273     24707072      3088384
       24128         1024         162.062     49414144      6176768
       24128         2048         322.104     98828288     12353536
       26496            1           0.929        52992         6624
       26496            2           1.079       105984        13248
       26496            4           1.492       211968        26496
       26496            8           2.206       423936        52992
       26496           16           3.523       847872       105984
       26496           32           6.283      1695744       211968
       26496           64          11.937      3391488       423936
       26496          128          22.882      6782976       847872
       26496          256          44.776     13565952      1695744
       26496          512          88.819     27131904      3391488
       26496         1024         176.712     54263808      6782976
       26496         2048         352.508    108527616     13565952
       29120            1           0.920        58240         7280
       29120            2           1.108       116480        14560
       29120            4           1.488       232960        29120
       29120            8           2.245       465920        58240
       29120           16           3.944       931840       116480
       29120           32           6.922      1863680       232960
       29120           64          12.832      3727360       465920
       29120          128          24.907      7454720       931840
       29120          256          48.855     14909440      1863680
       29120          512          97.390     29818880      3727360
       29120         1024         192.591     59637760      7454720
       29120         2048         385.136    119275520     14909440
       32000            1           0.954        64000         8000
       32000            2           1.139       128000        16000
       32000            4           1.550       256000        32000
       32000            8           2.529       512000        64000
       32000           16           4.062      1024000       128000
       32000           32           7.381      2048000       256000
       32000           64          13.892      4096000       512000
       32000          128          26.978      8192000      1024000
       32000          256          53.147     16384000      2048000
       32000          512         105.755     32768000      4096000
       32000         1024         210.269     65536000      8192000
       35200            1           1.183        70400         8800
       35200            2           1.307       140800        17600
       35200            4           1.630       281600        35200
       35200            8           2.544       563200        70400
       35200           16           4.525      1126400       140800
       35200           32           7.942      2252800       281600
       35200           64          15.109      4505600       563200
       35200          128          29.535      9011200      1126400
       35200          256          58.130     18022400      2252800
       35200          512         115.308     36044800      4505600
       35200         1024         229.846     72089600      9011200
       38720            1           1.097        77440         9680
       38720            2           1.229       154880        19360
       38720            4           1.739       309760        38720
       38720            8           2.711       619520        77440
       38720           16           4.700      1239040       154880
       38720           32           8.606      2478080       309760
       38720           64          16.383      4956160       619520
       38720          128          32.077      9912320      1239040
       38720          256          67.049     19824640      2478080
       38720          512         126.262     39649280      4956160
       38720         1024         251.208     79298560      9912320
       42560            1           1.001        85120        10640
       42560            2           1.262       170240        21280
       42560            4           1.800       340480        42560
       42560            8           2.886       680960        85120
       42560           16           5.042      1361920       170240
       42560           32           9.332      2723840       340480
       42560           64          18.013      5447680       680960
       42560          128          35.055     10895360      1361920
       42560          256          69.455     21790720      2723840
       42560          512         137.767     43581440      5447680
       42560         1024         274.202     87162880     10895360
       46784            1           1.054        93568        11696
       46784            2           1.450       187136        23392
       46784            4           1.910       374272        46784
       46784            8           3.257       748544        93568
       46784           16           5.448      1497088       187136
       46784           32          10.156      2994176       374272
       46784           64          19.521      5988352       748544
       46784          128          38.272     11976704      1497088
       46784          256          75.615     23953408      2994176
       46784          512         151.124     47906816      5988352
       46784         1024         301.335     95813632     11976704
       51456            1           1.052       102912        12864
       51456            2           1.388       205824        25728
       51456            4           2.020       411648        51456
       51456            8           3.330       823296       102912
       51456           16           5.921      1646592       205824
       51456           32          11.050      3293184       411648
       51456           64          21.328      6586368       823296
       51456          128          41.868     13172736      1646592
       51456          256          82.994     26345472      3293184
       51456          512         165.164     52690944      6586368
       51456         1024         329.406    105381888     13172736
       56576            1           1.080       113152        14144
       56576            2           1.436       226304        28288
       56576            4           2.256       452608        56576
       56576            8           3.665       905216       113152
       56576           16           6.392      1810432       226304
       56576           32          12.033      3620864       452608
       56576           64          23.277      7241728       905216
       56576          128          45.900     14483456      1810432
       56576          256          90.727     28966912      3620864
       56576          512         180.791     57933824      7241728
       56576         1024         360.576    115867648     14483456
       62208            1           1.147       124416        15552
       62208            2           1.492       248832        31104
       62208            4           2.281       497664        62208
       62208            8           3.842       995328       124416
       62208           16           6.946      1990656       248832
       62208           32          13.149      3981312       497664
       62208           64          25.451      7962624       995328
       62208          128          50.131     15925248      1990656
       62208          256          99.524     31850496      3981312
       62208          512         198.128     63700992      7962624
       68416            1           1.273       136832        17104
       68416            2           1.576       273664        34208
       68416            4           2.438       547328        68416
       68416            8           4.147      1094656       136832
       68416           16           7.641      2189312       273664
       68416           32          14.266      4378624       547328
       68416           64          27.801      8757248      1094656
       68416          128          54.751     17514496      2189312
       68416          256         108.697     35028992      4378624
       68416          512         216.547     70057984      8757248
       75200            1           1.221       150400        18800
       75200            2           1.678       300800        37600
       75200            4           2.725       601600        75200
       75200            8           4.454      1203200       150400
       75200           16           8.163      2406400       300800
       75200           32          15.579      4812800       601600
       75200           64          30.377      9625600      1203200
       75200          128          64.799     19251200      2406400
       75200          256         119.253     38502400      4812800
       75200          512         237.801     77004800      9625600
       82688            1           1.284       165376        20672
       82688            2           1.755       330752        41344
       82688            4           2.913       661504        82688
       82688            8           4.964      1323008       165376
       82688           16           8.990      2646016       330752
       82688           32          17.014      5292032       661504
       82688           64          33.244     10584064      1323008
       82688          128          65.684     21168128      2646016
       82688          256         130.577     42336256      5292032
       82688          512         260.435     84672512     10584064
       90944            1           1.399       181888        22736
       90944            2           1.842       363776        45472
       90944            4           2.974       727552        90944
       90944            8           5.198      1455104       181888
       90944           16           9.662      2910208       363776
       90944           32          18.573      5820416       727552
       90944           64          36.337     11640832      1455104
       90944          128          71.968     23281664      2910208
       90944          256         143.119     46563328      5820416
       90944          512         285.538     93126656     11640832
      100032            1           1.565       200064        25008
      100032            2           1.955       400128        50016
      100032            4           3.174       800256       100032
      100032            8           5.762      1600512       200064
      100032           16          10.529      3201024       400128
      100032           32          20.342      6402048       800256
      100032           64          39.865     12804096      1600512
      100032          128          79.035     25608192      3201024
      100032          256         157.486     51216384      6402048
      100032          512         313.563    102432768     12804096
      110016            1           1.815       220032        27504
      110016            2           2.073       440064        55008
      110016            4           3.415       880128       110016
      110016            8           6.108      1760256       220032
      110016           16          11.533      3520512       440064
      110016           32          22.215      7041024       880128
      110016           64          43.673     14082048      1760256
      110016          128          86.459     28164096      3520512
      110016          256         172.103     56328192      7041024
      110016          512         343.077    112656384     14082048
      120960            1           1.132       241920        30240
      120960            2           2.241       483840        60480
      120960            4           3.854       967680       120960
      120960            8           6.638      1935360       241920
      120960           16          12.531      3870720       483840
      120960           32          24.293      7741440       967680
      120960           64          47.798     15482880      1935360
      120960          128          94.818     30965760      3870720
      120960          256         188.791     61931520      7741440
      120960          512         376.887    123863040     15482880
      133056            1           1.449       266112        33264
      133056            2           2.353       532224        66528
      133056            4           4.109      1064448       133056
      133056            8           7.209      2128896       266112
      133056           16          13.680      4257792       532224
      133056           32          26.591      8515584      1064448
      133056           64          52.565     17031168      2128896
      133056          128         104.157     34062336      4257792
      133056          256         212.374     68124672      8515584
      146304            1           1.921       292608        36576
      146304            2           2.675       585216        73152
      146304            4           4.427      1170432       146304
      146304            8           7.952      2340864       292608
      146304           16          15.103      4681728       585216
      146304           32          29.130      9363456      1170432
      146304           64          57.444     18726912      2340864
      146304          128         114.064     37453824      4681728
      146304          256         227.462     74907648      9363456
      160896            1           2.117       321792        40224
      160896            2           2.687       643584        80448
      160896            4           4.635      1287168       160896
      160896            8           8.536      2574336       321792
      160896           16          16.471      5148672       643584
      160896           32          31.901     10297344      1287168
      160896           64          63.023     20594688      2574336
      160896          128         125.356     41189376      5148672
      160896          256         249.737     82378752     10297344
      176960            1           2.277       353920        44240
      176960            2           2.892       707840        88480
      176960            4           5.069      1415680       176960
      176960            8           9.443      2831360       353920
      176960           16          18.021      5662720       707840
      176960           32          34.973     11325440      1415680
      176960           64          69.175     22650880      2831360
      176960          128         137.603     45301760      5662720
      176960          256         274.184     90603520     11325440
      194624            1           2.653       389248        48656
      194624            2           3.126       778496        97312
      194624            4           5.499      1556992       194624
      194624            8          10.370      3113984       389248
      194624           16          19.596      6227968       778496
      194624           32          38.340     12455936      1556992
      194624           64          76.088     24911872      3113984
      194624          128         150.912     49823744      6227968
      194624          256         301.129     99647488     12455936
      214080            1           2.769       428160        53520
      214080            2           3.422       856320       107040
      214080            4           5.952      1712640       214080
      214080            8          11.143      3425280       428160
      214080           16          21.483      6850560       856320
      214080           32          42.143     13701120      1712640
      214080           64          83.314     27402240      3425280
      214080          128         165.837     54804480      6850560
      214080          256         330.790    109608960     13701120
      235456            1           2.693       470912        58864
      235456            2           3.747       941824       117728
      235456            4           6.557      1883648       235456
      235456            8          12.216      3767296       470912
      235456           16          23.566      7534592       941824
      235456           32          46.224     15069184      1883648
      235456           64          91.625     30138368      3767296
      235456          128         182.312     60276736      7534592
      235456          256         363.784    120553472     15069184
      258944            1           2.735       517888        64736
      258944            2           4.087      1035776       129472
      258944            4           7.203      2071552       258944
      258944            8          13.427      4143104       517888
      258944           16          25.897      8286208      1035776
      258944           32          50.804     16572416      2071552
      258944           64         100.589     33144832      4143104
      258944          128         203.484     66289664      8286208
      284800            1           3.489       569600        71200
      284800            2           4.641      1139200       142400
      284800            4           8.575      2278400       284800
      284800            8          15.989      4556800       569600
      284800           16          31.282      9113600      1139200
      284800           32          62.574     18227200      2278400
      284800           64         124.611     36454400      4556800
      284800          128         250.211     72908800      9113600
      313280            1           3.547       626560        78320
      313280            2           5.086      1253120       156640
      313280            4           9.710      2506240       313280
      313280            8          17.758      5012480       626560
      313280           16          35.131     10024960      1253120
      313280           32          70.002     20049920      2506240
      313280           64         140.371     40099840      5012480
      313280          128         280.829     80199680     10024960
      344576            1           3.832       689152        86144
      344576            2           5.646      1378304       172288
      344576            4          10.469      2756608       344576
      344576            8          20.039      5513216       689152
      344576           16          38.565     11026432      1378304
      344576           32          77.125     22052864      2756608
      344576           64         153.960     44105728      5513216
      344576          128         308.220     88211456     11026432
      379008            1           4.623       758016        94752
      379008            2           5.996      1516032       189504
      379008            4          11.333      3032064       379008
      379008            8          21.837      6064128       758016
      379008           16          43.275     12128256      1516032
      379008           32          85.351     24256512      3032064
      379008           64         169.423     48513024      6064128
      379008          128         339.093     97026048     12128256
      416896            1           4.922       833792       104224
      416896            2           6.555      1667584       208448
      416896            4          12.369      3335168       416896
      416896            8          23.959      6670336       833792
      416896           16          47.056     13340672      1667584
      416896           32          93.250     26681344      3335168
      416896           64         186.280     53362688      6670336
      416896          128         372.877    106725376     13340672
      458560            1           5.726       917120       114640
      458560            2           7.126      1834240       229280
      458560            4          13.523      3668480       458560
      458560            8          26.364      7336960       917120
      458560           16          51.719     14673920      1834240
      458560           32         102.475     29347840      3668480
      458560           64         205.182     58695680      7336960
      458560          128         427.289    117391360     14673920
      504384            1           6.489      1008768       126096
      504384            2           7.895      2017536       252192
      504384            4          14.541      4035072       504384
      504384            8          37.193      8070144      1008768
      504384           16          56.158     16140288      2017536
      504384           32         117.622     32280576      4035072
      504384           64         236.843     64561152      8070144
      554816            1           6.626      1109632       138704
      554816            2           8.438      2219264       277408
      554816            4          16.319      4438528       554816
      554816            8          30.858      8877056      1109632
      554816           16          61.930     17754112      2219264
      554816           32         123.819     35508224      4438528
      554816           64         247.808     71016448      8877056
      610240            1           7.737      1220480       152560
      610240            2           9.257      2440960       305120
      610240            4          17.726      4881920       610240
      610240            8          34.457      9763840      1220480
      610240           16          67.869     19527680      2440960
      610240           32         135.989     39055360      4881920
      610240           64         272.175     78110720      9763840
      671232            1           8.276      1342464       167808
      671232            2          10.043      2684928       335616
      671232            4          19.244      5369856       671232
      671232            8          37.401     10739712      1342464
      671232           16          74.728     21479424      2684928
      671232           32         149.700     42958848      5369856
      671232           64         298.929     85917696     10739712
      738304            1           9.819      1476608       184576
      738304            2          10.940      2953216       369152
      738304            4          21.300      5906432       738304
      738304            8          41.148     11812864      1476608
      738304           16          82.148     23625728      2953216
      738304           32         164.413     47251456      5906432
      738304           64         329.023     94502912     11812864
      812096            1          10.083      1624192       203024
      812096            2          11.941      3248384       406048
      812096            4          23.124      6496768       812096
      812096            8          45.298     12993536      1624192
      812096           16          90.243     25987072      3248384
      812096           32         181.570     51974144      6496768
      812096           64         361.655    103948288     12993536
      893248            1          10.892      1786496       223312
      893248            2          13.188      3572992       446624
      893248            4          25.529      7145984       893248
      893248            8          50.365     14291968      1786496
      893248           16          99.340     28583936      3572992
      893248           32         203.580     57167872      7145984
      893248           64         396.455    114335744     14291968
      982528            1          12.213      1965056       245632
      982528            2          14.507      3930112       491264
      982528            4          28.017      7860224       982528
      982528            8          55.129     15720448      1965056
      982528           16         109.395     31440896      3930112
      982528           32         217.831     62881792      7860224
     1080768            1          13.519      2161536       270192
     1080768            2          15.829      4323072       540384
     1080768            4          30.846      8646144      1080768
     1080768            8          60.749     17292288      2161536
     1080768           16         120.611     34584576      4323072
     1080768           32         240.490     69169152      8646144
     1188800            1          14.732      2377600       297200
     1188800            2          17.280      4755200       594400
     1188800            4          33.684      9510400      1188800
     1188800            8          66.799     19020800      2377600
     1188800           16         132.659     38041600      4755200
     1188800           32         264.456     76083200      9510400
     1307648            1          16.347      2615296       326912
     1307648            2          19.308      5230592       653824
     1307648            4          37.442     10461184      1307648
     1307648            8          73.873     20922368      2615296
     1307648           16         146.740     41844736      5230592
     1307648           32         293.370     83689472     10461184
     1438400            1          18.701      2876800       359600
     1438400            2          21.560      5753600       719200
     1438400            4          41.767     11507200      1438400
     1438400            8          82.732     23014400      2876800
     1438400           16         165.550     46028800      5753600
     1438400           32         330.081     92057600     11507200
     1582208            1          20.984      3164416       395552
     1582208            2          23.767      6328832       791104
     1582208            4          46.776     12657664      1582208
     1582208            8          93.759     25315328      3164416
     1582208           16         187.384     50630656      6328832
     1582208           32         379.305    101261312     12657664
     1740416            1          22.880      3480832       435104
     1740416            2          27.404      6961664       870208
     1740416            4          53.271     13923328      1740416
     1740416            8         105.124     27846656      3480832
     1740416           16         208.885     55693312      6961664
     1740416           32         416.298    111386624     13923328
     1914432            1          24.266      3828864       478608
     1914432            2          30.943      7657728       957216
     1914432            4          59.862     15315456      1914432
     1914432            8         118.713     30630912      3828864
     1914432           16         236.012     61261824      7657728
     1914432           32         470.120    122523648     15315456
     2105856            1          27.735      4211712       526464
     2105856            2          34.597      8423424      1052928
     2105856            4          67.534     16846848      2105856
     2105856            8         135.291     33693696      4211712
     2105856           16         267.717     67387392      8423424
     2316416            1          30.440      4632832       579104
     2316416            2          38.033      9265664      1158208
     2316416            4          75.121     18531328      2316416
     2316416            8         149.882     37062656      4632832
     2316416           16         300.213     74125312      9265664
     2548032            1          35.081      5096064       637008
     2548032            2          43.146     10192128      1274016
     2548032            4          84.628     20384256      2548032
     2548032            8         169.143     40768512      5096064
     2548032           16         338.191     81537024     10192128
     2802816            1          38.759      5605632       700704
     2802816            2          48.349     11211264      1401408
     2802816            4          95.845     22422528      2802816
     2802816            8         195.587     44845056      5605632
     2802816           16         379.424     89690112     11211264
     3083072            1          43.758      6166144       770768
     3083072            2          54.568     12332288      1541536
     3083072            4         107.858     24664576      3083072
     3083072            8         214.919     49329152      6166144
     3083072           16         428.518     98658304     12332288
     3391360            1          48.923      6782720       847840
     3391360            2          59.699     13565440      1695680
     3391360            4         119.629     27130880      3391360
     3391360            8         239.492     54261760      6782720
     3391360           16         479.006    108523520     13565440
     3730496            1          53.868      7460992       932624
     3730496            2          66.419     14921984      1865248
     3730496            4         131.656     29843968      3730496
     3730496            8         263.551     59687936      7460992
     3730496           16         527.154    119375872     14921984
     4103488            1          60.374      8206976      1025872
     4103488            2          73.539     16413952      2051744
     4103488            4         146.000     32827904      4103488
     4103488            8         290.707     65655808      8206976
     4513792            1          80.800      9027584      1128448
     4513792            2          80.564     18055168      2256896
     4513792            4         160.151     36110336      4513792
     4513792            8         319.919     72220672      9027584
     4965120            1          72.512      9930240      1241280
     4965120            2          88.637     19860480      2482560
     4965120            4         176.319     39720960      4965120
     4965120            8         351.772     79441920      9930240
     5461632            1          80.774     10923264      1365408
     5461632            2          97.563     21846528      2730816
     5461632            4         193.649     43693056      5461632
     5461632            8         385.930     87386112     10923264
     6007744            1          88.471     12015488      1501936
     6007744            2         107.247     24030976      3003872
     6007744            4         213.201     48061952      6007744
     6007744            8         425.450     96123904     12015488
     6608512            1          96.514     13217024      1652128
     6608512            2         117.974     26434048      3304256
     6608512            4         233.496     52868096      6608512
     6608512            8         467.284    105736192     13217024
     7269312            1         106.431     14538624      1817328
     7269312            2         134.034     29077248      3634656
     7269312            4         257.979     58154496      7269312
     7269312            8         514.720    116308992     14538624
     7996224            1         117.024     15992448      1999056
     7996224            2         141.778     31984896      3998112
     7996224            4         283.396     63969792      7996224
     8795840            1         128.450     17591680      2198960
     8795840            2         156.544     35183360      4397920
     8795840            4         311.691     70366720      8795840
     9675392            1         141.405     19350784      2418848
     9675392            2         172.158     38701568      4837696
     9675392            4         342.647     77403136      9675392
    10642880            1         156.417     21285760      2660720
    10642880            2         188.714     42571520      5321440
    10642880            4         376.770     85143040     10642880
    11707136            1         174.134     23414272      2926784
    11707136            2         208.123     46828544      5853568
    11707136            4         421.248     93657088     11707136
    12877824            1         190.902     25755648      3219456
    12877824            2         231.039     51511296      6438912
    12877824            4         462.161    103022592     12877824
    14165568            1         209.646     28331136      3541392
    14165568            2         257.504     56662272      7082784
    14165568            4         512.814    113324544     14165568
    15582080            1         230.547     31164160      3895520
    15582080            2         292.264     62328320      7791040
    15582080            4         578.312    124656640     15582080
    17140288            1         257.696     34280576      4285072
    17140288            2         339.593     68561152      8570144
    18854272            1         305.860     37708544      4713568
    18854272            2         514.565     75417088      9427136
    20739648            1         387.777     41479296      5184912
    20739648            2         928.581     82958592     10369824
    22813568            1         640.189     45627136      5703392
    22813568            2        1636.575     91254272     11406784
    25094912            1        1025.413     50189824      6273728
    25094912            2        2455.529    100379648     12547456
    27604352            1        1476.216     55208704      6901088
    27604352            2        3410.278    110417408     13802176
    30364736            1        1929.249     60729472      7591184
    30364736            2        4321.372    121458944     15182368
    33401152            1        2414.164     66802304      8350288
    36741248            1        2781.761     73482496      9185312
    40415360            1        3132.177     80830720     10103840
    44456896            1        3500.824     88913792     11114224
    48902528            1        3870.391     97805056     12225632
    53792768            1        4270.383    107585536     13448192
    59172032            1        4663.799    118344064     14793008

META_DATA
MPI_PROCS      1
OPENMP_THREADS 8
FLOPS          2
ERT_VERSION  1.0.0
TIMESTAMP_DATA  1594852872.64
HOSTNAME  ('apollo-PowerEdge-R430', [], ['127.0.1.1'])
UNAME  ('Linux', 'apollo-PowerEdge-R430', '4.19.129-0419129-generic', '#202006220433 SMP Mon Jun 22 09:12:54 UTC 2020', 'x86_64', 'x86_64')
CONFIG  {'ERT_WORKING_SET_MIN': ['1'], 'ERT_CFLAGS': ['-O3'], 'ERT_CC': ['gcc'], 'ERT_MPI_CFLAGS': [], 'ERT_MPI_LDFLAGS': [], 'ERT_MEMORY_MAX': ['62497788'], 'ERT_PROCS_THREADS': ['8'], 'ERT_LDFLAGS': [], 'ERT_LDLIBS': [], 'ERT_SPEC_GBYTES_DRAM': ['1.0'], 'ERT_RUN': ['export', 'KMP_AFFINITY=scatter;', 'export', 'OMP_NUM_THREADS=ERT_OPENMP_THREADS;', 'ERT_CODE'], 'ERT_FLOPS': ['1,2,4,8,16'], 'ERT_OPENMP_CFLAGS': ['-fopenmp'], 'ERT_SPEC_GFLOPS': ['1.0'], 'ERT_MPI': ['False'], 'ERT_TRIALS_MIN': ['1'], 'ERT_DRIVER': ['driver1'], 'ERT_RESULTS': ['Results.x86'], 'ERT_OPENMP': ['True'], 'ERT_MPI_PROCS': ['1'], 'ERT_KERNEL': ['kernel1'], 'ERT_OPENMP_THREADS': ['1-32'], 'ERT_LD': ['gcc'], 'ERT_NUM_EXPERIMENTS': ['6'], 'ERT_OPENMP_LDFLAGS': ['-fopenmp'], 'ERT_ALIGN': ['32'], 'ERT_GNUPLOT': ['gnuplot']}
