          64            1           1.732          128            8
          64            2           0.772          256           16
          64            4           0.778          512           32
          64            8           0.785         1024           64
          64           16           0.765         2048          128
          64           32           0.815         4096          256
          64           64           0.945         8192          512
          64          128           1.189        16384         1024
          64          256           1.698        32768         2048
          64          512           2.703        65536         4096
          64         1024           4.720       131072         8192
          64         2048           8.719       262144        16384
          64         4096          16.738       524288        32768
          64         8192          32.799      1048576        65536
          64        16384          64.876      2097152       131072
          64        32768         146.309      4194304       262144
          64        65536         280.983      8388608       524288
          64       131072         562.192     16777216      1048576
          64       262144        1124.480     33554432      2097152
          64       524288        2253.359     67108864      4194304
         128            1           0.742          256           16
         128            2           0.744          512           32
         128            4           0.750         1024           64
         128            8           0.771         2048          128
         128           16           0.770         4096          256
         128           32           0.828         8192          512
         128           64           0.947        16384         1024
         128          128           1.204        32768         2048
         128          256           1.695        65536         4096
         128          512           2.698       131072         8192
         128         1024           4.846       262144        16384
         128         2048           8.521       524288        32768
         128         4096          17.341      1048576        65536
         128         8192          34.870      2097152       131072
         128        16384          69.990      4194304       262144
         128        32768         140.516      8388608       524288
         128        65536         280.953     16777216      1048576
         128       131072         562.044     33554432      2097152
         128       262144        1124.501     67108864      4194304
         192            1           0.761          384           24
         192            2           0.771          768           48
         192            4           0.768         1536           96
         192            8           0.778         3072          192
         192           16           0.792         6144          384
         192           32           0.837        12288          768
         192           64           0.971        24576         1536
         192          128           1.225        49152         3072
         192          256           1.729        98304         6144
         192          512           2.722       196608        12288
         192         1024           4.713       393216        24576
         192         2048           8.552       786432        49152
         192         4096          17.339      1572864        98304
         192         8192          35.119      3145728       196608
         192        16384          70.021      6291456       393216
         192        32768         140.324     12582912       786432
         192        65536         281.256     25165824      1572864
         192       131072         570.856     50331648      3145728
         192       262144        1124.480    100663296      6291456
         256            1           0.758          512           32
         256            2           0.761         1024           64
         256            4           0.780         2048          128
         256            8           0.801         4096          256
         256           16           0.801         8192          512
         256           32           0.859        16384         1024
         256           64           0.996        32768         2048
         256          128           1.230        65536         4096
         256          256           1.767       131072         8192
         256          512           2.720       262144        16384
         256         1024           4.782       524288        32768
         256         2048           8.540      1048576        65536
         256         4096          17.327      2097152       131072
         256         8192          34.827      4194304       262144
         256        16384          70.021      8388608       524288
         256        32768         140.276     16777216      1048576
         256        65536         280.902     33554432      2097152
         256       131072         562.137     67108864      4194304
         320            1           0.886          640           40
         320            2           0.762         1280           80
         320            4           0.765         2560          160
         320            8           0.784         5120          320
         320           16           0.806        10240          640
         320           32           0.894        20480         1280
         320           64           1.063        40960         2560
         320          128           1.292        81920         5120
         320          256           1.812       163840        10240
         320          512           2.631       327680        20480
         320         1024           4.814       655360        40960
         320         2048           8.558      1310720        81920
         320         4096          17.292      2621440       163840
         320         8192          34.887      5242880       327680
         320        16384          69.978     10485760       655360
         320        32768         140.292     20971520      1310720
         320        65536         280.877     41943040      2621440
         320       131072         562.093     83886080      5242880
         384            1           0.774          768           48
         384            2           0.771         1536           96
         384            4           0.784         3072          192
         384            8           0.801         6144          384
         384           16           0.810        12288          768
         384           32           0.890        24576         1536
         384           64           1.081        49152         3072
         384          128           1.317        98304         6144
         384          256           1.801       196608        12288
         384          512           2.767       393216        24576
         384         1024           5.023       786432        49152
         384         2048           8.537      1572864        98304
         384         4096          17.389      3145728       196608
         384         8192          34.912      6291456       393216
         384        16384          70.164     12582912       786432
         384        32768         140.385     25165824      1572864
         384        65536         285.721     50331648      3145728
         384       131072         533.062    100663296      6291456
         448            1           0.798          896           56
         448            2           0.785         1792          112
         448            4           0.787         3584          224
         448            8           0.801         7168          448
         448           16           0.828        14336          896
         448           32           0.926        28672         1792
         448           64           1.140        57344         3584
         448          128           1.436       114688         7168
         448          256           1.896       229376        14336
         448          512           2.978       458752        28672
         448         1024           5.304       917504        57344
         448         2048           9.728      1835008       114688
         448         4096          18.702      3670016       229376
         448         8192          36.468      7340032       458752
         448        16384          72.135     14680064       917504
         448        32768         143.440     29360128      1835008
         448        65536         286.185     58720256      3670016
         448       131072         571.454    117440512      7340032
         512            1           0.748         1024           64
         512            2           0.743         2048          128
         512            4           0.782         4096          256
         512            8           0.838         8192          512
         512           16           1.011        16384         1024
         512           32           0.922        32768         2048
         512           64           1.127        65536         4096
         512          128           1.368       131072         8192
         512          256           1.968       262144        16384
         512          512           3.141       524288        32768
         512         1024           5.336      1048576        65536
         512         2048           9.772      2097152       131072
         512         4096          18.738      4194304       262144
         512         8192          36.456      8388608       524288
         512        16384          72.153     16777216      1048576
         512        32768         143.569     33554432      2097152
         512        65536         286.225     67108864      4194304
         576            1           0.754         1152           72
         576            2           0.777         2304          144
         576            4           0.902         4608          288
         576            8           0.811         9216          576
         576           16           0.844        18432         1152
         576           32           0.951        36864         2304
         576           64           1.156        73728         4608
         576          128           1.509       147456         9216
         576          256           2.111       294912        18432
         576          512           3.357       589824        36864
         576         1024           5.714      1179648        73728
         576         2048          10.701      2359296       147456
         576         4096          20.628      4718592       294912
         576         8192          40.108      9437184       589824
         576        16384          79.246     18874368      1179648
         576        32768         157.863     37748736      2359296
         576        65536         314.603     75497472      4718592
         640            1           0.765         1280           80
         640            2           0.758         2560          160
         640            4           0.787         5120          320
         640            8           0.802        10240          640
         640           16           0.831        20480         1280
         640           32           0.947        40960         2560
         640           64           1.135        81920         5120
         640          128           1.629       163840        10240
         640          256           2.284       327680        20480
         640          512           4.002       655360        40960
         640         1024           7.041      1310720        81920
         640         2048          13.446      2621440       163840
         640         4096          25.833      5242880       327680
         640         8192          50.800     10485760       655360
         640        16384         100.755     20971520      1310720
         640        32768         200.578     41943040      2621440
         640        65536         405.711     83886080      5242880
         704            1           0.759         1408           88
         704            2           0.789         2816          176
         704            4           0.799         5632          352
         704            8           0.807        11264          704
         704           16           0.856        22528         1408
         704           32           0.967        45056         2816
         704           64           1.165        90112         5632
         704          128           1.620       180224        11264
         704          256           2.502       360448        22528
         704          512           4.322       720896        45056
         704         1024           7.883      1441792        90112
         704         2048          15.169      2883584       180224
         704         4096          29.421      5767168       360448
         704         8192          57.966     11534336       720896
         704        16384         115.021     23068672      1441792
         704        32768         229.128     46137344      2883584
         704        65536         457.340     92274688      5767168
         768            1           0.753         1536           96
         768            2           0.790         3072          192
         768            4           0.779         6144          384
         768            8           0.796        12288          768
         768           16           0.850        24576         1536
         768           32           0.961        49152         3072
         768           64           1.173        98304         6144
         768          128           1.618       196608        12288
         768          256           2.526       393216        24576
         768          512           4.365       786432        49152
         768         1024           7.926      1572864        98304
         768         2048          15.155      3145728       196608
         768         4096          29.396      6291456       393216
         768         8192          57.916     12582912       786432
         768        16384         114.992     25165824      1572864
         768        32768         229.072     50331648      3145728
         768        65536         457.290    100663296      6291456
         832            1           0.740         1664          104
         832            2           0.791         3328          208
         832            4           0.816         6656          416
         832            8           0.801        13312          832
         832           16           0.853        26624         1664
         832           32           0.982        53248         3328
         832           64           1.277       106496         6656
         832          128           1.770       212992        13312
         832          256           2.738       425984        26624
         832          512           4.795       851968        53248
         832         1024           8.807      1703936       106496
         832         2048          16.944      3407872       212992
         832         4096          32.997      6815744       425984
         832         8192          65.083     13631488       851968
         832        16384         129.238     27262976      1703936
         832        32768         257.639     54525952      3407872
         832        65536         514.377    109051904      6815744
         896            1           0.737         1792          112
         896            2           0.764         3584          224
         896            4           0.789         7168          448
         896            8           0.808        14336          896
         896           16           0.854        28672         1792
         896           32           0.994        57344         3584
         896           64           1.253       114688         7168
         896          128           1.764       229376        14336
         896          256           2.764       458752        28672
         896          512           4.807       917504        57344
         896         1024           8.776      1835008       114688
         896         2048          16.932      3670016       229376
         896         4096          32.987      7340032       458752
         896         8192          65.186     14680064       917504
         896        16384         129.281     29360128      1835008
         896        32768         257.637     58720256      3670016
         896        65536         521.942    117440512      7340032
         960            1           0.756         1920          120
         960            2           0.772         3840          240
         960            4           0.775         7680          480
         960            8           0.817        15360          960
         960           16           0.872        30720         1920
         960           32           1.007        61440         3840
         960           64           1.309       122880         7680
         960          128           1.876       245760        15360
         960          256           3.006       491520        30720
         960          512           5.237       983040        61440
         960         1024           9.796      1966080       122880
         960         2048          18.723      3932160       245760
         960         4096          36.554      7864320       491520
         960         8192          72.221     15728640       983040
         960        16384         143.526     31457280      1966080
         960        32768         286.166     62914560      3932160
        1024            1           0.754         2048          128
        1024            2           0.752         4096          256
        1024            4           0.775         8192          512
        1024            8           0.807        16384         1024
        1024           16           0.867        32768         2048
        1024           32           1.011        65536         4096
        1024           64           1.271       131072         8192
        1024          128           1.842       262144        16384
        1024          256           2.943       524288        32768
        1024          512           5.213      1048576        65536
        1024         1024           9.666      2097152       131072
        1024         2048          18.673      4194304       262144
        1024         4096          36.513      8388608       524288
        1024         8192          72.172     16777216      1048576
        1024        16384         143.486     33554432      2097152
        1024        32768         286.117     67108864      4194304
        1088            1           0.730         2176          136
        1088            2           0.757         4352          272
        1088            4           0.770         8704          544
        1088            8           0.815        17408         1088
        1088           16           0.884        34816         2176
        1088           32           1.040        69632         4352
        1088           64           1.343       139264         8704
        1088          128           1.956       278528        17408
        1088          256           3.192       557056        34816
        1088          512           5.681      1114112        69632
        1088         1024          10.561      2228224       139264
        1088         2048          20.481      4456448       278528
        1088         4096          40.091      8912896       557056
        1088         8192          79.305     17825792      1114112
        1088        16384         157.768     35651584      2228224
        1088        32768         314.670     71303168      4456448
        1152            1           0.737         2304          144
        1152            2           0.764         4608          288
        1152            4           0.781         9216          576
        1152            8           0.822        18432         1152
        1152           16           0.879        36864         2304
        1152           32           1.045        73728         4608
        1152           64           1.329       147456         9216
        1152          128           1.936       294912        18432
        1152          256           3.223       589824        36864
        1152          512           5.688      1179648        73728
        1152         1024          10.656      2359296       147456
        1152         2048          20.575      4718592       294912
        1152         4096          40.088      9437184       589824
        1152         8192          79.415     18874368      1179648
        1152        16384         157.775     37748736      2359296
        1152        32768         314.643     75497472      4718592
        1216            1           0.748         2432          152
        1216            2           0.751         4864          304
        1216            4           0.797         9728          608
        1216            8           0.830        19456         1216
        1216           16           0.902        38912         2432
        1216           32           1.230        77824         4864
        1216           64           1.394       155648         9728
        1216          128           2.070       311296        19456
        1216          256           3.463       622592        38912
        1216          512           6.114      1245184        77824
        1216         1024          11.509      2490368       155648
        1216         2048          22.271      4980736       311296
        1216         4096          43.795      9961472       622592
        1216         8192          86.451     19922944      1245184
        1216        16384         172.025     39845888      2490368
        1216        32768         343.272     79691776      4980736
        1280            1           0.889         2560          160
        1280            2           0.773         5120          320
        1280            4           0.807        10240          640
        1280            8           0.814        20480         1280
        1280           16           0.932        40960         2560
        1280           32           1.100        81920         5120
        1280           64           1.420       163840        10240
        1280          128           2.104       327680        20480
        1280          256           3.453       655360        40960
        1280          512           6.127      1310720        81920
        1280         1024          11.486      2621440       163840
        1280         2048          22.385      5242880       327680
        1280         4096          43.669     10485760       655360
        1280         8192          86.466     20971520      1310720
        1280        16384         172.028     41943040      2621440
        1280        32768         348.044     83886080      5242880
        1408            1           0.760         2816          176
        1408            2           0.781         5632          352
        1408            4           0.789        11264          704
        1408            8           0.826        22528         1408
        1408           16           0.914        45056         2816
        1408           32           1.078        90112         5632
        1408           64           1.444       180224        11264
        1408          128           2.204       360448        22528
        1408          256           3.657       720896        45056
        1408          512           6.553      1441792        90112
        1408         1024          12.435      2883584       180224
        1408         2048          24.029      5767168       360448
        1408         4096          47.209     11534336       720896
        1408         8192          93.554     23068672      1441792
        1408        16384         186.307     46137344      2883584
        1408        32768         371.708     92274688      5767168
        1536            1           0.757         3072          192
        1536            2           0.761         6144          384
        1536            4           0.997        12288          768
        1536            8           0.835        24576         1536
        1536           16           0.915        49152         3072
        1536           32           1.157        98304         6144
        1536           64           1.531       196608        12288
        1536          128           2.344       393216        24576
        1536          256           3.882       786432        49152
        1536          512           7.014      1572864        98304
        1536         1024          13.342      3145728       196608
        1536         2048          25.962      6291456       393216
        1536         4096          50.873     12582912       786432
        1536         8192         100.723     25165824      1572864
        1536        16384         200.539     50331648      3145728
        1536        32768         400.242    100663296      6291456
        1664            1           0.747         3328          208
        1664            2           0.747         6656          416
        1664            4           0.808        13312          832
        1664            8           0.846        26624         1664
        1664           16           0.957        53248         3328
        1664           32           1.265       106496         6656
        1664           64           1.561       212992        13312
        1664          128           2.395       425984        26624
        1664          256           4.270       851968        53248
        1664          512           7.554      1703936       106496
        1664         1024          14.209      3407872       212992
        1664         2048          27.593      6815744       425984
        1664         4096          54.359     13631488       851968
        1664         8192         107.841     27262976      1703936
        1664        16384         214.803     54525952      3407872
        1664        32768         428.840    109051904      6815744
        1792            1           0.738         3584          224
        1792            2           0.802         7168          448
        1792            4           0.827        14336          896
        1792            8           0.847        28672         1792
        1792           16           0.985        57344         3584
        1792           32           1.256       114688         7168
        1792           64           1.608       229376        14336
        1792          128           2.497       458752        28672
        1792          256           4.303       917504        57344
        1792          512           8.012      1835008       114688
        1792         1024          15.260      3670016       229376
        1792         2048          29.383      7340032       458752
        1792         4096          57.888     14680064       917504
        1792         8192         115.063     29360128      1835008
        1792        16384         229.056     58720256      3670016
        1792        32768         457.269    117440512      7340032
        1920            1           0.731         3840          240
        1920            2           0.912         7680          480
        1920            4           0.824        15360          960
        1920            8           0.889        30720         1920
        1920           16           0.979        61440         3840
        1920           32           1.196       122880         7680
        1920           64           1.818       245760        15360
        1920          128           2.642       491520        30720
        1920          256           4.547       983040        61440
        1920          512           8.337      1966080       122880
        1920         1024          16.214      3932160       245760
        1920         2048          31.176      7864320       491520
        1920         4096          61.469     15728640       983040
        1920         8192         122.104     31457280      1966080
        1920        16384         249.828     62914560      3932160
        2112            1           0.764         4224          264
        2112            2           0.831         8448          528
        2112            4           0.856        16896         1056
        2112            8           0.879        33792         2112
        2112           16           0.985        67584         4224
        2112           32           1.270       135168         8448
        2112           64           1.915       270336        16896
        2112          128           2.829       540672        33792
        2112          256           4.959      1081344        67584
        2112          512           9.218      2162688       135168
        2112         1024          17.948      4325376       270336
        2112         2048          34.728      8650752       540672
        2112         4096          68.638     17301504      1081344
        2112         8192         136.355     34603008      2162688
        2112        16384         271.870     69206016      4325376
        2304            1           0.766         4608          288
        2304            2           0.794         9216          576
        2304            4           0.815        18432         1152
        2304            8           0.879        36864         2304
        2304           16           1.020        73728         4608
        2304           32           1.281       147456         9216
        2304           64           1.839       294912        18432
        2304          128           2.961       589824        36864
        2304          256           5.193      1179648        73728
        2304          512           9.644      2359296       147456
        2304         1024          18.647      4718592       294912
        2304         2048          36.489      9437184       589824
        2304         4096          72.155     18874368      1179648
        2304         8192         143.473     37748736      2359296
        2304        16384         286.102     75497472      4718592
        2496            1           0.778         4992          312
        2496            2           0.794         9984          624
        2496            4           0.855        19968         1248
        2496            8           0.895        39936         2496
        2496           16           1.038        79872         4992
        2496           32           1.324       159744         9984
        2496           64           1.922       319488        19968
        2496          128           3.180       638976        39936
        2496          256           5.631      1277952        79872
        2496          512          10.538      2555904       159744
        2496         1024          20.468      5111808       319488
        2496         2048          40.082     10223616       638976
        2496         4096          79.293     20447232      1277952
        2496         8192         157.746     40894464      2555904
        2496        16384         314.643     81788928      5111808
        2688            1           0.774         5376          336
        2688            2           0.822        10752          672
        2688            4           0.841        21504         1344
        2688            8           0.904        43008         2688
        2688           16           1.054        86016         5376
        2688           32           1.365       172032        10752
        2688           64           2.001       344064        21504
        2688          128           3.281       688128        43008
        2688          256           5.856      1376256        86016
        2688          512          11.079      2752512       172032
        2688         1024          21.337      5505024       344064
        2688         2048          41.847     11010048       688128
        2688         4096          82.849     22020096      1376256
        2688         8192         164.986     44040192      2752512
        2688        16384         329.033     88080384      5505024
        2944            1           0.755         5888          368
        2944            2           0.816        11776          736
        2944            4           0.878        23552         1472
        2944            8           0.923        47104         2944
        2944           16           1.085        94208         5888
        2944           32           1.413       188416        11776
        2944           64           2.151       376832        23552
        2944          128           3.499       753664        47104
        2944          256           6.326      1507328        94208
        2944          512          12.002      3014656       188416
        2944         1024          23.159      6029312       376832
        2944         2048          45.422     12058624       753664
        2944         4096          90.149     24117248      1507328
        2944         8192         179.139     48234496      3014656
        2944        16384         357.440     96468992      6029312
        3200            1           0.779         6400          400
        3200            2           0.804        12800          800
        3200            4           0.957        25600         1600
        3200            8           0.921        51200         3200
        3200           16           1.119       102400         6400
        3200           32           1.498       204800        12800
        3200           64           2.315       409600        25600
        3200          128           3.901       819200        51200
        3200          256           6.798      1638400       102400
        3200          512          12.768      3276800       204800
        3200         1024          25.058      6553600       409600
        3200         2048          48.978     13107200       819200
        3200         4096          97.108     26214400      1638400
        3200         8192         193.395     52428800      3276800
        3200        16384         392.593    104857600      6553600
        3520            1           0.801         7040          440
        3520            2           0.815        14080          880
        3520            4           0.858        28160         1760
        3520            8           0.934        56320         3520
        3520           16           1.130       112640         7040
        3520           32           1.558       225280        14080
        3520           64           2.393       450560        28160
        3520          128           4.067       901120        56320
        3520          256           7.417      1802240       112640
        3520          512          14.222      3604480       225280
        3520         1024          27.603      7208960       450560
        3520         2048          54.363     14417920       901120
        3520         4096         107.829     28835840      1802240
        3520         8192         214.808     57671680      3604480
        3520        16384         428.757    115343360      7208960
        3840            1           0.782         7680          480
        3840            2           0.800        15360          960
        3840            4           0.859        30720         1920
        3840            8           0.934        61440         3840
        3840           16           1.163       122880         7680
        3840           32           1.606       245760        15360
        3840           64           2.500       491520        30720
        3840          128           4.299       983040        61440
        3840          256           7.857      1966080       122880
        3840          512          15.097      3932160       245760
        3840         1024          29.357      7864320       491520
        3840         2048          57.883     15728640       983040
        3840         4096         114.952     31457280      1966080
        3840         8192         229.044     62914560      3932160
        4224            1           0.775         8448          528
        4224            2           0.828        16896         1056
        4224            4           0.891        33792         2112
        4224            8           1.021        67584         4224
        4224           16           1.301       135168         8448
        4224           32           1.901       270336        16896
        4224           64           3.120       540672        33792
        4224          128           5.542      1081344        67584
        4224          256          10.379      2162688       135168
        4224          512          20.150      4325376       270336
        4224         1024          39.486      8650752       540672
        4224         2048          78.156     17301504      1081344
        4224         4096         155.497     34603008      2162688
        4224         8192         310.193     69206016      4325376
        4608            1           0.865         9216          576
        4608            2           0.804        18432         1152
        4608            4           0.901        36864         2304
        4608            8           1.004        73728         4608
        4608           16           1.253       147456         9216
        4608           32           1.786       294912        18432
        4608           64           2.839       589824        36864
        4608          128           4.964      1179648        73728
        4608          256           9.206      2359296       147456
        4608          512          17.766      4718592       294912
        4608         1024          34.700      9437184       589824
        4608         2048          68.629     18874368      1179648
        4608         4096         136.328     37748736      2359296
        4608         8192         271.839     75497472      4718592
        5056            1           0.807        10112          632
        5056            2           0.847        20224         1264
        5056            4           0.919        40448         2528
        5056            8           1.020        80896         5056
        5056           16           1.311       161792        10112
        5056           32           1.900       323584        20224
        5056           64           3.067       647168        40448
        5056          128           5.384      1294336        80896
        5056          256          11.763      2588672       161792
        5056          512          21.918      5177344       323584
        5056         1024          43.992     10354688       647168
        5056         2048          88.155     20709376      1294336
        5056         4096         176.634     41418752      2588672
        5056         8192         353.587     82837504      5177344
        5504            1           0.784        11008          688
        5504            2           0.964        22016         1376
        5504            4           1.047        44032         2752
        5504            8           1.096        88064         5504
        5504           16           1.436       176128        11008
        5504           32           2.212       352256        22016
        5504           64           3.644       704512        44032
        5504          128           6.619      1409024        88064
        5504          256          12.501      2818048       176128
        5504          512          24.395      5636096       352256
        5504         1024          48.162     11272192       704512
        5504         2048          95.186     22544384      1409024
        5504         4096         196.823     45088768      2818048
        5504         8192         378.298     90177536      5636096
        6016            1           0.789        12032          752
        6016            2           0.816        24064         1504
        6016            4           0.930        48128         3008
        6016            8           1.103        96256         6016
        6016           16           1.486       192512        12032
        6016           32           2.102       385024        24064
        6016           64           3.823       770048        48128
        6016          128           6.990      1540096        96256
        6016          256          13.362      3080192       192512
        6016          512          25.753      6160384       385024
        6016         1024          50.685     12320768       770048
        6016         2048          99.782     24641536      1540096
        6016         4096         200.266     49283072      3080192
        6016         8192         399.692     98566144      6160384
        6592            1           0.829        13184          824
        6592            2           0.932        26368         1648
        6592            4           0.973        52736         3296
        6592            8           1.291       105472         6592
        6592           16           1.522       210944        13184
        6592           32           2.360       421888        26368
        6592           64           3.975       843776        52736
        6592          128           6.692      1687552       105472
        6592          256          13.779      3375104       210944
        6592          512          26.936      6750208       421888
        6592         1024          53.058     13500416       843776
        6592         2048         105.279     27000832      1687552
        6592         4096         209.761     54001664      3375104
        6592         8192         418.717    108003328      6750208
        7232            1           0.784        14464          904
        7232            2           0.977        28928         1808
        7232            4           0.974        57856         3616
        7232            8           1.298       115712         7232
        7232           16           1.589       231424        14464
        7232           32           2.492       462848        28928
        7232           64           4.222       925696        57856
        7232          128           7.697      1851392       115712
        7232          256          14.797      3702784       231424
        7232          512          28.739      7405568       462848
        7232         1024          56.620     14811136       925696
        7232         2048         112.526     29622272      1851392
        7232         4096         224.047     59244544      3702784
        7232         8192         447.274    118489088      7405568
        7936            1           0.833        15872          992
        7936            2           1.035        31744         1984
        7936            4           0.980        63488         3968
        7936            8           1.192       126976         7936
        7936           16           1.646       253952        15872
        7936           32           2.583       507904        31744
        7936           64           4.457      1015808        63488
        7936          128           8.212      2031616       126976
        7936          256          15.659      4063232       253952
        7936          512          30.709      8126464       507904
        7936         1024          60.569     16252928      1015808
        7936         2048         120.276     32505856      2031616
        7936         4096         239.752     65011712      4063232
        8704            1           0.791        17408         1088
        8704            2           0.851        34816         2176
        8704            4           0.976        69632         4352
        8704            8           1.237       139264         8704
        8704           16           1.698       278528        17408
        8704           32           2.711       557056        34816
        8704           64           4.712      1114112        69632
        8704          128           8.709      2228224       139264
        8704          256          16.811      4456448       278528
        8704          512          32.771      8912896       557056
        8704         1024          64.728     17825792      1114112
        8704         2048         128.633     35651584      2228224
        8704         4096         259.804     71303168      4456448
        9536            1           0.807        19072         1192
        9536            2           0.879        38144         2384
        9536            4           0.998        76288         4768
        9536            8           1.279       152576         9536
        9536           16           1.779       305152        19072
        9536           32           2.852       610304        38144
        9536           64           4.993      1220608        76288
        9536          128           9.211      2441216       152576
        9536          256          17.785      4882432       305152
        9536          512          34.783      9764864       610304
        9536         1024          68.721     19529728      1220608
        9536         2048         136.671     39059456      2441216
        9536         4096         272.283     78118912      4882432
       10432            1           0.954        20864         1304
       10432            2           0.866        41728         2608
       10432            4           1.007        83456         5216
       10432            8           1.394       166912        10432
       10432           16           1.889       333824        20864
       10432           32           2.988       667648        41728
       10432           64           5.267      1335296        83456
       10432          128           9.770      2670592       166912
       10432          256          18.817      5341184       333824
       10432          512          37.027     10682368       667648
       10432         1024          73.327     21364736      1335296
       10432         2048         145.586     42729472      2670592
       10432         4096         290.324     85458944      5341184
       11456            1           0.837        22912         1432
       11456            2           0.892        45824         2864
       11456            4           1.067        91648         5728
       11456            8           1.347       183296        11456
       11456           16           1.939       366592        22912
       11456           32           3.161       733184        45824
       11456           64           5.656      1466368        91648
       11456          128          10.520      2932736       183296
       11456          256          20.541      5865472       366592
       11456          512          39.866     11730944       733184
       11456         1024          78.923     23461888      1466368
       11456         2048         157.103     46923776      2932736
       11456         4096         313.164     93847552      5865472
       12544            1           0.848        25088         1568
       12544            2           0.906        50176         3136
       12544            4           1.080       100352         6272
       12544            8           1.379       200704        12544
       12544           16           2.014       401408        25088
       12544           32           3.341       802816        50176
       12544           64           5.967      1605632       100352
       12544          128          11.213      3211264       200704
       12544          256          21.678      6422528       401408
       12544          512          42.737     12845056       802816
       12544         1024          84.636     25690112      1605632
       12544         2048         168.434     51380224      3211264
       12544         4096         336.040    102760448      6422528
       13760            1           0.880        27520         1720
       13760            2           0.921        55040         3440
       13760            4           1.084       110080         6880
       13760            8           1.430       220160        13760
       13760           16           2.158       440320        27520
       13760           32           3.534       880640        55040
       13760           64           6.346      1761280       110080
       13760          128          11.940      3522560       220160
       13760          256          23.148      7045120       440320
       13760          512          45.692     14090240       880640
       13760         1024          90.702     28180480      1761280
       13760         2048         180.360     56360960      3522560
       13760         4096         359.482    112721920      7045120
       15104            1           0.834        30208         1888
       15104            2           0.911        60416         3776
       15104            4           1.128       120832         7552
       15104            8           1.483       241664        15104
       15104           16           2.242       483328        30208
       15104           32           3.763       966656        60416
       15104           64           6.805      1933312       120832
       15104          128          12.875      3866624       241664
       15104          256          25.033      7733248       483328
       15104          512          49.423     15466496       966656
       15104         1024          98.014     30932992      1933312
       15104         2048         195.181     61865984      3866624
       15104         4096         407.015    123731968      7733248
       16576            1           0.841        33152         2072
       16576            2           0.936        66304         4144
       16576            4           1.147       132608         8288
       16576            8           1.553       265216        16576
       16576           16           2.511       530432        33152
       16576           32           3.993      1060864        66304
       16576           64           7.272      2121728       132608
       16576          128          13.833      4243456       265216
       16576          256          26.927      8486912       530432
       16576          512          58.289     16973824      1060864
       16576         1024         110.682     33947648      2121728
       16576         2048         217.861     67895296      4243456
       18176            1           0.979        36352         2272
       18176            2           0.975        72704         4544
       18176            4           1.171       145408         9088
       18176            8           1.669       290816        18176
       18176           16           2.698       581632        36352
       18176           32           4.275      1163264        72704
       18176           64           7.927      2326528       145408
       18176          128          15.000      4653056       290816
       18176          256          29.037      9306112       581632
       18176          512          57.438     18612224      1163264
       18176         1024         114.066     37224448      2326528
       18176         2048         227.269     74448896      4653056
       19968            1           0.854        39936         2496
       19968            2           0.984        79872         4992
       19968            4           1.240       159744         9984
       19968            8           1.844       319488        19968
       19968           16           2.645       638976        39936
       19968           32           4.568      1277952        79872
       19968           64           8.391      2555904       159744
       19968          128          16.062      5111808       319488
       19968          256          31.475     10223616       638976
       19968          512          62.133     20447232      1277952
       19968         1024         123.457     40894464      2555904
       19968         2048         246.081     81788928      5111808
       21952            1           0.889        43904         2744
       21952            2           1.004        87808         5488
       21952            4           1.300       175616        10976
       21952            8           1.779       351232        21952
       21952           16           2.951       702464        43904
       21952           32           4.887      1404928        87808
       21952           64           9.046      2809856       175616
       21952          128          17.343      5619712       351232
       21952          256          34.010     11239424       702464
       21952          512          67.218     22478848      1404928
       21952         1024         133.618     44957696      2809856
       21952         2048         266.393     89915392      5619712
       24128            1           0.918        48256         3016
       24128            2           1.029        96512         6032
       24128            4           1.300       193024        12064
       24128            8           1.875       386048        24128
       24128           16           2.982       772096        48256
       24128           32           5.235      1544192        96512
       24128           64           9.727      3088384       193024
       24128          128          18.723      6176768       386048
       24128          256          36.744     12353536       772096
       24128          512          72.863     24707072      1544192
       24128         1024         144.883     49414144      3088384
       24128         2048         288.966     98828288      6176768
       26496            1           0.888        52992         3312
       26496            2           1.039       105984         6624
       26496            4           1.366       211968        13248
       26496            8           1.960       423936        26496
       26496           16           3.186       847872        52992
       26496           32           5.631      1695744       105984
       26496           64          10.584      3391488       211968
       26496          128          20.325      6782976       423936
       26496          256          40.005     13565952       847872
       26496          512          79.163     27131904      1695744
       26496         1024         157.494     54263808      3391488
       26496         2048         314.131    108527616      6782976
       29120            1           0.915        58240         3640
       29120            2           1.073       116480         7280
       29120            4           1.404       232960        14560
       29120            8           2.065       465920        29120
       29120           16           3.408       931840        58240
       29120           32           6.056      1863680       116480
       29120           64          11.352      3727360       232960
       29120          128          21.966      7454720       465920
       29120          256          43.204     14909440       931840
       29120          512          85.912     29818880      1863680
       29120         1024         170.799     59637760      3727360
       29120         2048         344.319    119275520      7454720
       32000            1           0.961        64000         4000
       32000            2           1.284       128000         8000
       32000            4           1.606       256000        16000
       32000            8           2.168       512000        32000
       32000           16           3.642      1024000        64000
       32000           32           6.656      2048000       128000
       32000           64          12.472      4096000       256000
       32000          128          24.060      8192000       512000
       32000          256          47.100     16384000      1024000
       32000          512          93.555     32768000      2048000
       32000         1024         186.284     65536000      4096000
       35200            1           1.016        70400         4400
       35200            2           1.131       140800         8800
       35200            4           1.522       281600        17600
       35200            8           2.305       563200        35200
       35200           16           3.933      1126400        70400
       35200           32           7.041      2252800       140800
       35200           64          13.361      4505600       281600
       35200          128          26.113      9011200       563200
       35200          256          51.234     18022400      1126400
       35200          512         101.839     36044800      2252800
       35200         1024         202.867     72089600      4505600
       38720            1           0.998        77440         4840
       38720            2           1.240       154880         9680
       38720            4           1.789       309760        19360
       38720            8           2.457       619520        38720
       38720           16           4.229      1239040        77440
       38720           32           7.769      2478080       154880
       38720           64          14.568      4956160       309760
       38720          128          28.454      9912320       619520
       38720          256          55.785     19824640      1239040
       38720          512         111.010     39649280      2478080
       38720         1024         221.228     79298560      4956160
       42560            1           0.985        85120         5320
       42560            2           1.360       170240        10640
       42560            4           1.707       340480        21280
       42560            8           2.610       680960        42560
       42560           16           4.651      1361920        85120
       42560           32           8.245      2723840       170240
       42560           64          15.773      5447680       340480
       42560          128          30.815     10895360       680960
       42560          256          60.848     21790720      1361920
       42560          512         121.085     43581440      2723840
       42560         1024         241.364     87162880      5447680
       46784            1           1.006        93568         5848
       46784            2           1.389       187136        11696
       46784            4           1.752       374272        23392
       46784            8           2.827       748544        46784
       46784           16           4.835      1497088        93568
       46784           32           8.959      2994176       187136
       46784           64          17.135      5988352       374272
       46784          128          33.507     11976704       748544
       46784          256          66.273     23953408      1497088
       46784          512         131.910     47906816      2994176
       46784         1024         263.156     95813632      5988352
       51456            1           1.026       102912         6432
       51456            2           1.309       205824        12864
       51456            4           1.880       411648        25728
       51456            8           2.985       823296        51456
       51456           16           5.223      1646592       102912
       51456           32           9.705      3293184       205824
       51456           64          18.678      6586368       411648
       51456          128          36.632     13172736       823296
       51456          256          72.516     26345472      1646592
       51456          512         144.369     52690944      3293184
       51456         1024         287.905    105381888      6586368
       56576            1           1.047       113152         7072
       56576            2           1.341       226304        14144
       56576            4           1.966       452608        28288
       56576            8           3.344       905216        56576
       56576           16           5.635      1810432       113152
       56576           32          10.545      3620864       226304
       56576           64          20.372      7241728       452608
       56576          128          40.068     14483456       905216
       56576          256          79.196     28966912      1810432
       56576          512         157.784     57933824      3620864
       56576         1024         314.640    115867648      7241728
       62208            1           1.195       124416         7776
       62208            2           1.430       248832        15552
       62208            4           2.140       497664        31104
       62208            8           3.467       995328        62208
       62208           16           6.112      1990656       124416
       62208           32          11.629      3981312       248832
       62208           64          22.209      7962624       497664
       62208          128          43.669     15925248       995328
       62208          256          93.675     31850496      1990656
       62208          512         172.547     63700992      3981312
       68416            1           1.184       136832         8552
       68416            2           1.489       273664        17104
       68416            4           2.231       547328        34208
       68416            8           3.728      1094656        68416
       68416           16           6.612      2189312       136832
       68416           32          12.483      4378624       273664
       68416           64          24.207      8757248       547328
       68416          128          47.672     17514496      1094656
       68416          256          94.587     35028992      2189312
       68416          512         188.541     70057984      4378624
       75200            1           1.240       150400         9400
       75200            2           1.565       300800        18800
       75200            4           2.355       601600        37600
       75200            8           3.969      1203200        75200
       75200           16           7.160      2406400       150400
       75200           32          13.583      4812800       300800
       75200           64          26.422      9625600       601600
       75200          128          52.072     19251200      1203200
       75200          256         103.393     38502400      2406400
       75200          512         206.155     77004800      4812800
       82688            1           1.264       165376        10336
       82688            2           1.639       330752        20672
       82688            4           2.525       661504        41344
       82688            8           4.279      1323008        82688
       82688           16           7.792      2646016       165376
       82688           32          14.822      5292032       330752
       82688           64          28.900     10584064       661504
       82688          128          57.063     21168128      1323008
       82688          256         113.440     42336256      2646016
       82688          512         226.042     84672512      5292032
       90944            1           1.274       181888        11368
       90944            2           1.707       363776        22736
       90944            4           2.681       727552        45472
       90944            8           4.605      1455104        90944
       90944           16           8.675      2910208       181888
       90944           32          16.163      5820416       363776
       90944           64          31.598     11640832       727552
       90944          128          62.399     23281664      1455104
       90944          256         124.146     46563328      2910208
       90944          512         247.428     93126656      5820416
      100032            1           1.349       200064        12504
      100032            2           1.819       400128        25008
      100032            4           2.869       800256        50016
      100032            8           4.977      1600512       100032
      100032           16           9.196      3201024       200064
      100032           32          17.653      6402048       400128
      100032           64          34.709     12804096       800256
      100032          128          68.314     25608192      1600512
      100032          256         135.861     51216384      3201024
      100032          512         271.048    102432768      6402048
      110016            1           1.447       220032        13752
      110016            2           1.925       440064        27504
      110016            4           3.078       880128        55008
      110016            8           5.408      1760256       110016
      110016           16          10.017      3520512       220032
      110016           32          19.285      7041024       440064
      110016           64          37.797     14082048       880128
      110016          128          74.839     28164096      1760256
      110016          256         148.934     56328192      3520512
      110016          512         297.183    112656384      7041024
      120960            1           1.018       241920        15120
      120960            2           2.055       483840        30240
      120960            4           3.342       967680        60480
      120960            8           5.842      1935360       120960
      120960           16          10.917      3870720       241920
      120960           32          21.069      7741440       483840
      120960           64          41.531     15482880       967680
      120960          128          82.033     30965760      1935360
      120960          256         163.493     61931520      3870720
      120960          512         325.873    123863040      7741440
      133056            1           1.553       266112        16632
      133056            2           2.171       532224        33264
      133056            4           3.574      1064448        66528
      133056            8           6.359      2128896       133056
      133056           16          11.922      4257792       266112
      133056           32          23.047      8515584       532224
      133056           64          48.406     17031168      1064448
      133056          128          89.932     34062336      2128896
      133056          256         179.013     68124672      4257792
      146304            1           1.472       292608        18288
      146304            2           2.327       585216        36576
      146304            4           3.847      1170432        73152
      146304            8           6.895      2340864       146304
      146304           16          12.996      4681728       292608
      146304           32          25.236      9363456       585216
      146304           64          49.696     18726912      1170432
      146304          128          98.590     37453824      2340864
      146304          256         196.418     74907648      4681728
      160896            1           1.527       321792        20112
      160896            2           2.474       643584        40224
      160896            4           4.150      1287168        80448
      160896            8           7.499      2574336       160896
      160896           16          14.278      5148672       321792
      160896           32          27.620     10297344       643584
      160896           64          54.446     20594688      1287168
      160896          128         108.187     41189376      2574336
      160896          256         215.509     82378752      5148672
      176960            1           2.157       353920        22120
      176960            2           2.663       707840        44240
      176960            4           4.481      1415680        88480
      176960            8           8.272      2831360       176960
      176960           16          15.528      5662720       353920
      176960           32          30.237     11325440       707840
      176960           64          59.693     22650880      1415680
      176960          128         118.609     45301760      2831360
      176960          256         236.397     90603520      5662720
      194624            1           2.275       389248        24328
      194624            2           2.831       778496        48656
      194624            4           4.852      1556992        97312
      194624            8           8.989      3113984       194624
      194624           16          16.968      6227968       389248
      194624           32          33.131     12455936       778496
      194624           64          65.449     24911872      1556992
      194624          128         130.139     49823744      3113984
      194624          256         259.663     99647488      6227968
      214080            1           2.672       428160        26760
      214080            2           3.124       856320        53520
      214080            4           5.254      1712640       107040
      214080            8           9.718      3425280       214080
      214080           16          18.683      6850560       428160
      214080           32          36.333     13701120       856320
      214080           64          71.995     27402240      1712640
      214080          128         143.143     54804480      3425280
      214080          256         285.137    109608960      6850560
      235456            1           2.769       470912        29432
      235456            2           3.293       941824        58864
      235456            4           5.764      1883648       117728
      235456            8          10.635      3767296       235456
      235456           16          20.372      7534592       470912
      235456           32          39.874     15069184       941824
      235456           64          78.859     30138368      1883648
      235456          128         156.866     60276736      3767296
      235456          256         312.855    120553472      7534592
      258944            1           2.861       517888        32368
      258944            2           3.591      1035776        64736
      258944            4           6.288      2071552       129472
      258944            8          11.623      4143104       258944
      258944           16          22.350      8286208       517888
      258944           32          43.757     16572416      1035776
      258944           64          86.601     33144832      2071552
      258944          128         172.310     66289664      4143104
      284800            1           3.293       569600        35600
      284800            2           4.016      1139200        71200
      284800            4           7.131      2278400       142400
      284800            8          13.590      4556800       284800
      284800           16          25.930      9113600       569600
      284800           32          52.072     18227200      1139200
      284800           64         104.341     36454400      2278400
      284800          128         211.930     72908800      4556800
      313280            1           3.590       626560        39160
      313280            2           4.402      1253120        78320
      313280            4           8.015      2506240       156640
      313280            8          15.193      5012480       313280
      313280           16          29.598     10024960       626560
      313280           32          58.899     20049920      1253120
      313280           64         116.425     40099840      2506240
      313280          128         232.374     80199680      5012480
      344576            1           3.474       689152        43072
      344576            2           4.763      1378304        86144
      344576            4           8.742      2756608       172288
      344576            8          16.630      5513216       344576
      344576           16          32.775     11026432       689152
      344576           32          64.399     22052864      1378304
      344576           64         127.818     44105728      2756608
      344576          128         255.572     88211456      5513216
      379008            1           4.315       758016        47376
      379008            2           5.136      1516032        94752
      379008            4           9.557      3032064       189504
      379008            8          18.226      6064128       379008
      379008           16          35.787     12128256       758016
      379008           32          70.954     24256512      1516032
      379008           64         140.405     48513024      3032064
      379008          128         280.359     97026048      6064128
      416896            1           4.460       833792        52112
      416896            2           5.621      1667584       104224
      416896            4          10.461      3335168       208448
      416896            8          20.013      6670336       416896
      416896           16          39.306     13340672       833792
      416896           32          77.713     26681344      1667584
      416896           64         154.337     53362688      3335168
      416896          128         308.184    106725376      6670336
      458560            1           4.786       917120        57320
      458560            2           6.097      1834240       114640
      458560            4          11.382      3668480       229280
      458560            8          21.951      7336960       458560
      458560           16          43.000     14673920       917120
      458560           32          85.426     29347840      1834240
      458560           64         169.511     58695680      3668480
      458560          128         338.948    117391360      7336960
      504384            1           6.055      1008768        63048
      504384            2           6.623      2017536       126096
      504384            4          12.418      4035072       252192
      504384            8          23.973      8070144       504384
      504384           16          47.324     16140288      1008768
      504384           32          93.781     32280576      2017536
      504384           64         186.427     64561152      4035072
      554816            1           6.868      1109632        69352
      554816            2           7.199      2219264       138704
      554816            4          13.599      4438528       277408
      554816            8          26.450      8877056       554816
      554816           16          51.953     17754112      1109632
      554816           32         103.145     35508224      2219264
      554816           64         205.103     71016448      4438528
      610240            1           7.567      1220480        76280
      610240            2           7.847      2440960       152560
      610240            4          14.863      4881920       305120
      610240            8          36.935      9763840       610240
      610240           16          56.882     19527680      1220480
      610240           32         112.654     39055360      2440960
      610240           64         224.714     78110720      4881920
      671232            1           7.891      1342464        83904
      671232            2           8.584      2684928       167808
      671232            4          16.215      5369856       335616
      671232            8          31.742     10739712       671232
      671232           16          62.441     21479424      1342464
      671232           32         123.917     42958848      2684928
      671232           64         247.385     85917696      5369856
      738304            1           8.341      1476608        92288
      738304            2           9.265      2953216       184576
      738304            4          17.753      5906432       369152
      738304            8          34.851     11812864       738304
      738304           16          68.496     23625728      1476608
      738304           32         136.083     47251456      2953216
      738304           64         272.447     94502912      5906432
      812096            1           9.375      1624192       101512
      812096            2          10.303      3248384       203024
      812096            4          19.514      6496768       406048
      812096            8          38.187     12993536       812096
      812096           16          75.523     25987072      1624192
      812096           32         150.641     51974144      3248384
      812096           64         299.631    103948288      6496768
      893248            1          10.856      1786496       111656
      893248            2          11.095      3572992       223312
      893248            4          21.371      7145984       446624
      893248            8          41.943     14291968       893248
      893248           16          82.979     28583936      1786496
      893248           32         165.064     57167872      3572992
      893248           64         329.453    114335744      7145984
      982528            1          10.958      1965056       122816
      982528            2          12.186      3930112       245632
      982528            4          23.493      7860224       491264
      982528            8          46.163     15720448       982528
      982528           16          91.543     31440896      1965056
      982528           32         182.051     62881792      3930112
     1080768            1          12.855      2161536       135096
     1080768            2          13.617      4323072       270192
     1080768            4          26.181      8646144       540384
     1080768            8          51.421     17292288      1080768
     1080768           16         101.946     34584576      2161536
     1080768           32         202.857     69169152      4323072
     1188800            1          13.505      2377600       148600
     1188800            2          15.343      4755200       297200
     1188800            4          29.514      9510400       594400
     1188800            8          58.100     19020800      1188800
     1188800           16         114.727     38041600      2377600
     1188800           32         232.741     76083200      4755200
     1307648            1          15.392      2615296       163456
     1307648            2          17.345      5230592       326912
     1307648            4          33.778     10461184       653824
     1307648            8          67.004     20922368      1307648
     1307648           16         133.180     41844736      2615296
     1307648           32         267.123     83689472      5230592
     1438400            1          16.309      2876800       179800
     1438400            2          19.084      5753600       359600
     1438400            4          37.466     11507200       719200
     1438400            8          73.457     23014400      1438400
     1438400           16         146.254     46028800      2876800
     1438400           32         292.585     92057600      5753600
     1582208            1          18.477      3164416       197776
     1582208            2          20.731      6328832       395552
     1582208            4          41.613     12657664       791104
     1582208            8          83.727     25315328      1582208
     1582208           16         167.152     50630656      3164416
     1582208           32         334.580    101261312      6328832
     1740416            1          19.886      3480832       217552
     1740416            2          23.434      6961664       435104
     1740416            4          46.739     13923328       870208
     1740416            8          93.969     27846656      1740416
     1740416           16         188.823     55693312      3480832
     1740416           32         377.726    111386624      6961664
     1914432            1          21.748      3828864       239304
     1914432            2          26.324      7657728       478608
     1914432            4          52.848     15315456       957216
     1914432            8         105.965     30630912      1914432
     1914432           16         212.247     61261824      3828864
     1914432           32         423.685    122523648      7657728
     2105856            1          25.188      4211712       263232
     2105856            2          29.702      8423424       526464
     2105856            4          59.719     16846848      1052928
     2105856            8         118.875     33693696      2105856
     2105856           16         237.491     67387392      4211712
     2316416            1          34.530      4632832       289552
     2316416            2          33.225      9265664       579104
     2316416            4          66.004     18531328      1158208
     2316416            8         132.133     37062656      2316416
     2316416           16         264.540     74125312      4632832
     2548032            1          32.622      5096064       318504
     2548032            2          38.016     10192128       637008
     2548032            4          76.504     20384256      1274016
     2548032            8         153.309     40768512      2548032
     2548032           16         306.842     81537024      5096064
     2802816            1          36.977      5605632       350352
     2802816            2          43.879     11211264       700704
     2802816            4          87.549     22422528      1401408
     2802816            8         175.636     44845056      2802816
     2802816           16         351.492     89690112      5605632
     3083072            1          40.003      6166144       385384
     3083072            2          49.854     12332288       770768
     3083072            4          98.575     24664576      1541536
     3083072            8         196.940     49329152      3083072
     3083072           16         394.091     98658304      6166144
     3391360            1          45.908      6782720       423920
     3391360            2          56.045     13565440       847840
     3391360            4         111.027     27130880      1695680
     3391360            8         220.542     54261760      3391360
     3391360           16         441.337    108523520      6782720
     3730496            1          50.420      7460992       466312
     3730496            2          61.702     14921984       932624
     3730496            4         122.240     29843968      1865248
     3730496            8         247.659     59687936      3730496
     3730496           16         486.438    119375872      7460992
     4103488            1          56.598      8206976       512936
     4103488            2          67.569     16413952      1025872
     4103488            4         134.416     32827904      2051744
     4103488            8         268.065     65655808      4103488
     4513792            1          62.517      9027584       564224
     4513792            2          74.296     18055168      1128448
     4513792            4         147.817     36110336      2256896
     4513792            8         295.244     72220672      4513792
     4965120            1          69.381      9930240       620640
     4965120            2          81.658     19860480      1241280
     4965120            4         162.512     39720960      2482560
     4965120            8         324.277     79441920      4965120
     5461632            1          76.234     10923264       682704
     5461632            2          89.592     21846528      1365408
     5461632            4         178.394     43693056      2730816
     5461632            8         355.698     87386112      5461632
     6007744            1          85.280     12015488       750968
     6007744            2          98.596     24030976      1501936
     6007744            4         196.375     48061952      3003872
     6007744            8         390.775     96123904      6007744
     6608512            1          94.103     13217024       826064
     6608512            2         108.071     26434048      1652128
     6608512            4         220.607     52868096      3304256
     6608512            8         429.821    105736192      6608512
     7269312            1         102.127     14538624       908664
     7269312            2         119.148     29077248      1817328
     7269312            4         237.417     58154496      3634656
     7269312            8         474.610    116308992      7269312
     7996224            1         111.982     15992448       999528
     7996224            2         130.795     31984896      1999056
     7996224            4         261.165     63969792      3998112
     8795840            1         123.626     17591680      1099480
     8795840            2         143.928     35183360      2198960
     8795840            4         286.961     70366720      4397920
     9675392            1         136.039     19350784      1209424
     9675392            2         158.155     38701568      2418848
     9675392            4         315.326     77403136      4837696
    10642880            1         148.904     21285760      1330360
    10642880            2         173.771     42571520      2660720
    10642880            4         346.703     85143040      5321440
    11707136            1         168.395     23414272      1463392
    11707136            2         191.666     46828544      2926784
    11707136            4         381.546     93657088      5853568
    12877824            1         180.834     25755648      1609728
    12877824            2         211.334     51511296      3219456
    12877824            4         422.495    103022592      6438912
    14165568            1         200.824     28331136      1770696
    14165568            2         235.101     56662272      3541392
    14165568            4         465.500    113324544      7082784
    15582080            1         218.100     31164160      1947760
    15582080            2         266.849     62328320      3895520
    15582080            4         530.845    124656640      7791040
    17140288            1         244.832     34280576      2142536
    17140288            2         348.279     68561152      4285072
    18854272            1         295.783     37708544      2356784
    18854272            2         508.670     75417088      4713568
    20739648            1         389.343     41479296      2592456
    20739648            2         952.271     82958592      5184912
    22813568            1         630.709     45627136      2851696
    22813568            2        1664.087     91254272      5703392
    25094912            1        1021.411     50189824      3136864
    25094912            2        2550.336    100379648      6273728
    27604352            1        1477.602     55208704      3450544
    27604352            2        3422.003    110417408      6901088
    30364736            1        1920.262     60729472      3795592
    30364736            2        4263.473    121458944      7591184
    33401152            1        2365.059     66802304      4175144
    36741248            1        2787.385     73482496      4592656
    40415360            1        3139.903     80830720      5051920
    44456896            1        3511.634     88913792      5557112
    48902528            1        3865.738     97805056      6112816
    53792768            1        4275.099    107585536      6724096
    59172032            1        4697.398    118344064      7396504

META_DATA
MPI_PROCS      1
OPENMP_THREADS 8
FLOPS          1
ERT_VERSION  1.0.0
TIMESTAMP_DATA  1594852871.91
HOSTNAME  ('apollo-PowerEdge-R430', [], ['127.0.1.1'])
UNAME  ('Linux', 'apollo-PowerEdge-R430', '4.19.129-0419129-generic', '#202006220433 SMP Mon Jun 22 09:12:54 UTC 2020', 'x86_64', 'x86_64')
CONFIG  {'ERT_WORKING_SET_MIN': ['1'], 'ERT_CFLAGS': ['-O3'], 'ERT_CC': ['gcc'], 'ERT_MPI_CFLAGS': [], 'ERT_MPI_LDFLAGS': [], 'ERT_MEMORY_MAX': ['62497788'], 'ERT_PROCS_THREADS': ['8'], 'ERT_LDFLAGS': [], 'ERT_LDLIBS': [], 'ERT_SPEC_GBYTES_DRAM': ['1.0'], 'ERT_RUN': ['export', 'KMP_AFFINITY=scatter;', 'export', 'OMP_NUM_THREADS=ERT_OPENMP_THREADS;', 'ERT_CODE'], 'ERT_FLOPS': ['1,2,4,8,16'], 'ERT_OPENMP_CFLAGS': ['-fopenmp'], 'ERT_SPEC_GFLOPS': ['1.0'], 'ERT_MPI': ['False'], 'ERT_TRIALS_MIN': ['1'], 'ERT_DRIVER': ['driver1'], 'ERT_RESULTS': ['Results.x86'], 'ERT_OPENMP': ['True'], 'ERT_MPI_PROCS': ['1'], 'ERT_KERNEL': ['kernel1'], 'ERT_OPENMP_THREADS': ['1-32'], 'ERT_LD': ['gcc'], 'ERT_NUM_EXPERIMENTS': ['6'], 'ERT_OPENMP_LDFLAGS': ['-fopenmp'], 'ERT_ALIGN': ['32'], 'ERT_GNUPLOT': ['gnuplot']}
