          64            1           1.655          128            8
          64            2           0.776          256           16
          64            4           0.776          512           32
          64            8           0.917         1024           64
          64           16           0.765         2048          128
          64           32           0.805         4096          256
          64           64           0.940         8192          512
          64          128           1.331        16384         1024
          64          256           1.685        32768         2048
          64          512           2.814        65536         4096
          64         1024           4.701       131072         8192
          64         2048           8.827       262144        16384
          64         4096          16.726       524288        32768
          64         8192          32.783      1048576        65536
          64        16384          64.875      2097152       131072
          64        32768         129.055      4194304       262144
          64        65536         257.431      8388608       524288
          64       131072         514.287     16777216      1048576
          64       262144        1052.525     33554432      2097152
          64       524288        2054.639     67108864      4194304
         128            1           0.898          256           16
         128            2           0.757          512           32
         128            4           0.754         1024           64
         128            8           0.754         2048          128
         128           16           0.781         4096          256
         128           32           0.822         8192          512
         128           64           0.950        16384         1024
         128          128           1.194        32768         2048
         128          256           1.702        65536         4096
         128          512           2.831       131072         8192
         128         1024           4.698       262144        16384
         128         2048           8.716       524288        32768
         128         4096          16.742      1048576        65536
         128         8192          32.783      2097152       131072
         128        16384          64.882      4194304       262144
         128        32768         129.061      8388608       524288
         128        65536         257.424     16777216      1048576
         128       131072         514.180     33554432      2097152
         128       262144        1031.300     67108864      4194304
         192            1           0.760          384           24
         192            2           0.782          768           48
         192            4           0.899         1536           96
         192            8           0.761         3072          192
         192           16           0.931         6144          384
         192           32           0.835        12288          768
         192           64           0.961        24576         1536
         192          128           1.206        49152         3072
         192          256           1.711        98304         6144
         192          512           2.712       196608        12288
         192         1024           4.719       393216        24576
         192         2048           8.730       786432        49152
         192         4096          16.747      1572864        98304
         192         8192          32.808      3145728       196608
         192        16384          64.986      6291456       393216
         192        32768         129.071     12582912       786432
         192        65536         257.454     25165824      1572864
         192       131072         514.188     50331648      3145728
         192       262144        1027.782    100663296      6291456
         256            1           0.752          512           32
         256            2           0.755         1024           64
         256            4           0.763         2048          128
         256            8           0.771         4096          256
         256           16           0.808         8192          512
         256           32           0.856        16384         1024
         256           64           0.976        32768         2048
         256          128           1.236        65536         4096
         256          256           1.743       131072         8192
         256          512           2.734       262144        16384
         256         1024           4.777       524288        32768
         256         2048           8.723      1048576        65536
         256         4096          16.755      2097152       131072
         256         8192          32.805      4194304       262144
         256        16384          64.888      8388608       524288
         256        32768         129.097     16777216      1048576
         256        65536         257.487     33554432      2097152
         256       131072         514.193     67108864      4194304
         320            1           0.987          640           40
         320            2           0.860         1280           80
         320            4           0.780         2560          160
         320            8           0.778         5120          320
         320           16           0.819        10240          640
         320           32           1.082        20480         1280
         320           64           1.049        40960         2560
         320          128           1.296        81920         5120
         320          256           1.811       163840        10240
         320          512           2.626       327680        20480
         320         1024           4.547       655360        40960
         320         2048           7.871      1310720        81920
         320         4096          17.084      2621440       163840
         320         8192          31.937      5242880       327680
         320        16384          64.972     10485760       655360
         320        32768         154.869     20971520      1310720
         320        65536         313.600     41943040      2621440
         320       131072         627.381     83886080      5242880
         384            1           0.762          768           48
         384            2           0.769         1536           96
         384            4           0.914         3072          192
         384            8           0.870         6144          384
         384           16           0.945        12288          768
         384           32           0.871        24576         1536
         384           64           1.044        49152         3072
         384          128           1.376        98304         6144
         384          256           1.791       196608        12288
         384          512           2.793       393216        24576
         384         1024           4.769       786432        49152
         384         2048           8.804      1572864        98304
         384         4096          16.019      3145728       196608
         384         8192          32.909      6291456       393216
         384        16384          64.175     12582912       786432
         384        32768         129.239     25165824      1572864
         384        65536         257.524     50331648      3145728
         384       131072         514.335    100663296      6291456
         448            1           0.734          896           56
         448            2           0.758         1792          112
         448            4           0.762         3584          224
         448            8           0.778         7168          448
         448           16           0.821        14336          896
         448           32           0.911        28672         1792
         448           64           1.102        57344         3584
         448          128           1.373       114688         7168
         448          256           1.935       229376        14336
         448          512           3.014       458752        28672
         448         1024           5.271       917504        57344
         448         2048           9.690      1835008       114688
         448         4096          18.653      3670016       229376
         448         8192          36.468      7340032       458752
         448        16384          72.244     14680064       917504
         448        32768         143.554     29360128      1835008
         448        65536         286.059     58720256      3670016
         448       131072         571.366    117440512      7340032
         512            1           0.751         1024           64
         512            2           0.756         2048          128
         512            4           0.764         4096          256
         512            8           0.791         8192          512
         512           16           0.825        16384         1024
         512           32           0.910        32768         2048
         512           64           1.059        65536         4096
         512          128           1.413       131072         8192
         512          256           1.899       262144        16384
         512          512           3.001       524288        32768
         512         1024           5.238      1048576        65536
         512         2048           9.686      2097152       131072
         512         4096          18.620      4194304       262144
         512         8192          36.513      8388608       524288
         512        16384          72.165     16777216      1048576
         512        32768         143.494     33554432      2097152
         512        65536         286.148     67108864      4194304
         576            1           0.890         1152           72
         576            2           0.766         2304          144
         576            4           0.776         4608          288
         576            8           0.774         9216          576
         576           16           0.836        18432         1152
         576           32           0.950        36864         2304
         576           64           1.114        73728         4608
         576          128           1.420       147456         9216
         576          256           2.110       294912        18432
         576          512           3.348       589824        36864
         576         1024           5.788      1179648        73728
         576         2048          10.618      2359296       147456
         576         4096          32.740      4718592       294912
         576         8192          40.123      9437184       589824
         576        16384          79.344     18874368      1179648
         576        32768         157.793     37748736      2359296
         576        65536         314.688     75497472      4718592
         640            1           0.925         1280           80
         640            2           0.783         2560          160
         640            4           0.762         5120          320
         640            8           0.786        10240          640
         640           16           0.834        20480         1280
         640           32           0.936        40960         2560
         640           64           1.124        81920         5120
         640          128           1.505       163840        10240
         640          256           2.292       327680        20480
         640          512           3.871       655360        40960
         640         1024           7.001      1310720        81920
         640         2048          13.332      2621440       163840
         640         4096          25.815      5242880       327680
         640         8192          50.770     10485760       655360
         640        16384         100.681     20971520      1310720
         640        32768         200.529     41943040      2621440
         640        65536         400.238     83886080      5242880
         704            1           0.756         1408           88
         704            2           0.766         2816          176
         704            4           0.769         5632          352
         704            8           0.798        11264          704
         704           16           0.850        22528         1408
         704           32           1.147        45056         2816
         704           64           1.195        90112         5632
         704          128           1.632       180224        11264
         704          256           2.676       360448        22528
         704          512           4.455       720896        45056
         704         1024           7.922      1441792        90112
         704         2048          15.225      2883584       180224
         704         4096          29.366      5767168       360448
         704         8192          57.907     11534336       720896
         704        16384         115.012     23068672      1441792
         704        32768         229.076     46137344      2883584
         704        65536         457.312     92274688      5767168
         768            1           0.752         1536           96
         768            2           0.761         3072          192
         768            4           0.786         6144          384
         768            8           0.798        12288          768
         768           16           0.864        24576         1536
         768           32           0.967        49152         3072
         768           64           1.200        98304         6144
         768          128           1.656       196608        12288
         768          256           2.505       393216        24576
         768          512           4.315       786432        49152
         768         1024           7.862      1572864        98304
         768         2048          15.100      3145728       196608
         768         4096          29.409      6291456       393216
         768         8192          57.949     12582912       786432
         768        16384         114.952     25165824      1572864
         768        32768         229.100     50331648      3145728
         768        65536         457.270    100663296      6291456
         832            1           0.841         1664          104
         832            2           0.781         3328          208
         832            4           0.779         6656          416
         832            8           0.800        13312          832
         832           16           0.848        26624         1664
         832           32           0.996        53248         3328
         832           64           1.273       106496         6656
         832          128           1.772       212992        13312
         832          256           2.775       425984        26624
         832          512           4.783       851968        53248
         832         1024           8.809      1703936       106496
         832         2048          16.927      3407872       212992
         832         4096          32.976      6815744       425984
         832         8192          65.063     13631488       851968
         832        16384         129.259     27262976      1703936
         832        32768         257.629     54525952      3407872
         832        65536         523.405    109051904      6815744
         896            1           0.758         1792          112
         896            2           0.761         3584          224
         896            4           0.786         7168          448
         896            8           0.802        14336          896
         896           16           0.865        28672         1792
         896           32           0.991        57344         3584
         896           64           1.260       114688         7168
         896          128           1.754       229376        14336
         896          256           2.776       458752        28672
         896          512           4.797       917504        57344
         896         1024           8.775      1835008       114688
         896         2048          16.923      3670016       229376
         896         4096          33.082      7340032       458752
         896         8192          65.092     14680064       917504
         896        16384         129.252     29360128      1835008
         896        32768         257.632     58720256      3670016
         896        65536         514.358    117440512      7340032
         960            1           0.736         1920          120
         960            2           0.773         3840          240
         960            4           0.773         7680          480
         960            8           0.834        15360          960
         960           16           0.874        30720         1920
         960           32           1.015        61440         3840
         960           64           1.311       122880         7680
         960          128           2.005       245760        15360
         960          256           2.992       491520        30720
         960          512           5.356       983040        61440
         960         1024           9.684      1966080       122880
         960         2048          18.898      3932160       245760
         960         4096          36.535      7864320       491520
         960         8192          72.284     15728640       983040
         960        16384         143.619     31457280      1966080
         960        32768         286.146     62914560      3932160
        1024            1           0.861         2048          128
        1024            2           0.884         4096          256
        1024            4           0.798         8192          512
        1024            8           0.820        16384         1024
        1024           16           1.001        32768         2048
        1024           32           1.028        65536         4096
        1024           64           1.280       131072         8192
        1024          128           1.836       262144        16384
        1024          256           3.142       524288        32768
        1024          512           5.212      1048576        65536
        1024         1024           9.685      2097152       131072
        1024         2048          18.818      4194304       262144
        1024         4096          36.626      8388608       524288
        1024         8192          72.167     16777216      1048576
        1024        16384         143.458     33554432      2097152
        1024        32768         286.095     67108864      4194304
        1088            1           0.731         2176          136
        1088            2           0.755         4352          272
        1088            4           0.785         8704          544
        1088            8           0.821        17408         1088
        1088           16           1.002        34816         2176
        1088           32           1.058        69632         4352
        1088           64           1.369       139264         8704
        1088          128           2.148       278528        17408
        1088          256           3.382       557056        34816
        1088          512           5.664      1114112        69632
        1088         1024          10.538      2228224       139264
        1088         2048          20.547      4456448       278528
        1088         4096          40.218      8912896       557056
        1088         8192          79.308     17825792      1114112
        1088        16384         157.863     35651584      2228224
        1088        32768         314.625     71303168      4456448
        1152            1           0.737         2304          144
        1152            2           0.766         4608          288
        1152            4           0.768         9216          576
        1152            8           0.805        18432         1152
        1152           16           0.891        36864         2304
        1152           32           1.049        73728         4608
        1152           64           1.363       147456         9216
        1152          128           1.950       294912        18432
        1152          256           3.175       589824        36864
        1152          512           5.642      1179648        73728
        1152         1024          10.546      2359296       147456
        1152         2048          20.444      4718592       294912
        1152         4096          40.057      9437184       589824
        1152         8192          79.272     18874368      1179648
        1152        16384         157.741     37748736      2359296
        1152        32768         321.671     75497472      4718592
        1216            1           0.735         2432          152
        1216            2           0.872         4864          304
        1216            4           0.794         9728          608
        1216            8           0.992        19456         1216
        1216           16           1.040        38912         2432
        1216           32           1.067        77824         4864
        1216           64           1.409       155648         9728
        1216          128           2.139       311296        19456
        1216          256           3.551       622592        38912
        1216          512           6.132      1245184        77824
        1216         1024          11.547      2490368       155648
        1216         2048          22.233      4980736       311296
        1216         4096          43.657      9961472       622592
        1216         8192          86.618     19922944      1245184
        1216        16384         172.181     39845888      2490368
        1216        32768         343.355     79691776      4980736
        1280            1           0.750         2560          160
        1280            2           0.771         5120          320
        1280            4           0.951        10240          640
        1280            8           0.836        20480         1280
        1280           16           1.053        40960         2560
        1280           32           1.184        81920         5120
        1280           64           1.552       163840        10240
        1280          128           2.146       327680        20480
        1280          256           3.501       655360        40960
        1280          512           6.117      1310720        81920
        1280         1024          11.543      2621440       163840
        1280         2048          22.240      5242880       327680
        1280         4096          43.747     10485760       655360
        1280         8192          86.441     20971520      1310720
        1280        16384         172.018     41943040      2621440
        1280        32768         343.194     83886080      5242880
        1408            1           0.745         2816          176
        1408            2           0.908         5632          352
        1408            4           0.905        11264          704
        1408            8           0.970        22528         1408
        1408           16           0.914        45056         2816
        1408           32           1.121        90112         5632
        1408           64           1.440       180224        11264
        1408          128           2.179       360448        22528
        1408          256           3.737       720896        45056
        1408          512           6.670      1441792        90112
        1408         1024          12.556      2883584       180224
        1408         2048          24.205      5767168       360448
        1408         4096          47.308     11534336       720896
        1408         8192          93.701     23068672      1441792
        1408        16384         186.293     46137344      2883584
        1408        32768         371.721     92274688      5767168
        1536            1           0.762         3072          192
        1536            2           0.763         6144          384
        1536            4           0.789        12288          768
        1536            8           0.822        24576         1536
        1536           16           0.922        49152         3072
        1536           32           1.143        98304         6144
        1536           64           1.526       196608        12288
        1536          128           2.321       393216        24576
        1536          256           3.886       786432        49152
        1536          512           7.000      1572864        98304
        1536         1024          13.314      3145728       196608
        1536         2048          25.786      6291456       393216
        1536         4096          50.891     12582912       786432
        1536         8192         100.811     25165824      1572864
        1536        16384         200.551     50331648      3145728
        1536        32768         400.199    100663296      6291456
        1664            1           0.748         3328          208
        1664            2           0.760         6656          416
        1664            4           0.897        13312          832
        1664            8           0.822        26624         1664
        1664           16           0.930        53248         3328
        1664           32           1.231       106496         6656
        1664           64           1.589       212992        13312
        1664          128           2.515       425984        26624
        1664          256           4.156       851968        53248
        1664          512           7.418      1703936       106496
        1664         1024          14.318      3407872       212992
        1664         2048          27.583      6815744       425984
        1664         4096          54.310     13631488       851968
        1664         8192         107.818     27262976      1703936
        1664        16384         214.786     54525952      3407872
        1664        32768         433.538    109051904      6815744
        1792            1           0.978         3584          224
        1792            2           0.768         7168          448
        1792            4           0.835        14336          896
        1792            8           0.834        28672         1792
        1792           16           0.952        57344         3584
        1792           32           1.276       114688         7168
        1792           64           1.606       229376        14336
        1792          128           2.492       458752        28672
        1792          256           4.294       917504        57344
        1792          512           7.864      1835008       114688
        1792         1024          15.293      3670016       229376
        1792         2048          29.343      7340032       458752
        1792         4096          57.886     14680064       917504
        1792         8192         114.966     29360128      1835008
        1792        16384         229.065     58720256      3670016
        1792        32768         457.264    117440512      7340032
        1920            1           0.752         3840          240
        1920            2           0.773         7680          480
        1920            4           0.855        15360          960
        1920            8           0.898        30720         1920
        1920           16           1.075        61440         3840
        1920           32           1.196       122880         7680
        1920           64           1.818       245760        15360
        1920          128           2.607       491520        30720
        1920          256           4.643       983040        61440
        1920          512           8.327      1966080       122880
        1920         1024          16.117      3932160       245760
        1920         2048          31.142      7864320       491520
        1920         4096          61.459     15728640       983040
        1920         8192         122.072     31457280      1966080
        1920        16384         243.318     62914560      3932160
        2112            1           0.768         4224          264
        2112            2           0.818         8448          528
        2112            4           0.896        16896         1056
        2112            8           0.866        33792         2112
        2112           16           0.988        67584         4224
        2112           32           1.379       135168         8448
        2112           64           1.896       270336        16896
        2112          128           2.834       540672        33792
        2112          256           4.945      1081344        67584
        2112          512           9.282      2162688       135168
        2112         1024          17.802      4325376       270336
        2112         2048          34.880      8650752       540672
        2112         4096          68.730     17301504      1081344
        2112         8192         136.325     34603008      2162688
        2112        16384         271.845     69206016      4325376
        2304            1           0.764         4608          288
        2304            2           0.775         9216          576
        2304            4           0.805        18432         1152
        2304            8           0.884        36864         2304
        2304           16           1.011        73728         4608
        2304           32           1.317       147456         9216
        2304           64           1.838       294912        18432
        2304          128           2.951       589824        36864
        2304          256           5.313      1179648        73728
        2304          512           9.652      2359296       147456
        2304         1024          18.782      4718592       294912
        2304         2048          36.643      9437184       589824
        2304         4096          72.177     18874368      1179648
        2304         8192         143.475     37748736      2359296
        2304        16384         286.220     75497472      4718592
        2496            1           0.778         4992          312
        2496            2           0.798         9984          624
        2496            4           0.854        19968         1248
        2496            8           0.885        39936         2496
        2496           16           1.038        79872         4992
        2496           32           1.457       159744         9984
        2496           64           1.940       319488        19968
        2496          128           3.093       638976        39936
        2496          256           6.466      1277952        79872
        2496          512          12.969      2555904       159744
        2496         1024          25.990      5111808       319488
        2496         2048          52.253     10223616       638976
        2496         4096         104.626     20447232      1277952
        2496         8192         209.537     40894464      2555904
        2496        16384         419.340     81788928      5111808
        2688            1           0.761         5376          336
        2688            2           0.798        10752          672
        2688            4           0.865        21504         1344
        2688            8           0.914        43008         2688
        2688           16           1.054        86016         5376
        2688           32           1.379       172032        10752
        2688           64           2.032       344064        21504
        2688          128           3.288       688128        43008
        2688          256           5.861      1376256        86016
        2688          512          11.077      2752512       172032
        2688         1024          21.336      5505024       344064
        2688         2048          41.826     11010048       688128
        2688         4096          82.843     22020096      1376256
        2688         8192         164.866     44040192      2752512
        2688        16384         334.414     88080384      5505024
        2944            1           0.775         5888          368
        2944            2           0.798        11776          736
        2944            4           0.836        23552         1472
        2944            8           0.904        47104         2944
        2944           16           1.064        94208         5888
        2944           32           1.409       188416        11776
        2944           64           2.123       376832        23552
        2944          128           3.520       753664        47104
        2944          256           6.317      1507328        94208
        2944          512          11.972      3014656       188416
        2944         1024          23.122      6029312       376832
        2944         2048          45.411     12058624       753664
        2944         4096          89.983     24117248      1507328
        2944         8192         179.128     48234496      3014656
        2944        16384         357.416     96468992      6029312
        3200            1           0.772         6400          400
        3200            2           0.801        12800          800
        3200            4           0.844        25600         1600
        3200            8           0.906        51200         3200
        3200           16           1.094       102400         6400
        3200           32           1.468       204800        12800
        3200           64           2.212       409600        25600
        3200          128           3.730       819200        51200
        3200          256           6.739      1638400       102400
        3200          512          12.755      3276800       204800
        3200         1024          24.902      6553600       409600
        3200         2048          48.977     13107200       819200
        3200         4096          97.098     26214400      1638400
        3200         8192         193.380     52428800      3276800
        3200        16384         385.938    104857600      6553600
        3520            1           1.002         7040          440
        3520            2           0.810        14080          880
        3520            4           0.862        28160         1760
        3520            8           0.931        56320         3520
        3520           16           1.133       112640         7040
        3520           32           1.546       225280        14080
        3520           64           2.385       450560        28160
        3520          128           4.185       901120        56320
        3520          256           7.423      1802240       112640
        3520          512          14.215      3604480       225280
        3520         1024          27.592      7208960       450560
        3520         2048          54.315     14417920       901120
        3520         4096         107.812     28835840      1802240
        3520         8192         214.790     57671680      3604480
        3520        16384         428.742    115343360      7208960
        3840            1           0.772         7680          480
        3840            2           0.804        15360          960
        3840            4           0.875        30720         1920
        3840            8           0.960        61440         3840
        3840           16           1.178       122880         7680
        3840           32           1.613       245760        15360
        3840           64           2.493       491520        30720
        3840          128           4.288       983040        61440
        3840          256           7.857      1966080       122880
        3840          512          15.087      3932160       245760
        3840         1024          29.353      7864320       491520
        3840         2048          57.875     15728640       983040
        3840         4096         114.936     31457280      1966080
        3840         8192         229.032     62914560      3932160
        4224            1           0.798         8448          528
        4224            2           0.838        16896         1056
        4224            4           0.858        33792         2112
        4224            8           1.004        67584         4224
        4224           16           1.298       135168         8448
        4224           32           1.905       270336        16896
        4224           64           3.126       540672        33792
        4224          128           5.536      1081344        67584
        4224          256          10.380      2162688       135168
        4224          512          20.144      4325376       270336
        4224         1024          39.483      8650752       540672
        4224         2048          78.150     17301504      1081344
        4224         4096         155.493     34603008      2162688
        4224         8192         310.179     69206016      4325376
        4608            1           0.783         9216          576
        4608            2           0.804        18432         1152
        4608            4           0.881        36864         2304
        4608            8           1.018        73728         4608
        4608           16           1.273       147456         9216
        4608           32           1.775       294912        18432
        4608           64           2.842       589824        36864
        4608          128           4.961      1179648        73728
        4608          256           9.205      2359296       147456
        4608          512          17.763      4718592       294912
        4608         1024          34.695      9437184       589824
        4608         2048          73.654     18874368      1179648
        4608         4096         136.320     37748736      2359296
        4608         8192         271.825     75497472      4718592
        5056            1           0.945        10112          632
        5056            2           0.968        20224         1264
        5056            4           1.062        40448         2528
        5056            8           1.190        80896         5056
        5056           16           1.413       161792        10112
        5056           32           2.002       323584        20224
        5056           64           3.066       647168        40448
        5056          128           5.396      1294336        80896
        5056          256          10.176      2588672       161792
        5056          512          19.554      5177344       323584
        5056         1024          38.277     10354688       647168
        5056         2048          75.739     20709376      1294336
        5056         4096         150.599     41418752      2588672
        5056         8192         300.368     82837504      5177344
        5504            1           0.905        11008          688
        5504            2           0.825        22016         1376
        5504            4           0.916        44032         2752
        5504            8           1.090        88064         5504
        5504           16           1.443       176128        11008
        5504           32           2.174       352256        22016
        5504           64           3.640       704512        44032
        5504          128           6.610      1409024        88064
        5504          256          12.500      2818048       176128
        5504          512          24.417      5636096       352256
        5504         1024          48.016     11272192       704512
        5504         2048          95.173     22544384      1409024
        5504         4096         189.536     45088768      2818048
        5504         8192         378.271     90177536      5636096
        6016            1           0.775        12032          752
        6016            2           0.828        24064         1504
        6016            4           0.921        48128         3008
        6016            8           1.071        96256         6016
        6016           16           1.498       192512        12032
        6016           32           2.267       385024        24064
        6016           64           3.268       770048        48128
        6016          128           6.208      1540096        96256
        6016          256          12.616      3080192       192512
        6016          512          25.747      6160384       385024
        6016         1024          49.928     12320768       770048
        6016         2048          99.692     24641536      1540096
        6016         4096         200.248     49283072      3080192
        6016         8192         398.864     98566144      6160384
        6592            1           0.934        13184          824
        6592            2           0.872        26368         1648
        6592            4           0.957        52736         3296
        6592            8           1.159       105472         6592
        6592           16           1.474       210944        13184
        6592           32           2.353       421888        26368
        6592           64           4.023       843776        52736
        6592          128           7.406      1687552       105472
        6592          256          13.902      3375104       210944
        6592          512          26.923      6750208       421888
        6592         1024          53.063     13500416       843776
        6592         2048         105.381     27000832      1687552
        6592         4096         209.767     54001664      3375104
        6592         8192         418.718    108003328      6750208
        7232            1           0.941        14464          904
        7232            2           0.847        28928         1808
        7232            4           0.929        57856         3616
        7232            8           1.313       115712         7232
        7232           16           1.609       231424        14464
        7232           32           2.461       462848        28928
        7232           64           4.354       925696        57856
        7232          128           7.705      1851392       115712
        7232          256          14.871      3702784       231424
        7232          512          28.829      7405568       462848
        7232         1024          56.663     14811136       925696
        7232         2048         112.500     29622272      1851392
        7232         4096         231.209     59244544      3702784
        7232         8192         447.237    118489088      7405568
        7936            1           0.789        15872          992
        7936            2           0.863        31744         1984
        7936            4           0.970        63488         3968
        7936            8           1.186       126976         7936
        7936           16           1.646       253952        15872
        7936           32           2.576       507904        31744
        7936           64           4.455      1015808        63488
        7936          128           8.209      2031616       126976
        7936          256          15.756      4063232       253952
        7936          512          30.689      8126464       507904
        7936         1024          60.552     16252928      1015808
        7936         2048         120.275     32505856      2031616
        7936         4096         239.738     65011712      4063232
        8704            1           0.800        17408         1088
        8704            2           0.858        34816         2176
        8704            4           0.966        69632         4352
        8704            8           1.224       139264         8704
        8704           16           1.715       278528        17408
        8704           32           2.711       557056        34816
        8704           64           4.724      1114112        69632
        8704          128           8.715      2228224       139264
        8704          256          16.714      4456448       278528
        8704          512          32.785      8912896       557056
        8704         1024          64.728     17825792      1114112
        8704         2048         128.624     35651584      2228224
        8704         4096         256.424     71303168      4456448
        9536            1           0.795        19072         1192
        9536            2           0.874        38144         2384
        9536            4           1.012        76288         4768
        9536            8           1.314       152576         9536
        9536           16           1.768       305152        19072
        9536           32           2.846       610304        38144
        9536           64           4.983      1220608        76288
        9536          128           9.204      2441216       152576
        9536          256          17.909      4882432       305152
        9536          512          34.918      9764864       610304
        9536         1024          68.727     19529728      1220608
        9536         2048         136.750     39059456      2441216
        9536         4096         272.415     78118912      4882432
       10432            1           0.808        20864         1304
       10432            2           0.896        41728         2608
       10432            4           1.008        83456         5216
       10432            8           1.290       166912        10432
       10432           16           1.848       333824        20864
       10432           32           2.972       667648        41728
       10432           64           5.231      1335296        83456
       10432          128           9.765      2670592       166912
       10432          256          18.799      5341184       333824
       10432          512          36.976     10682368       667648
       10432         1024          73.168     21364736      1335296
       10432         2048         145.540     42729472      2670592
       10432         4096         290.257     85458944      5341184
       11456            1           0.828        22912         1432
       11456            2           0.877        45824         2864
       11456            4           1.033        91648         5728
       11456            8           1.326       183296        11456
       11456           16           1.934       366592        22912
       11456           32           3.160       733184        45824
       11456           64           5.598      1466368        91648
       11456          128          10.474      2932736       183296
       11456          256          20.410      5865472       366592
       11456          512          39.855     11730944       733184
       11456         1024          78.936     23461888      1466368
       11456         2048         156.989     46923776      2932736
       11456         4096         313.166     93847552      5865472
       12544            1           0.942        25088         1568
       12544            2           1.053        50176         3136
       12544            4           1.197       100352         6272
       12544            8           1.390       200704        12544
       12544           16           2.126       401408        25088
       12544           32           3.467       802816        50176
       12544           64           5.954      1605632       100352
       12544          128          11.267      3211264       200704
       12544          256          21.686      6422528       401408
       12544          512          42.841     12845056       802816
       12544         1024          84.758     25690112      1605632
       12544         2048         168.430     51380224      3211264
       12544         4096         349.164    102760448      6422528
       13760            1           0.845        27520         1720
       13760            2           0.912        55040         3440
       13760            4           1.090       110080         6880
       13760            8           1.430       220160        13760
       13760           16           2.167       440320        27520
       13760           32           3.534       880640        55040
       13760           64           6.349      1761280       110080
       13760          128          11.947      3522560       220160
       13760          256          23.260      7045120       440320
       13760          512          45.678     14090240       880640
       13760         1024          90.564     28180480      1761280
       13760         2048         180.308     56360960      3522560
       13760         4096         359.791    112721920      7045120
       15104            1           0.841        30208         1888
       15104            2           0.927        60416         3776
       15104            4           1.096       120832         7552
       15104            8           1.493       241664        15104
       15104           16           2.234       483328        30208
       15104           32           3.778       966656        60416
       15104           64           6.801      1933312       120832
       15104          128          12.882      3866624       241664
       15104          256          25.039      7733248       483328
       15104          512          49.433     15466496       966656
       15104         1024          98.013     30932992      1933312
       15104         2048         195.179     61865984      3866624
       15104         4096         389.504    123731968      7733248
       16576            1           0.844        33152         2072
       16576            2           0.937        66304         4144
       16576            4           1.256       132608         8288
       16576            8           1.679       265216        16576
       16576           16           2.343       530432        33152
       16576           32           4.136      1060864        66304
       16576           64           7.395      2121728       132608
       16576          128          13.989      4243456       265216
       16576          256          27.009      8486912       530432
       16576          512          53.371     16973824      1060864
       16576         1024         105.771     33947648      2121728
       16576         2048         210.462     67895296      4243456
       18176            1           0.857        36352         2272
       18176            2           0.947        72704         4544
       18176            4           1.183       145408         9088
       18176            8           1.617       290816        18176
       18176           16           2.490       581632        36352
       18176           32           4.401      1163264        72704
       18176           64           7.814      2326528       145408
       18176          128          14.877      4653056       290816
       18176          256          29.031      9306112       581632
       18176          512          57.461     18612224      1163264
       18176         1024         114.047     37224448      2326528
       18176         2048         227.266     74448896      4653056
       19968            1           0.858        39936         2496
       19968            2           0.999        79872         4992
       19968            4           1.220       159744         9984
       19968            8           1.679       319488        19968
       19968           16           2.656       638976        39936
       19968           32           4.574      1277952        79872
       19968           64           8.385      2555904       159744
       19968          128          16.060      5111808       319488
       19968          256          31.481     10223616       638976
       19968          512          62.116     20447232      1277952
       19968         1024         123.410     40894464      2555904
       19968         2048         245.990     81788928      5111808
       21952            1           0.871        43904         2744
       21952            2           1.011        87808         5488
       21952            4           1.252       175616        10976
       21952            8           1.801       351232        21952
       21952           16           2.821       702464        43904
       21952           32           4.872      1404928        87808
       21952           64           9.149      2809856       175616
       21952          128          17.322      5619712       351232
       21952          256          34.008     11239424       702464
       21952          512          67.196     22478848      1404928
       21952         1024         133.606     44957696      2809856
       21952         2048         266.390     89915392      5619712
       24128            1           0.875        48256         3016
       24128            2           1.068        96512         6032
       24128            4           1.332       193024        12064
       24128            8           1.855       386048        24128
       24128           16           2.979       772096        48256
       24128           32           5.234      1544192        96512
       24128           64           9.746      3088384       193024
       24128          128          18.736      6176768       386048
       24128          256          36.721     12353536       772096
       24128          512          72.973     24707072      1544192
       24128         1024         144.892     49414144      3088384
       24128         2048         288.945     98828288      6176768
       26496            1           0.883        52992         3312
       26496            2           1.044       105984         6624
       26496            4           1.362       211968        13248
       26496            8           1.960       423936        26496
       26496           16           3.178       847872        52992
       26496           32           5.626      1695744       105984
       26496           64          10.522      3391488       211968
       26496          128          20.325      6782976       423936
       26496          256          39.898     13565952       847872
       26496          512          79.153     27131904      1695744
       26496         1024         157.477     54263808      3391488
       26496         2048         314.132    108527616      6782976
       29120            1           0.912        58240         3640
       29120            2           1.077       116480         7280
       29120            4           1.410       232960        14560
       29120            8           2.056       465920        29120
       29120           16           3.377       931840        58240
       29120           32           6.022      1863680       116480
       29120           64          11.395      3727360       232960
       29120          128          21.980      7454720       465920
       29120          256          43.310     14909440       931840
       29120          512          85.815     29818880      1863680
       29120         1024         170.786     59637760      3727360
       29120         2048         340.756    119275520      7454720
       32000            1           0.928        64000         4000
       32000            2           1.102       128000         8000
       32000            4           1.469       256000        16000
       32000            8           2.174       512000        32000
       32000           16           3.628      1024000        64000
       32000           32           6.668      2048000       128000
       32000           64          12.364      4096000       256000
       32000          128          24.058      8192000       512000
       32000          256          47.099     16384000      1024000
       32000          512          93.694     32768000      2048000
       32000         1024         186.257     65536000      4096000
       35200            1           0.990        70400         4400
       35200            2           1.135       140800         8800
       35200            4           1.522       281600        17600
       35200            8           2.318       563200        35200
       35200           16           3.907      1126400        70400
       35200           32           7.047      2252800       140800
       35200           64          13.360      4505600       281600
       35200          128          25.990      9011200       563200
       35200          256          51.457     18022400      1126400
       35200          512         101.821     36044800      2252800
       35200         1024         202.948     72089600      4505600
       38720            1           1.138        77440         4840
       38720            2           1.175       154880         9680
       38720            4           1.609       309760        19360
       38720            8           2.460       619520        38720
       38720           16           4.160      1239040        77440
       38720           32           7.803      2478080       154880
       38720           64          14.507      4956160       309760
       38720          128          28.256      9912320       619520
       38720          256          55.902     19824640      1239040
       38720          512         111.135     39649280      2478080
       38720         1024         221.114     79298560      4956160
       42560            1           1.023        85120         5320
       42560            2           1.211       170240        10640
       42560            4           1.736       340480        21280
       42560            8           2.607       680960        42560
       42560           16           4.601      1361920        85120
       42560           32           8.242      2723840       170240
       42560           64          15.896      5447680       340480
       42560          128          30.800     10895360       680960
       42560          256          61.138     21790720      1361920
       42560          512         121.079     43581440      2723840
       42560         1024         241.582     87162880      5447680
       46784            1           1.022        93568         5848
       46784            2           1.230       187136        11696
       46784            4           1.759       374272        23392
       46784            8           2.782       748544        46784
       46784           16           4.822      1497088        93568
       46784           32           8.924      2994176       187136
       46784           64          17.156      5988352       374272
       46784          128          33.527     11976704       748544
       46784          256          66.360     23953408      1497088
       46784          512         131.906     47906816      2994176
       46784         1024         271.841     95813632      5988352
       51456            1           0.999       102912         6432
       51456            2           1.303       205824        12864
       51456            4           1.860       411648        25728
       51456            8           2.987       823296        51456
       51456           16           5.232      1646592       102912
       51456           32           9.701      3293184       205824
       51456           64          18.685      6586368       411648
       51456          128          36.737     13172736       823296
       51456          256          72.523     26345472      1646592
       51456          512         144.383     52690944      3293184
       51456         1024         287.892    105381888      6586368
       56576            1           1.040       113152         7072
       56576            2           1.353       226304        14144
       56576            4           1.966       452608        28288
       56576            8           3.208       905216        56576
       56576           16           5.695      1810432       113152
       56576           32          10.548      3620864       226304
       56576           64          20.360      7241728       452608
       56576          128          39.975     14483456       905216
       56576          256          79.232     28966912      1810432
       56576          512         157.825     57933824      3620864
       56576         1024         314.643    115867648      7241728
       62208            1           1.114       124416         7776
       62208            2           1.433       248832        15552
       62208            4           2.215       497664        31104
       62208            8           3.571       995328        62208
       62208           16           6.267      1990656       124416
       62208           32          11.629      3981312       248832
       62208           64          22.226      7962624       497664
       62208          128          43.666     15925248       995328
       62208          256          86.909     31850496      1990656
       62208          512         172.664     63700992      3981312
       68416            1           1.107       136832         8552
       68416            2           1.488       273664        17104
       68416            4           2.226       547328        34208
       68416            8           3.671      1094656        68416
       68416           16           6.605      2189312       136832
       68416           32          12.479      4378624       273664
       68416           64          24.234      8757248       547328
       68416          128          47.671     17514496      1094656
       68416          256          94.844     35028992      2189312
       68416          512         188.542     70057984      4378624
       75200            1           1.209       150400         9400
       75200            2           1.595       300800        18800
       75200            4           2.379       601600        37600
       75200            8           4.148      1203200        75200
       75200           16           7.165      2406400       150400
       75200           32          13.583      4812800       300800
       75200           64          26.437      9625600       601600
       75200          128          52.112     19251200      1203200
       75200          256         103.473     38502400      2406400
       75200          512         206.279     77004800      4812800
       82688            1           1.227       165376        10336
       82688            2           1.627       330752        20672
       82688            4           2.520       661504        41344
       82688            8           4.408      1323008        82688
       82688           16           7.787      2646016       165376
       82688           32          14.814      5292032       330752
       82688           64          28.888     10584064       661504
       82688          128          57.041     21168128      1323008
       82688          256         113.345     42336256      2646016
       82688          512         226.037     84672512      5292032
       90944            1           1.244       181888        11368
       90944            2           1.728       363776        22736
       90944            4           2.829       727552        45472
       90944            8           4.611      1455104        90944
       90944           16           8.610      2910208       181888
       90944           32          16.153      5820416       363776
       90944           64          31.742     11640832       727552
       90944          128          62.394     23281664      1455104
       90944          256         124.194     46563328      2910208
       90944          512         247.433     93126656      5820416
      100032            1           1.450       200064        12504
      100032            2           1.834       400128        25008
      100032            4           2.869       800256        50016
      100032            8           5.003      1600512       100032
      100032           16           9.205      3201024       200064
      100032           32          17.659      6402048       400128
      100032           64          34.530     12804096       800256
      100032          128          68.316     25608192      1600512
      100032          256         135.945     51216384      3201024
      100032          512         305.361    102432768      6402048
      110016            1           1.498       220032        13752
      110016            2           1.922       440064        27504
      110016            4           3.084       880128        55008
      110016            8           5.538      1760256       110016
      110016           16          10.008      3520512       220032
      110016           32          19.269      7041024       440064
      110016           64          37.813     14082048       880128
      110016          128          74.881     28164096      1760256
      110016          256         149.001     56328192      3520512
      110016          512         297.147    112656384      7041024
      120960            1           1.562       241920        15120
      120960            2           2.055       483840        30240
      120960            4           3.510       967680        60480
      120960            8           5.854      1935360       120960
      120960           16          10.900      3870720       241920
      120960           32          21.105      7741440       483840
      120960           64          41.377     15482880       967680
      120960          128          82.026     30965760      1935360
      120960          256         163.425     61931520      3870720
      120960          512         325.882    123863040      7741440
      133056            1           1.081       266112        16632
      133056            2           2.166       532224        33264
      133056            4           3.557      1064448        66528
      133056            8           6.328      2128896       133056
      133056           16          11.898      4257792       266112
      133056           32          23.052      8515584       532224
      133056           64          45.343     17031168      1064448
      133056          128          89.895     34062336      2128896
      133056          256         179.009     68124672      4257792
      146304            1           1.728       292608        18288
      146304            2           2.317       585216        36576
      146304            4           3.849      1170432        73152
      146304            8           6.930      2340864       146304
      146304           16          13.001      4681728       292608
      146304           32          25.222      9363456       585216
      146304           64          49.674     18726912      1170432
      146304          128          98.643     37453824      2340864
      146304          256         196.426     74907648      4681728
      160896            1           2.034       321792        20112
      160896            2           2.471       643584        40224
      160896            4           4.146      1287168        80448
      160896            8           7.483      2574336       160896
      160896           16          14.192      5148672       321792
      160896           32          27.615     10297344       643584
      160896           64          54.465     20594688      1287168
      160896          128         108.160     41189376      2574336
      160896          256         215.516     82378752      5148672
      176960            1           2.171       353920        22120
      176960            2           2.643       707840        44240
      176960            4           4.470      1415680        88480
      176960            8           8.154      2831360       176960
      176960           16          15.521      5662720       353920
      176960           32          30.244     11325440       707840
      176960           64          59.696     22650880      1415680
      176960          128         118.600     45301760      2831360
      176960          256         236.391     90603520      5662720
      194624            1           2.133       389248        24328
      194624            2           2.809       778496        48656
      194624            4           4.843      1556992        97312
      194624            8           9.022      3113984       194624
      194624           16          16.962      6227968       389248
      194624           32          33.133     12455936       778496
      194624           64          65.472     24911872      1556992
      194624          128         130.132     49823744      3113984
      194624          256         259.552     99647488      6227968
      214080            1           2.758       428160        26760
      214080            2           3.075       856320        53520
      214080            4           5.278      1712640       107040
      214080            8           9.711      3425280       214080
      214080           16          18.580      6850560       428160
      214080           32          36.513     13701120       856320
      214080           64          71.849     27402240      1712640
      214080          128         142.929     54804480      3425280
      214080          256         292.483    109608960      6850560
      235456            1           2.658       470912        29432
      235456            2           3.305       941824        58864
      235456            4           5.762      1883648       117728
      235456            8          10.632      3767296       235456
      235456           16          20.377      7534592       470912
      235456           32          39.886     15069184       941824
      235456           64          78.897     30138368      1883648
      235456          128         157.114     60276736      3767296
      235456          256         313.094    120553472      7534592
      258944            1           2.552       517888        32368
      258944            2           3.642      1035776        64736
      258944            4           6.420      2071552       129472
      258944            8          11.772      4143104       258944
      258944           16          22.462      8286208       517888
      258944           32          43.788     16572416      1035776
      258944           64          86.633     33144832      2071552
      258944          128         172.317     66289664      4143104
      284800            1           3.220       569600        35600
      284800            2           4.030      1139200        71200
      284800            4           7.348      2278400       142400
      284800            8          13.377      4556800       284800
      284800           16          25.935      9113600       569600
      284800           32          52.017     18227200      1139200
      284800           64         104.333     36454400      2278400
      284800          128         208.725     72908800      4556800
      313280            1           3.679       626560        39160
      313280            2           4.421      1253120        78320
      313280            4           8.076      2506240       156640
      313280            8          15.312      5012480       313280
      313280           16          29.784     10024960       626560
      313280           32          58.792     20049920      1253120
      313280           64         116.752     40099840      2506240
      313280          128         232.718     80199680      5012480
      344576            1           3.980       689152        43072
      344576            2           4.807      1378304        86144
      344576            4           8.836      2756608       172288
      344576            8          16.822      5513216       344576
      344576           16          32.678     11026432       689152
      344576           32          64.548     22052864      1378304
      344576           64         128.275     44105728      2756608
      344576          128         255.582     88211456      5513216
      379008            1           4.656       758016        47376
      379008            2           5.198      1516032        94752
      379008            4           9.571      3032064       189504
      379008            8          18.437      6064128       379008
      379008           16          35.810     12128256       758016
      379008           32          70.824     24256512      1516032
      379008           64         140.445     48513024      3032064
      379008          128         280.581     97026048      6064128
      416896            1           4.863       833792        52112
      416896            2           5.605      1667584       104224
      416896            4          10.435      3335168       208448
      416896            8          20.010      6670336       416896
      416896           16          39.421     13340672       833792
      416896           32          77.808     26681344      1667584
      416896           64         154.765     53362688      3335168
      416896          128         308.739    106725376      6670336
      458560            1           5.351       917120        57320
      458560            2           6.104      1834240       114640
      458560            4          11.390      3668480       229280
      458560            8          22.041      7336960       458560
      458560           16          46.740     14673920       917120
      458560           32          84.817     29347840      1834240
      458560           64         169.318     58695680      3668480
      458560          128         338.926    117391360      7336960
      504384            1           6.252      1008768        63048
      504384            2           6.628      2017536       126096
      504384            4          12.521      4035072       252192
      504384            8          23.993      8070144       504384
      504384           16          47.151     16140288      1008768
      504384           32          93.822     32280576      2017536
      504384           64         186.244     64561152      4035072
      554816            1           5.968      1109632        69352
      554816            2           7.178      2219264       138704
      554816            4          13.526      4438528       277408
      554816            8          26.325      8877056       554816
      554816           16          51.813     17754112      1109632
      554816           32         102.799     35508224      2219264
      554816           64         205.060     71016448      4438528
      610240            1           7.244      1220480        76280
      610240            2           7.814      2440960       152560
      610240            4          14.839      4881920       305120
      610240            8          28.806      9763840       610240
      610240           16          56.932     19527680      1220480
      610240           32         113.059     39055360      2440960
      610240           64         225.660     78110720      4881920
      671232            1           7.893      1342464        83904
      671232            2           8.538      2684928       167808
      671232            4          16.254      5369856       335616
      671232            8          31.737     10739712       671232
      671232           16          62.649     21479424      1342464
      671232           32         124.481     42958848      2684928
      671232           64         247.578     85917696      5369856
      738304            1           7.958      1476608        92288
      738304            2           9.322      2953216       184576
      738304            4          17.961      5906432       369152
      738304            8          34.783     11812864       738304
      738304           16          68.831     23625728      1476608
      738304           32         136.838     47251456      2953216
      738304           64         272.219     94502912      5906432
      812096            1           9.202      1624192       101512
      812096            2          10.169      3248384       203024
      812096            4          19.486      6496768       406048
      812096            8          38.133     12993536       812096
      812096           16          75.484     25987072      1624192
      812096           32         151.056     51974144      3248384
      812096           64         300.531    103948288      6496768
      893248            1          10.082      1786496       111656
      893248            2          11.359      3572992       223312
      893248            4          21.784      7145984       446624
      893248            8          42.368     14291968       893248
      893248           16          83.890     28583936      1786496
      893248           32         166.901     57167872      3572992
      893248           64         337.483    114335744      7145984
      982528            1          11.257      1965056       122816
      982528            2          12.513      3930112       245632
      982528            4          23.767      7860224       491264
      982528            8          46.674     15720448       982528
      982528           16          92.239     31440896      1965056
      982528           32         183.874     62881792      3930112
     1080768            1          13.087      2161536       135096
     1080768            2          13.698      4323072       270192
     1080768            4          26.239      8646144       540384
     1080768            8          51.398     17292288      1080768
     1080768           16         101.812     34584576      2161536
     1080768           32         202.278     69169152      4323072
     1188800            1          14.134      2377600       148600
     1188800            2          15.032      4755200       297200
     1188800            4          29.301      9510400       594400
     1188800            8          57.804     19020800      1188800
     1188800           16         115.026     38041600      2377600
     1188800           32         228.991     76083200      4755200
     1307648            1          15.512      2615296       163456
     1307648            2          16.523      5230592       326912
     1307648            4          32.162     10461184       653824
     1307648            8          63.459     20922368      1307648
     1307648           16         125.925     41844736      2615296
     1307648           32         251.059     83689472      5230592
     1438400            1          16.717      2876800       179800
     1438400            2          18.122      5753600       359600
     1438400            4          35.256     11507200       719200
     1438400            8          69.744     23014400      1438400
     1438400           16         138.193     46028800      2876800
     1438400           32         275.505     92057600      5753600
     1582208            1          17.856      3164416       197776
     1582208            2          20.401      6328832       395552
     1582208            4          39.907     12657664       791104
     1582208            8          79.157     25315328      1582208
     1582208           16         156.934     50630656      3164416
     1582208           32         313.202    101261312      6328832
     1740416            1          20.409      3480832       217552
     1740416            2          22.530      6961664       435104
     1740416            4          43.739     13923328       870208
     1740416            8          86.416     27846656      1740416
     1740416           16         171.677     55693312      3480832
     1740416           32         342.362    111386624      6961664
     1914432            1          22.173      3828864       239304
     1914432            2          31.698      7657728       478608
     1914432            4          49.437     15315456       957216
     1914432            8          96.593     30630912      1914432
     1914432           16         191.310     61261824      3828864
     1914432           32         382.200    122523648      7657728
     2105856            1          25.046      4211712       263232
     2105856            2          28.900      8423424       526464
     2105856            4          55.862     16846848      1052928
     2105856            8         111.638     33693696      2105856
     2105856           16         219.135     67387392      4211712
     2316416            1          28.745      4632832       289552
     2316416            2          33.699      9265664       579104
     2316416            4          66.041     18531328      1158208
     2316416            8         130.806     37062656      2316416
     2316416           16         261.124     74125312      4632832
     2548032            1          32.869      5096064       318504
     2548032            2          38.634     10192128       637008
     2548032            4          77.552     20384256      1274016
     2548032            8         155.345     40768512      2548032
     2548032           16         311.383     81537024      5096064
     2802816            1          40.207      5605632       350352
     2802816            2          44.899     11211264       700704
     2802816            4          88.976     22422528      1401408
     2802816            8         177.563     44845056      2802816
     2802816           16         354.379     89690112      5605632
     3083072            1          41.534      6166144       385384
     3083072            2          49.060     12332288       770768
     3083072            4          98.684     24664576      1541536
     3083072            8         197.496     49329152      3083072
     3083072           16         394.632     98658304      6166144
     3391360            1          47.032      6782720       423920
     3391360            2          54.795     13565440       847840
     3391360            4         127.987     27130880      1695680
     3391360            8         229.385     54261760      3391360
     3391360           16         457.520    108523520      6782720
     3730496            1          51.724      7460992       466312
     3730496            2          60.272     14921984       932624
     3730496            4         120.754     29843968      1865248
     3730496            8         241.922     59687936      3730496
     3730496           16         483.926    119375872      7460992
     4103488            1          56.463      8206976       512936
     4103488            2          66.309     16413952      1025872
     4103488            4         132.798     32827904      2051744
     4103488            8         265.297     65655808      4103488
     4513792            1          62.943      9027584       564224
     4513792            2          74.076     18055168      1128448
     4513792            4         147.134     36110336      2256896
     4513792            8         293.557     72220672      4513792
     4965120            1          69.881      9930240       620640
     4965120            2          81.346     19860480      1241280
     4965120            4         161.873     39720960      2482560
     4965120            8         322.705     79441920      4965120
     5461632            1          77.444     10923264       682704
     5461632            2          89.431     21846528      1365408
     5461632            4         177.890     43693056      2730816
     5461632            8         359.863     87386112      5461632
     6007744            1          85.461     12015488       750968
     6007744            2          98.190     24030976      1501936
     6007744            4         195.842     48061952      3003872
     6007744            8         390.788     96123904      6007744
     6608512            1          92.731     13217024       826064
     6608512            2         108.235     26434048      1652128
     6608512            4         214.672     52868096      3304256
     6608512            8         429.817    105736192      6608512
     7269312            1         103.361     14538624       908664
     7269312            2         118.699     29077248      1817328
     7269312            4         236.365     58154496      3634656
     7269312            8         472.037    116308992      7269312
     7996224            1         111.156     15992448       999528
     7996224            2         129.793     31984896      1999056
     7996224            4         260.400     63969792      3998112
     8795840            1         125.624     17591680      1099480
     8795840            2         143.617     35183360      2198960
     8795840            4         286.289     70366720      4397920
     9675392            1         139.632     19350784      1209424
     9675392            2         157.684     38701568      2418848
     9675392            4         315.289     77403136      4837696
    10642880            1         149.041     21285760      1330360
    10642880            2         173.903     42571520      2660720
    10642880            4         347.563     85143040      5321440
    11707136            1         164.974     23414272      1463392
    11707136            2         193.328     46828544      2926784
    11707136            4         384.425     93657088      5853568
    12877824            1         183.665     25755648      1609728
    12877824            2         215.535     51511296      3219456
    12877824            4         426.174    103022592      6438912
    14165568            1         199.387     28331136      1770696
    14165568            2         243.739     56662272      3541392
    14165568            4         479.605    113324544      7082784
    15582080            1         225.935     31164160      1947760
    15582080            2         290.083     62328320      3895520
    15582080            4         551.769    124656640      7791040
    17140288            1         250.738     34280576      2142536
    17140288            2         365.507     68561152      4285072
    18854272            1         306.965     37708544      2356784
    18854272            2         582.384     75417088      4713568
    20739648            1         426.803     41479296      2592456
    20739648            2        1020.947     82958592      5184912
    22813568            1         700.663     45627136      2851696
    22813568            2        1718.351     91254272      5703392
    25094912            1        1041.171     50189824      3136864
    25094912            2        2572.282    100379648      6273728
    27604352            1        1469.902     55208704      3450544
    27604352            2        3439.482    110417408      6901088
    30364736            1        1935.406     60729472      3795592
    30364736            2        4219.427    121458944      7591184
    33401152            1        2346.059     66802304      4175144
    36741248            1        2771.161     73482496      4592656
    40415360            1        3131.538     80830720      5051920
    44456896            1        3491.228     88913792      5557112
    48902528            1        3865.488     97805056      6112816
    53792768            1        4278.967    107585536      6724096
    59172032            1        4694.831    118344064      7396504

META_DATA
MPI_PROCS      1
OPENMP_THREADS 8
FLOPS          1
ERT_VERSION  1.0.0
TIMESTAMP_DATA  1594852871.77
HOSTNAME  ('apollo-PowerEdge-R430', [], ['127.0.1.1'])
UNAME  ('Linux', 'apollo-PowerEdge-R430', '4.19.129-0419129-generic', '#202006220433 SMP Mon Jun 22 09:12:54 UTC 2020', 'x86_64', 'x86_64')
CONFIG  {'ERT_WORKING_SET_MIN': ['1'], 'ERT_CFLAGS': ['-O3'], 'ERT_CC': ['gcc'], 'ERT_MPI_CFLAGS': [], 'ERT_MPI_LDFLAGS': [], 'ERT_MEMORY_MAX': ['62497788'], 'ERT_PROCS_THREADS': ['8'], 'ERT_LDFLAGS': [], 'ERT_LDLIBS': [], 'ERT_SPEC_GBYTES_DRAM': ['1.0'], 'ERT_RUN': ['export', 'KMP_AFFINITY=scatter;', 'export', 'OMP_NUM_THREADS=ERT_OPENMP_THREADS;', 'ERT_CODE'], 'ERT_FLOPS': ['1,2,4,8,16'], 'ERT_OPENMP_CFLAGS': ['-fopenmp'], 'ERT_SPEC_GFLOPS': ['1.0'], 'ERT_MPI': ['False'], 'ERT_TRIALS_MIN': ['1'], 'ERT_DRIVER': ['driver1'], 'ERT_RESULTS': ['Results.x86'], 'ERT_OPENMP': ['True'], 'ERT_MPI_PROCS': ['1'], 'ERT_KERNEL': ['kernel1'], 'ERT_OPENMP_THREADS': ['1-32'], 'ERT_LD': ['gcc'], 'ERT_NUM_EXPERIMENTS': ['6'], 'ERT_OPENMP_LDFLAGS': ['-fopenmp'], 'ERT_ALIGN': ['32'], 'ERT_GNUPLOT': ['gnuplot']}
