          64            1           1.021          128            8
          64            2           0.768          256           16
          64            4           0.758          512           32
          64            8           0.756         1024           64
          64           16           0.783         2048          128
          64           32           0.815         4096          256
          64           64           0.931         8192          512
          64          128           1.187        16384         1024
          64          256           1.697        32768         2048
          64          512           2.688        65536         4096
          64         1024           4.694       131072         8192
          64         2048           8.707       262144        16384
          64         4096          16.731       524288        32768
          64         8192          32.772      1048576        65536
          64        16384          64.872      2097152       131072
          64        32768         129.063      4194304       262144
          64        65536         257.425      8388608       524288
          64       131072         514.167     16777216      1048576
          64       262144        1122.163     33554432      2097152
          64       524288        2250.307     67108864      4194304
         128            1           0.835          256           16
         128            2           0.824          512           32
         128            4           0.816         1024           64
         128            8           0.824         2048          128
         128           16           0.844         4096          256
         128           32           0.887         8192          512
         128           64           1.020        16384         1024
         128          128           1.297        32768         2048
         128          256           1.841        65536         4096
         128          512           2.940       131072         8192
         128         1024           5.144       262144        16384
         128         2048           9.536       524288        32768
         128         4096          18.319      1048576        65536
         128         8192          35.897      2097152       131072
         128        16384          71.048      4194304       262144
         128        32768         141.346      8388608       524288
         128        65536         281.940     16777216      1048576
         128       131072         567.206     33554432      2097152
         128       262144        1125.523     67108864      4194304
         192            1           0.933          384           24
         192            2           0.830          768           48
         192            4           0.823         1536           96
         192            8           0.832         3072          192
         192           16           0.857         6144          384
         192           32           0.902        12288          768
         192           64           1.049        24576         1536
         192          128           1.320        49152         3072
         192          256           1.872        98304         6144
         192          512           2.963       196608        12288
         192         1024           5.166       393216        24576
         192         2048           9.556       786432        49152
         192         4096          18.340      1572864        98304
         192         8192          35.914      3145728       196608
         192        16384          71.063      6291456       393216
         192        32768         141.366     12582912       786432
         192        65536         281.964     25165824      1572864
         192       131072         563.152     50331648      3145728
         192       262144        1125.536    100663296      6291456
         256            1           0.818          512           32
         256            2           0.822         1024           64
         256            4           0.822         2048          128
         256            8           0.847         4096          256
         256           16           0.870         8192          512
         256           32           0.940        16384         1024
         256           64           1.069        32768         2048
         256          128           1.427        65536         4096
         256          256           1.964       131072         8192
         256          512           3.024       262144        16384
         256         1024           5.265       524288        32768
         256         2048           9.552      1048576        65536
         256         4096          18.340      2097152       131072
         256         8192          35.944      4194304       262144
         256        16384          71.105      8388608       524288
         256        32768         146.543     16777216      1048576
         256        65536         281.955     33554432      2097152
         256       131072         563.221     67108864      4194304
         320            1           0.917          640           40
         320            2           0.826         1280           80
         320            4           0.861         2560          160
         320            8           0.843         5120          320
         320           16           0.874        10240          640
         320           32           0.971        20480         1280
         320           64           1.155        40960         2560
         320          128           1.415        81920         5120
         320          256           1.935       163840        10240
         320          512           2.881       327680        20480
         320         1024           4.819       655360        40960
         320         2048           8.875      1310720        81920
         320         4096          18.423      2621440       163840
         320         8192          32.001      5242880       327680
         320        16384          65.191     10485760       655360
         320        32768         128.257     20971520      1310720
         320        65536         256.800     41943040      2621440
         320       131072         563.243     83886080      5242880
         384            1           0.911          768           48
         384            2           0.824         1536           96
         384            4           0.831         3072          192
         384            8           0.829         6144          384
         384           16           0.885        12288          768
         384           32           0.984        24576         1536
         384           64           1.160        49152         3072
         384          128           1.422        98304         6144
         384          256           1.912       196608        12288
         384          512           3.021       393216        24576
         384         1024           5.219       786432        49152
         384         2048           9.648      1572864        98304
         384         4096          18.435      3145728       196608
         384         8192          35.971      6291456       393216
         384        16384          71.126     12582912       786432
         384        32768         141.423     25165824      1572864
         384        65536         282.136     50331648      3145728
         384       131072         563.201    100663296      6291456
         448            1           0.826          896           56
         448            2           0.844         1792          112
         448            4           0.838         3584          224
         448            8           0.847         7168          448
         448           16           0.900        14336          896
         448           32           1.007        28672         1792
         448           64           1.196        57344         3584
         448          128           1.472       114688         7168
         448          256           2.065       229376        14336
         448          512           3.340       458752        28672
         448         1024           5.717       917504        57344
         448         2048          10.672      1835008       114688
         448         4096          20.474      3670016       229376
         448         8192          39.978      7340032       458752
         448        16384          79.225     14680064       917504
         448        32768         157.222     29360128      1835008
         448        65536         313.237     58720256      3670016
         448       131072         637.033    117440512      7340032
         512            1           0.747         1024           64
         512            2           0.775         2048          128
         512            4           0.768         4096          256
         512            8           0.872         8192          512
         512           16           0.941        16384         1024
         512           32           1.064        32768         2048
         512           64           1.056        65536         4096
         512          128           1.519       131072         8192
         512          256           2.000       262144        16384
         512          512           3.103       524288        32768
         512         1024           5.255      1048576        65536
         512         2048           9.774      2097152       131072
         512         4096          18.789      4194304       262144
         512         8192          36.524      8388608       524288
         512        16384          72.208     16777216      1048576
         512        32768         143.595     33554432      2097152
         512        65536         286.243     67108864      4194304
         576            1           0.744         1152           72
         576            2           0.875         2304          144
         576            4           0.783         4608          288
         576            8           0.787         9216          576
         576           16           0.859        18432         1152
         576           32           0.938        36864         2304
         576           64           1.153        73728         4608
         576          128           1.517       147456         9216
         576          256           2.117       294912        18432
         576          512           3.343       589824        36864
         576         1024           5.970      1179648        73728
         576         2048          10.796      2359296       147456
         576         4096          20.581      4718592       294912
         576         8192          40.134      9437184       589824
         576        16384          79.336     18874368      1179648
         576        32768         157.814     37748736      2359296
         576        65536         314.803     75497472      4718592
         640            1           0.745         1280           80
         640            2           0.768         2560          160
         640            4           0.774         5120          320
         640            8           0.790        10240          640
         640           16           0.948        20480         1280
         640           32           0.936        40960         2560
         640           64           1.120        81920         5120
         640          128           1.515       163840        10240
         640          256           2.284       327680        20480
         640          512           3.983       655360        40960
         640         1024           7.000      1310720        81920
         640         2048          13.334      2621440       163840
         640         4096          25.794      5242880       327680
         640         8192          50.916     10485760       655360
         640        16384         100.711     20971520      1310720
         640        32768         200.541     41943040      2621440
         640        65536         400.221     83886080      5242880
         704            1           0.742         1408           88
         704            2           0.761         2816          176
         704            4           0.792         5632          352
         704            8           0.814        11264          704
         704           16           0.848        22528         1408
         704           32           0.968        45056         2816
         704           64           1.166        90112         5632
         704          128           1.635       180224        11264
         704          256           2.540       360448        22528
         704          512           4.327       720896        45056
         704         1024           7.899      1441792        90112
         704         2048          15.136      2883584       180224
         704         4096          29.399      5767168       360448
         704         8192          57.911     11534336       720896
         704        16384         114.977     23068672      1441792
         704        32768         229.063     46137344      2883584
         704        65536         457.315     92274688      5767168
         768            1           0.749         1536           96
         768            2           0.769         3072          192
         768            4           0.774         6144          384
         768            8           0.793        12288          768
         768           16           0.844        24576         1536
         768           32           0.962        49152         3072
         768           64           1.182        98304         6144
         768          128           1.625       196608        12288
         768          256           2.515       393216        24576
         768          512           4.315       786432        49152
         768         1024           7.909      1572864        98304
         768         2048          15.117      3145728       196608
         768         4096          29.411      6291456       393216
         768         8192          57.939     12582912       786432
         768        16384         115.019     25165824      1572864
         768        32768         235.925     50331648      3145728
         768        65536         457.263    100663296      6291456
         832            1           0.753         1664          104
         832            2           0.918         3328          208
         832            4           0.921         6656          416
         832            8           0.800        13312          832
         832           16           0.855        26624         1664
         832           32           0.978        53248         3328
         832           64           1.236       106496         6656
         832          128           1.907       212992        13312
         832          256           2.880       425984        26624
         832          512           4.781       851968        53248
         832         1024           8.801      1703936       106496
         832         2048          17.072      3407872       212992
         832         4096          32.985      6815744       425984
         832         8192          65.104     13631488       851968
         832        16384         129.456     27262976      1703936
         832        32768         257.805     54525952      3407872
         832        65536         514.366    109051904      6815744
         896            1           0.734         1792          112
         896            2           0.872         3584          224
         896            4           0.778         7168          448
         896            8           0.817        14336          896
         896           16           0.865        28672         1792
         896           32           1.036        57344         3584
         896           64           1.287       114688         7168
         896          128           1.760       229376        14336
         896          256           2.885       458752        28672
         896          512           4.745       917504        57344
         896         1024           8.761      1835008       114688
         896         2048          16.925      3670016       229376
         896         4096          32.977      7340032       458752
         896         8192          65.157     14680064       917504
         896        16384         129.244     29360128      1835008
         896        32768         257.615     58720256      3670016
         896        65536         514.292    117440512      7340032
         960            1           0.745         1920          120
         960            2           0.754         3840          240
         960            4           0.798         7680          480
         960            8           0.803        15360          960
         960           16           0.881        30720         1920
         960           32           1.021        61440         3840
         960           64           1.280       122880         7680
         960          128           1.874       245760        15360
         960          256           2.980       491520        30720
         960          512           5.221       983040        61440
         960         1024           9.780      1966080       122880
         960         2048          18.707      3932160       245760
         960         4096          36.545      7864320       491520
         960         8192          72.202     15728640       983040
         960        16384         143.520     31457280      1966080
         960        32768         286.155     62914560      3932160
        1024            1           0.735         2048          128
        1024            2           0.752         4096          256
        1024            4           0.773         8192          512
        1024            8           0.812        16384         1024
        1024           16           0.874        32768         2048
        1024           32           1.017        65536         4096
        1024           64           1.280       131072         8192
        1024          128           1.876       262144        16384
        1024          256           2.961       524288        32768
        1024          512           5.203      1048576        65536
        1024         1024           9.657      2097152       131072
        1024         2048          18.664      4194304       262144
        1024         4096          36.494      8388608       524288
        1024         8192          72.155     16777216      1048576
        1024        16384         143.512     33554432      2097152
        1024        32768         286.104     67108864      4194304
        1088            1           0.769         2176          136
        1088            2           0.760         4352          272
        1088            4           0.788         8704          544
        1088            8           0.828        17408         1088
        1088           16           0.881        34816         2176
        1088           32           1.041        69632         4352
        1088           64           1.343       139264         8704
        1088          128           1.951       278528        17408
        1088          256           3.180       557056        34816
        1088          512           5.665      1114112        69632
        1088         1024          10.617      2228224       139264
        1088         2048          20.458      4456448       278528
        1088         4096          45.677      8912896       557056
        1088         8192          79.309     17825792      1114112
        1088        16384         157.743     35651584      2228224
        1088        32768         314.641     71303168      4456448
        1152            1           0.745         2304          144
        1152            2           0.771         4608          288
        1152            4           0.792         9216          576
        1152            8           0.807        18432         1152
        1152           16           0.903        36864         2304
        1152           32           1.040        73728         4608
        1152           64           1.338       147456         9216
        1152          128           1.955       294912        18432
        1152          256           3.194       589824        36864
        1152          512           5.647      1179648        73728
        1152         1024          10.554      2359296       147456
        1152         2048          20.486      4718592       294912
        1152         4096          40.071      9437184       589824
        1152         8192          79.295     18874368      1179648
        1152        16384         157.740     37748736      2359296
        1152        32768         314.645     75497472      4718592
        1216            1           0.732         2432          152
        1216            2           0.750         4864          304
        1216            4           0.768         9728          608
        1216            8           0.817        19456         1216
        1216           16           0.888        38912         2432
        1216           32           1.055        77824         4864
        1216           64           1.402       155648         9728
        1216          128           2.066       311296        19456
        1216          256           3.425       622592        38912
        1216          512           6.068      1245184        77824
        1216         1024          11.456      2490368       155648
        1216         2048          22.250      4980736       311296
        1216         4096          43.624      9961472       622592
        1216         8192          86.431     19922944      1245184
        1216        16384         172.009     39845888      2490368
        1216        32768         343.182     79691776      4980736
        1280            1           0.745         2560          160
        1280            2           0.771         5120          320
        1280            4           0.790        10240          640
        1280            8           0.828        20480         1280
        1280           16           0.891        40960         2560
        1280           32           1.074        81920         5120
        1280           64           1.419       163840        10240
        1280          128           2.085       327680        20480
        1280          256           3.439       655360        40960
        1280          512           6.105      1310720        81920
        1280         1024          11.472      2621440       163840
        1280         2048          22.261      5242880       327680
        1280         4096          43.648     10485760       655360
        1280         8192          86.435     20971520      1310720
        1280        16384         172.163     41943040      2621440
        1280        32768         343.343     83886080      5242880
        1408            1           0.751         2816          176
        1408            2           0.896         5632          352
        1408            4           0.946        11264          704
        1408            8           0.875        22528         1408
        1408           16           1.020        45056         2816
        1408           32           1.192        90112         5632
        1408           64           1.475       180224        11264
        1408          128           2.311       360448        22528
        1408          256           3.783       720896        45056
        1408          512           6.636      1441792        90112
        1408         1024          12.484      2883584       180224
        1408         2048          24.095      5767168       360448
        1408         4096          47.368     11534336       720896
        1408         8192          93.572     23068672      1441792
        1408        16384         186.267     46137344      2883584
        1408        32768         371.864     92274688      5767168
        1536            1           0.735         3072          192
        1536            2           0.764         6144          384
        1536            4           0.785        12288          768
        1536            8           0.967        24576         1536
        1536           16           1.019        49152         3072
        1536           32           1.300        98304         6144
        1536           64           1.645       196608        12288
        1536          128           2.306       393216        24576
        1536          256           3.880       786432        49152
        1536          512           7.110      1572864        98304
        1536         1024          13.360      3145728       196608
        1536         2048          25.842      6291456       393216
        1536         4096          50.748     12582912       786432
        1536         8192         100.699     25165824      1572864
        1536        16384         200.523     50331648      3145728
        1536        32768         403.865    100663296      6291456
        1664            1           0.749         3328          208
        1664            2           0.910         6656          416
        1664            4           0.798        13312          832
        1664            8           0.832        26624         1664
        1664           16           0.934        53248         3328
        1664           32           1.231       106496         6656
        1664           64           1.557       212992        13312
        1664          128           2.390       425984        26624
        1664          256           4.077       851968        53248
        1664          512           7.429      1703936       106496
        1664         1024          14.272      3407872       212992
        1664         2048          27.576      6815744       425984
        1664         4096          54.326     13631488       851968
        1664         8192         107.912     27262976      1703936
        1664        16384         214.868     54525952      3407872
        1664        32768         428.733    109051904      6815744
        1792            1           0.741         3584          224
        1792            2           0.767         7168          448
        1792            4           0.812        14336          896
        1792            8           0.896        28672         1792
        1792           16           0.958        57344         3584
        1792           32           1.172       114688         7168
        1792           64           1.620       229376        14336
        1792          128           2.496       458752        28672
        1792          256           4.294       917504        57344
        1792          512           7.868      1835008       114688
        1792         1024          15.095      3670016       229376
        1792         2048          29.356      7340032       458752
        1792         4096          57.877     14680064       917504
        1792         8192         114.953     29360128      1835008
        1792        16384         229.136     58720256      3670016
        1792        32768         457.408    117440512      7340032
        1920            1           0.740         3840          240
        1920            2           0.882         7680          480
        1920            4           0.819        15360          960
        1920            8           0.851        30720         1920
        1920           16           0.972        61440         3840
        1920           32           1.200       122880         7680
        1920           64           1.669       245760        15360
        1920          128           2.636       491520        30720
        1920          256           4.637       983040        61440
        1920          512           8.331      1966080       122880
        1920         1024          16.047      3932160       245760
        1920         2048          31.242      7864320       491520
        1920         4096          61.466     15728640       983040
        1920         8192         122.061     31457280      1966080
        1920        16384         243.301     62914560      3932160
        2112            1           0.762         4224          264
        2112            2           0.796         8448          528
        2112            4           0.824        16896         1056
        2112            8           0.881        33792         2112
        2112           16           0.988        67584         4224
        2112           32           1.240       135168         8448
        2112           64           1.782       270336        16896
        2112          128           2.816       540672        33792
        2112          256           4.966      1081344        67584
        2112          512           9.294      2162688       135168
        2112         1024          17.765      4325376       270336
        2112         2048          34.706      8650752       540672
        2112         4096          68.588     17301504      1081344
        2112         8192         136.342     34603008      2162688
        2112        16384         271.851     69206016      4325376
        2304            1           0.762         4608          288
        2304            2           0.795         9216          576
        2304            4           0.818        18432         1152
        2304            8           0.886        36864         2304
        2304           16           1.002        73728         4608
        2304           32           1.283       147456         9216
        2304           64           1.842       294912        18432
        2304          128           2.956       589824        36864
        2304          256           5.187      1179648        73728
        2304          512           9.644      2359296       147456
        2304         1024          18.649      4718592       294912
        2304         2048          36.492      9437184       589824
        2304         4096          72.142     18874368      1179648
        2304         8192         143.460     37748736      2359296
        2304        16384         286.095     75497472      4718592
        2496            1           0.787         4992          312
        2496            2           0.774         9984          624
        2496            4           0.837        19968         1248
        2496            8           0.891        39936         2496
        2496           16           1.036        79872         4992
        2496           32           1.320       159744         9984
        2496           64           1.950       319488        19968
        2496          128           3.158       638976        39936
        2496          256           5.619      1277952        79872
        2496          512          10.638      2555904       159744
        2496         1024          20.440      5111808       319488
        2496         2048          40.065     10223616       638976
        2496         4096          84.529     20447232      1277952
        2496         8192         157.711     40894464      2555904
        2496        16384         314.638     81788928      5111808
        2688            1           0.756         5376          336
        2688            2           0.797        10752          672
        2688            4           0.842        21504         1344
        2688            8           0.891        43008         2688
        2688           16           1.052        86016         5376
        2688           32           1.350       172032        10752
        2688           64           2.004       344064        21504
        2688          128           3.284       688128        43008
        2688          256           5.857      1376256        86016
        2688          512          10.980      2752512       172032
        2688         1024          21.339      5505024       344064
        2688         2048          41.834     11010048       688128
        2688         4096          82.850     22020096      1376256
        2688         8192         164.851     44040192      2752512
        2688        16384         328.887     88080384      5505024
        2944            1           0.871         5888          368
        2944            2           0.792        11776          736
        2944            4           0.837        23552         1472
        2944            8           0.907        47104         2944
        2944           16           1.072        94208         5888
        2944           32           1.412       188416        11776
        2944           64           2.105       376832        23552
        2944          128           3.525       753664        47104
        2944          256           6.319      1507328        94208
        2944          512          11.884      3014656       188416
        2944         1024          23.129      6029312       376832
        2944         2048          45.408     12058624       753664
        2944         4096          89.970     24117248      1507328
        2944         8192         179.162     48234496      3014656
        2944        16384         357.453     96468992      6029312
        3200            1           0.761         6400          400
        3200            2           0.789        12800          800
        3200            4           0.841        25600         1600
        3200            8           0.913        51200         3200
        3200           16           1.087       102400         6400
        3200           32           1.474       204800        12800
        3200           64           2.227       409600        25600
        3200          128           3.722       819200        51200
        3200          256           6.745      1638400       102400
        3200          512          12.855      3276800       204800
        3200         1024          24.905      6553600       409600
        3200         2048          48.966     13107200       819200
        3200         4096          97.099     26214400      1638400
        3200         8192         193.382     52428800      3276800
        3200        16384         385.936    104857600      6553600
        3520            1           0.794         7040          440
        3520            2           0.813        14080          880
        3520            4           0.858        28160         1760
        3520            8           0.934        56320         3520
        3520           16           1.141       112640         7040
        3520           32           1.544       225280        14080
        3520           64           2.389       450560        28160
        3520          128           4.084       901120        56320
        3520          256           7.427      1802240       112640
        3520          512          14.097      3604480       225280
        3520         1024          27.579      7208960       450560
        3520         2048          54.317     14417920       901120
        3520         4096         107.810     28835840      1802240
        3520         8192         214.796     57671680      3604480
        3520        16384         428.737    115343360      7208960
        3840            1           0.766         7680          480
        3840            2           0.801        15360          960
        3840            4           0.846        30720         1920
        3840            8           0.954        61440         3840
        3840           16           1.161       122880         7680
        3840           32           1.624       245760        15360
        3840           64           2.493       491520        30720
        3840          128           4.292       983040        61440
        3840          256           7.858      1966080       122880
        3840          512          15.085      3932160       245760
        3840         1024          29.360      7864320       491520
        3840         2048          57.929     15728640       983040
        3840         4096         114.936     31457280      1966080
        3840         8192         234.073     62914560      3932160
        4224            1           0.785         8448          528
        4224            2           0.835        16896         1056
        4224            4           0.875        33792         2112
        4224            8           1.007        67584         4224
        4224           16           1.306       135168         8448
        4224           32           1.910       270336        16896
        4224           64           3.115       540672        33792
        4224          128           5.542      1081344        67584
        4224          256          10.382      2162688       135168
        4224          512          20.157      4325376       270336
        4224         1024          39.694      8650752       540672
        4224         2048          78.162     17301504      1081344
        4224         4096         155.562     34603008      2162688
        4224         8192         310.302     69206016      4325376
        4608            1           0.767         9216          576
        4608            2           0.811        18432         1152
        4608            4           0.868        36864         2304
        4608            8           1.004        73728         4608
        4608           16           1.262       147456         9216
        4608           32           1.777       294912        18432
        4608           64           2.844       589824        36864
        4608          128           4.966      1179648        73728
        4608          256           9.204      2359296       147456
        4608          512          17.768      4718592       294912
        4608         1024          34.712      9437184       589824
        4608         2048          68.620     18874368      1179648
        4608         4096         136.328     37748736      2359296
        4608         8192         271.844     75497472      4718592
        5056            1           0.782        10112          632
        5056            2           0.867        20224         1264
        5056            4           0.898        40448         2528
        5056            8           1.182        80896         5056
        5056           16           1.346       161792        10112
        5056           32           1.881       323584        20224
        5056           64           3.061       647168        40448
        5056          128           5.306      1294336        80896
        5056          256          10.764      2588672       161792
        5056          512          21.881      5177344       323584
        5056         1024          43.893     10354688       647168
        5056         2048          87.992     20709376      1294336
        5056         4096         176.300     41418752      2588672
        5056         8192         353.516     82837504      5177344
        5504            1           0.771        11008          688
        5504            2           0.828        22016         1376
        5504            4           0.937        44032         2752
        5504            8           1.101        88064         5504
        5504           16           1.436       176128        11008
        5504           32           2.160       352256        22016
        5504           64           3.674       704512        44032
        5504          128           6.602      1409024        88064
        5504          256          12.587      2818048       176128
        5504          512          24.402      5636096       352256
        5504         1024          48.026     11272192       704512
        5504         2048          95.172     22544384      1409024
        5504         4096         189.634     45088768      2818048
        5504         8192         378.335     90177536      5636096
        6016            1           0.783        12032          752
        6016            2           0.863        24064         1504
        6016            4           1.029        48128         3008
        6016            8           1.169        96256         6016
        6016           16           1.532       192512        12032
        6016           32           1.911       385024        24064
        6016           64           3.833       770048        48128
        6016          128           6.950      1540096        96256
        6016          256          12.457      3080192       192512
        6016          512          25.750      6160384       385024
        6016         1024          50.164     12320768       770048
        6016         2048          99.859     24641536      1540096
        6016         4096         200.276     49283072      3080192
        6016         8192         399.866     98566144      6160384
        6592            1           0.783        13184          824
        6592            2           0.854        26368         1648
        6592            4           0.991        52736         3296
        6592            8           1.162       105472         6592
        6592           16           1.488       210944        13184
        6592           32           2.351       421888        26368
        6592           64           3.997       843776        52736
        6592          128           7.261      1687552       105472
        6592          256          13.762      3375104       210944
        6592          512          26.932      6750208       421888
        6592         1024          53.057     13500416       843776
        6592         2048         105.299     27000832      1687552
        6592         4096         209.765     54001664      3375104
        6592         8192         418.805    108003328      6750208
        7232            1           0.780        14464          904
        7232            2           0.846        28928         1808
        7232            4           1.107        57856         3616
        7232            8           1.276       115712         7232
        7232           16           1.602       231424        14464
        7232           32           2.459       462848        28928
        7232           64           4.190       925696        57856
        7232          128           7.713      1851392       115712
        7232          256          14.811      3702784       231424
        7232          512          28.723      7405568       462848
        7232         1024          56.623     14811136       925696
        7232         2048         112.446     29622272      1851392
        7232         4096         224.041     59244544      3702784
        7232         8192         447.249    118489088      7405568
        7936            1           0.802        15872          992
        7936            2           0.894        31744         1984
        7936            4           0.995        63488         3968
        7936            8           1.206       126976         7936
        7936           16           1.665       253952        15872
        7936           32           2.585       507904        31744
        7936           64           4.567      1015808        63488
        7936          128           8.200      2031616       126976
        7936          256          15.860      4063232       253952
        7936          512          30.830      8126464       507904
        7936         1024          60.723     16252928      1015808
        7936         2048         120.305     32505856      2031616
        7936         4096         239.972     65011712      4063232
        8704            1           0.904        17408         1088
        8704            2           0.875        34816         2176
        8704            4           0.995        69632         4352
        8704            8           1.208       139264         8704
        8704           16           1.828       278528        17408
        8704           32           2.703       557056        34816
        8704           64           4.711      1114112        69632
        8704          128           8.856      2228224       139264
        8704          256          16.701      4456448       278528
        8704          512          32.791      8912896       557056
        8704         1024          64.745     17825792      1114112
        8704         2048         128.625     35651584      2228224
        8704         4096         256.415     71303168      4456448
        9536            1           0.799        19072         1192
        9536            2           0.886        38144         2384
        9536            4           1.017        76288         4768
        9536            8           1.275       152576         9536
        9536           16           1.773       305152        19072
        9536           32           2.897       610304        38144
        9536           64           5.136      1220608        76288
        9536          128           9.246      2441216       152576
        9536          256          17.723      4882432       305152
        9536          512          34.900      9764864       610304
        9536         1024          68.811     19529728      1220608
        9536         2048         136.647     39059456      2441216
        9536         4096         272.465     78118912      4882432
       10432            1           0.801        20864         1304
       10432            2           0.958        41728         2608
       10432            4           1.010        83456         5216
       10432            8           1.303       166912        10432
       10432           16           1.843       333824        20864
       10432           32           2.979       667648        41728
       10432           64           5.248      1335296        83456
       10432          128           9.915      2670592       166912
       10432          256          18.884      5341184       333824
       10432          512          36.997     10682368       667648
       10432         1024          73.286     21364736      1335296
       10432         2048         145.646     42729472      2670592
       10432         4096         290.406     85458944      5341184
       11456            1           0.943        22912         1432
       11456            2           0.981        45824         2864
       11456            4           1.031        91648         5728
       11456            8           1.371       183296        11456
       11456           16           2.050       366592        22912
       11456           32           3.170       733184        45824
       11456           64           5.595      1466368        91648
       11456          128          10.651      2932736       183296
       11456          256          20.225      5865472       366592
       11456          512          39.906     11730944       733184
       11456         1024          78.915     23461888      1466368
       11456         2048         174.761     46923776      2932736
       11456         4096         332.825     93847552      5865472
       12544            1           0.805        25088         1568
       12544            2           0.907        50176         3136
       12544            4           1.253       100352         6272
       12544            8           1.397       200704        12544
       12544           16           2.024       401408        25088
       12544           32           3.351       802816        50176
       12544           64           6.067      1605632       100352
       12544          128          11.376      3211264       200704
       12544          256          21.686      6422528       401408
       12544          512          42.735     12845056       802816
       12544         1024          91.573     25690112      1605632
       12544         2048         168.468     51380224      3211264
       12544         4096         336.035    102760448      6422528
       13760            1           0.831        27520         1720
       13760            2           0.924        55040         3440
       13760            4           1.102       110080         6880
       13760            8           1.435       220160        13760
       13760           16           2.120       440320        27520
       13760           32           3.510       880640        55040
       13760           64           6.403      1761280       110080
       13760          128          11.941      3522560       220160
       13760          256          23.165      7045120       440320
       13760          512          45.690     14090240       880640
       13760         1024          90.607     28180480      1761280
       13760         2048         180.351     56360960      3522560
       13760         4096         359.429    112721920      7045120
       15104            1           0.822        30208         1888
       15104            2           0.965        60416         3776
       15104            4           1.126       120832         7552
       15104            8           1.569       241664        15104
       15104           16           2.240       483328        30208
       15104           32           3.865       966656        60416
       15104           64           6.815      1933312       120832
       15104          128          12.869      3866624       241664
       15104          256          25.125      7733248       483328
       15104          512          49.420     15466496       966656
       15104         1024          98.002     30932992      1933312
       15104         2048         195.288     61865984      3866624
       15104         4096         389.516    123731968      7733248
       16576            1           0.824        33152         2072
       16576            2           0.932        66304         4144
       16576            4           1.173       132608         8288
       16576            8           1.530       265216        16576
       16576           16           2.446       530432        33152
       16576           32           4.012      1060864        66304
       16576           64           7.256      2121728       132608
       16576          128          13.823      4243456       265216
       16576          256          26.987      8486912       530432
       16576          512          53.319     16973824      1060864
       16576         1024         105.647     33947648      2121728
       16576         2048         210.508     67895296      4243456
       18176            1           0.895        36352         2272
       18176            2           0.964        72704         4544
       18176            4           1.191       145408         9088
       18176            8           1.627       290816        18176
       18176           16           2.493       581632        36352
       18176           32           4.277      1163264        72704
       18176           64           7.795      2326528       145408
       18176          128          14.885      4653056       290816
       18176          256          29.131      9306112       581632
       18176          512          57.441     18612224      1163264
       18176         1024         114.051     37224448      2326528
       18176         2048         227.279     74448896      4653056
       19968            1           0.870        39936         2496
       19968            2           0.983        79872         4992
       19968            4           1.211       159744         9984
       19968            8           1.684       319488        19968
       19968           16           2.664       638976        39936
       19968           32           4.574      1277952        79872
       19968           64           8.389      2555904       159744
       19968          128          16.059      5111808       319488
       19968          256          31.378     10223616       638976
       19968          512          62.252     20447232      1277952
       19968         1024         123.512     40894464      2555904
       19968         2048         251.235     81788928      5111808
       21952            1           1.121        43904         2744
       21952            2           0.995        87808         5488
       21952            4           1.289       175616        10976
       21952            8           1.818       351232        21952
       21952           16           2.961       702464        43904
       21952           32           4.890      1404928        87808
       21952           64           9.157      2809856       175616
       21952          128          17.366      5619712       351232
       21952          256          33.917     11239424       702464
       21952          512          67.217     22478848      1404928
       21952         1024         133.620     44957696      2809856
       21952         2048         266.410     89915392      5619712
       24128            1           0.897        48256         3016
       24128            2           1.025        96512         6032
       24128            4           1.302       193024        12064
       24128            8           2.066       386048        24128
       24128           16           2.989       772096        48256
       24128           32           5.242      1544192        96512
       24128           64           9.848      3088384       193024
       24128          128          18.741      6176768       386048
       24128          256          36.853     12353536       772096
       24128          512          72.934     24707072      1544192
       24128         1024         144.872     49414144      3088384
       24128         2048         288.929     98828288      6176768
       26496            1           0.884        52992         3312
       26496            2           1.090       105984         6624
       26496            4           1.375       211968        13248
       26496            8           1.952       423936        26496
       26496           16           3.164       847872        52992
       26496           32           5.622      1695744       105984
       26496           64          10.553      3391488       211968
       26496          128          20.316      6782976       423936
       26496          256          39.903     13565952       847872
       26496          512          79.164     27131904      1695744
       26496         1024         157.531     54263808      3391488
       26496         2048         314.135    108527616      6782976
       29120            1           0.911        58240         3640
       29120            2           1.080       116480         7280
       29120            4           1.406       232960        14560
       29120            8           2.056       465920        29120
       29120           16           3.398       931840        58240
       29120           32           6.054      1863680       116480
       29120           64          11.407      3727360       232960
       29120          128          22.004      7454720       465920
       29120          256          43.321     14909440       931840
       29120          512          85.819     29818880      1863680
       29120         1024         170.808     59637760      3727360
       29120         2048         340.779    119275520      7454720
       32000            1           0.934        64000         4000
       32000            2           1.098       128000         8000
       32000            4           1.476       256000        16000
       32000            8           2.187       512000        32000
       32000           16           3.746      1024000        64000
       32000           32           6.569      2048000       128000
       32000           64          12.349      4096000       256000
       32000          128          23.952      8192000       512000
       32000          256          47.097     16384000      1024000
       32000          512          93.555     32768000      2048000
       32000         1024         186.264     65536000      4096000
       35200            1           0.944        70400         4400
       35200            2           1.129       140800         8800
       35200            4           1.510       281600        17600
       35200            8           2.312       563200        35200
       35200           16           3.904      1126400        70400
       35200           32           7.051      2252800       140800
       35200           64          13.370      4505600       281600
       35200          128          25.990      9011200       563200
       35200          256          51.330     18022400      1126400
       35200          512         101.830     36044800      2252800
       35200         1024         202.827     72089600      4505600
       38720            1           1.302        77440         4840
       38720            2           1.173       154880         9680
       38720            4           1.640       309760        19360
       38720            8           2.472       619520        38720
       38720           16           4.167      1239040        77440
       38720           32           7.631      2478080       154880
       38720           64          14.509      4956160       309760
       38720          128          28.368      9912320       619520
       38720          256          55.944     19824640      1239040
       38720          512         110.954     39649280      2478080
       38720         1024         225.568     79298560      4956160
       42560            1           1.005        85120         5320
       42560            2           1.209       170240        10640
       42560            4           1.672       340480        21280
       42560            8           2.609       680960        42560
       42560           16           4.477      1361920        85120
       42560           32           8.248      2723840       170240
       42560           64          15.764      5447680       340480
       42560          128          30.806     10895360       680960
       42560          256          60.956     21790720      1361920
       42560          512         121.089     43581440      2723840
       42560         1024         241.362     87162880      5447680
       46784            1           1.004        93568         5848
       46784            2           1.259       187136        11696
       46784            4           1.780       374272        23392
       46784            8           2.786       748544        46784
       46784           16           4.834      1497088        93568
       46784           32           8.924      2994176       187136
       46784           64          17.132      5988352       374272
       46784          128          33.528     11976704       748544
       46784          256          66.384     23953408      1497088
       46784          512         131.914     47906816      2994176
       46784         1024         263.003     95813632      5988352
       51456            1           1.021       102912         6432
       51456            2           1.317       205824        12864
       51456            4           1.864       411648        25728
       51456            8           2.985       823296        51456
       51456           16           5.228      1646592       102912
       51456           32           9.712      3293184       205824
       51456           64          18.709      6586368       411648
       51456          128          36.626     13172736       823296
       51456          256          72.604     26345472      1646592
       51456          512         144.371     52690944      3293184
       51456         1024         287.900    105381888      6586368
       56576            1           1.054       113152         7072
       56576            2           1.357       226304        14144
       56576            4           1.961       452608        28288
       56576            8           4.749       905216        56576
       56576           16           5.644      1810432       113152
       56576           32          10.544      3620864       226304
       56576           64          20.357      7241728       452608
       56576          128          39.984     14483456       905216
       56576          256          79.309     28966912      1810432
       56576          512         157.768     57933824      3620864
       56576         1024         314.642    115867648      7241728
       62208            1           1.097       124416         7776
       62208            2           1.508       248832        15552
       62208            4           2.274       497664        31104
       62208            8           3.420       995328        62208
       62208           16           6.179      1990656       124416
       62208           32          11.547      3981312       248832
       62208           64          22.217      7962624       497664
       62208          128          43.689     15925248       995328
       62208          256          86.689     31850496      1990656
       62208          512         172.546     63700992      3981312
       68416            1           1.161       136832         8552
       68416            2           1.484       273664        17104
       68416            4           2.224       547328        34208
       68416            8           3.682      1094656        68416
       68416           16           6.608      2189312       136832
       68416           32          12.481      4378624       273664
       68416           64          24.205      8757248       547328
       68416          128          47.678     17514496      1094656
       68416          256          94.575     35028992      2189312
       68416          512         188.545     70057984      4378624
       75200            1           1.160       150400         9400
       75200            2           1.558       300800        18800
       75200            4           2.370       601600        37600
       75200            8           3.973      1203200        75200
       75200           16           7.168      2406400       150400
       75200           32          13.600      4812800       300800
       75200           64          26.434      9625600       601600
       75200          128          52.080     19251200      1203200
       75200          256         103.434     38502400      2406400
       75200          512         206.141     77004800      4812800
       82688            1           1.190       165376        10336
       82688            2           1.625       330752        20672
       82688            4           2.532       661504        41344
       82688            8           4.274      1323008        82688
       82688           16           7.789      2646016       165376
       82688           32          14.842      5292032       330752
       82688           64          28.912     10584064       661504
       82688          128          57.044     21168128      1323008
       82688          256         113.341     42336256      2646016
       82688          512         231.246     84672512      5292032
       90944            1           1.217       181888        11368
       90944            2           1.721       363776        22736
       90944            4           2.681       727552        45472
       90944            8           4.601      1455104        90944
       90944           16           8.496      2910208       181888
       90944           32          16.159      5820416       363776
       90944           64          31.669     11640832       727552
       90944          128          62.398     23281664      1455104
       90944          256         124.211     46563328      2910208
       90944          512         247.408     93126656      5820416
      100032            1           1.307       200064        12504
      100032            2           1.822       400128        25008
      100032            4           2.882       800256        50016
      100032            8           4.992      1600512       100032
      100032           16           9.229      3201024       200064
      100032           32          17.633      6402048       400128
      100032           64          34.551     12804096       800256
      100032          128          68.292     25608192      1600512
      100032          256         135.870     51216384      3201024
      100032          512         270.986    102432768      6402048
      110016            1           1.496       220032        13752
      110016            2           2.082       440064        27504
      110016            4           3.082       880128        55008
      110016            8           5.386      1760256       110016
      110016           16          10.016      3520512       220032
      110016           32          19.327      7041024       440064
      110016           64          37.795     14082048       880128
      110016          128          74.839     28164096      1760256
      110016          256         148.909     56328192      3520512
      110016          512         297.162    112656384      7041024
      120960            1           1.471       241920        15120
      120960            2           2.150       483840        30240
      120960            4           3.340       967680        60480
      120960            8           5.837      1935360       120960
      120960           16          11.027      3870720       241920
      120960           32          21.089      7741440       483840
      120960           64          41.399     15482880       967680
      120960          128          82.102     30965760      1935360
      120960          256         163.271     61931520      3870720
      120960          512         325.923    123863040      7741440
      133056            1           1.270       266112        16632
      133056            2           2.173       532224        33264
      133056            4           3.584      1064448        66528
      133056            8           6.361      2128896       133056
      133056           16          11.910      4257792       266112
      133056           32          23.038      8515584       532224
      133056           64          45.329     17031168      1064448
      133056          128          89.885     34062336      2128896
      133056          256         179.012     68124672      4257792
      146304            1           1.806       292608        18288
      146304            2           2.296       585216        36576
      146304            4           3.855      1170432        73152
      146304            8           6.929      2340864       146304
      146304           16          13.019      4681728       292608
      146304           32          25.232      9363456       585216
      146304           64          49.830     18726912      1170432
      146304          128          98.660     37453824      2340864
      146304          256         196.421     74907648      4681728
      160896            1           1.988       321792        20112
      160896            2           2.469       643584        40224
      160896            4           4.152      1287168        80448
      160896            8           7.477      2574336       160896
      160896           16          14.198      5148672       321792
      160896           32          27.625     10297344       643584
      160896           64          54.496     20594688      1287168
      160896          128         108.197     41189376      2574336
      160896          256         215.712     82378752      5148672
      176960            1           2.146       353920        22120
      176960            2           2.790       707840        44240
      176960            4           4.494      1415680        88480
      176960            8           8.160      2831360       176960
      176960           16          15.505      5662720       353920
      176960           32          30.255     11325440       707840
      176960           64          59.680     22650880      1415680
      176960          128         118.733     45301760      2831360
      176960          256         239.799     90603520      5662720
      194624            1           1.783       389248        24328
      194624            2           2.833       778496        48656
      194624            4           4.870      1556992        97312
      194624            8           9.036      3113984       194624
      194624           16          16.969      6227968       389248
      194624           32          33.128     12455936       778496
      194624           64          65.506     24911872      1556992
      194624          128         130.137     49823744      3113984
      194624          256         259.457     99647488      6227968
      214080            1           2.674       428160        26760
      214080            2           3.064       856320        53520
      214080            4           5.284      1712640       107040
      214080            8           9.711      3425280       214080
      214080           16          18.589      6850560       428160
      214080           32          36.352     13701120       856320
      214080           64          71.901     27402240      1712640
      214080          128         143.036     54804480      3425280
      214080          256         284.983    109608960      6850560
      235456            1           2.716       470912        29432
      235456            2           3.297       941824        58864
      235456            4           5.752      1883648       117728
      235456            8          10.621      3767296       235456
      235456           16          20.340      7534592       470912
      235456           32          39.865     15069184       941824
      235456           64          79.060     30138368      1883648
      235456          128         156.926     60276736      3767296
      235456          256         312.815    120553472      7534592
      258944            1           2.618       517888        32368
      258944            2           3.610      1035776        64736
      258944            4           6.296      2071552       129472
      258944            8          11.619      4143104       258944
      258944           16          22.319      8286208       517888
      258944           32          43.752     16572416      1035776
      258944           64          86.619     33144832      2071552
      258944          128         172.314     66289664      4143104
      284800            1           3.264       569600        35600
      284800            2           4.044      1139200        71200
      284800            4           7.240      2278400       142400
      284800            8          13.646      4556800       284800
      284800           16          26.033      9113600       569600
      284800           32          51.996     18227200      1139200
      284800           64         104.274     36454400      2278400
      284800          128         208.699     72908800      4556800
      313280            1           3.063       626560        39160
      313280            2           4.401      1253120        78320
      313280            4           8.089      2506240       156640
      313280            8          15.288      5012480       313280
      313280           16          29.401     10024960       626560
      313280           32          58.828     20049920      1253120
      313280           64         116.767     40099840      2506240
      313280          128         232.704     80199680      5012480
      344576            1           3.951       689152        43072
      344576            2           5.009      1378304        86144
      344576            4           8.899      2756608       172288
      344576            8          16.801      5513216       344576
      344576           16          32.681     11026432       689152
      344576           32          64.522     22052864      1378304
      344576           64         128.381     44105728      2756608
      344576          128         255.639     88211456      5513216
      379008            1           4.329       758016        47376
      379008            2           5.285      1516032        94752
      379008            4           9.794      3032064       189504
      379008            8          18.300      6064128       379008
      379008           16          35.809     12128256       758016
      379008           32          70.789     24256512      1516032
      379008           64         146.879     48513024      3032064
      379008          128         280.364     97026048      6064128
      416896            1           4.313       833792        52112
      416896            2           5.765      1667584       104224
      416896            4          10.379      3335168       208448
      416896            8          19.915      6670336       416896
      416896           16          39.066     13340672       833792
      416896           32          77.104     26681344      1667584
      416896           64         154.112     53362688      3335168
      416896          128         308.446    106725376      6670336
      458560            1           5.027       917120        57320
      458560            2           6.043      1834240       114640
      458560            4          11.355      3668480       229280
      458560            8          21.860      7336960       458560
      458560           16          42.938     14673920       917120
      458560           32          84.642     29347840      1834240
      458560           64         169.646     58695680      3668480
      458560          128         339.514    117391360      7336960
      504384            1           6.087      1008768        63048
      504384            2           6.626      2017536       126096
      504384            4          12.376      4035072       252192
      504384            8          23.932      8070144       504384
      504384           16          47.268     16140288      1008768
      504384           32          93.172     32280576      2017536
      504384           64         186.654     64561152      4035072
      554816            1           5.874      1109632        69352
      554816            2           7.166      2219264       138704
      554816            4          13.568      4438528       277408
      554816            8          26.302      8877056       554816
      554816           16          51.753     17754112      1109632
      554816           32         102.626     35508224      2219264
      554816           64         205.134     71016448      4438528
      610240            1           7.591      1220480        76280
      610240            2           7.846      2440960       152560
      610240            4          14.959      4881920       305120
      610240            8          28.807      9763840       610240
      610240           16          56.995     19527680      1220480
      610240           32         113.015     39055360      2440960
      610240           64         225.279     78110720      4881920
      671232            1           7.975      1342464        83904
      671232            2           8.549      2684928       167808
      671232            4          16.260      5369856       335616
      671232            8          31.898     10739712       671232
      671232           16          64.123     21479424      1342464
      671232           32         127.915     42958848      2684928
      671232           64         256.207     85917696      5369856
      738304            1           8.302      1476608        92288
      738304            2           9.352      2953216       184576
      738304            4          17.895      5906432       369152
      738304            8          34.736     11812864       738304
      738304           16          69.449     23625728      1476608
      738304           32         139.087     47251456      2953216
      738304           64         282.190     94502912      5906432
      812096            1           9.066      1624192       101512
      812096            2          10.274      3248384       203024
      812096            4          19.567      6496768       406048
      812096            8          37.912     12993536       812096
      812096           16          76.031     25987072      1624192
      812096           32         152.022     51974144      3248384
      812096           64         304.316    103948288      6496768
      893248            1          10.341      1786496       111656
      893248            2          11.115      3572992       223312
      893248            4          21.705      7145984       446624
      893248            8          43.753     14291968       893248
      893248           16          87.506     28583936      1786496
      893248           32         175.241     57167872      3572992
      893248           64         351.169    114335744      7145984
      982528            1          10.929      1965056       122816
      982528            2          12.247      3930112       245632
      982528            4          23.756      7860224       491264
      982528            8          47.926     15720448       982528
      982528           16          96.130     31440896      1965056
      982528           32         192.160     62881792      3930112
     1080768            1          12.333      2161536       135096
     1080768            2          13.151      4323072       270192
     1080768            4          26.935      8646144       540384
     1080768            8          54.785     17292288      1080768
     1080768           16         109.202     34584576      2161536
     1080768           32         217.964     69169152      4323072
     1188800            1          13.688      2377600       148600
     1188800            2          14.783      4755200       297200
     1188800            4          29.451      9510400       594400
     1188800            8          59.090     19020800      1188800
     1188800           16         118.578     38041600      2377600
     1188800           32         237.598     76083200      4755200
     1307648            1          15.510      2615296       163456
     1307648            2          16.285      5230592       326912
     1307648            4          32.842     10461184       653824
     1307648            8          66.032     20922368      1307648
     1307648           16         131.481     41844736      2615296
     1307648           32         263.269     83689472      5230592
     1438400            1          16.982      2876800       179800
     1438400            2          18.027      5753600       359600
     1438400            4          36.575     11507200       719200
     1438400            8          73.374     23014400      1438400
     1438400           16         147.539     46028800      2876800
     1438400           32         294.872     92057600      5753600
     1582208            1          18.366      3164416       197776
     1582208            2          19.896      6328832       395552
     1582208            4          40.002     12657664       791104
     1582208            8          80.531     25315328      1582208
     1582208           16         167.495     50630656      3164416
     1582208           32         322.552    101261312      6328832
     1740416            1          20.638      3480832       217552
     1740416            2          22.672      6961664       435104
     1740416            4          45.848     13923328       870208
     1740416            8          91.363     27846656      1740416
     1740416           16         183.567     55693312      3480832
     1740416           32         367.038    111386624      6961664
     1914432            1          22.843      3828864       239304
     1914432            2          25.227      7657728       478608
     1914432            4          50.107     15315456       957216
     1914432            8          99.870     30630912      1914432
     1914432           16         200.290     61261824      3828864
     1914432           32         400.492    122523648      7657728
     2105856            1          25.304      4211712       263232
     2105856            2          30.687      8423424       526464
     2105856            4          60.025     16846848      1052928
     2105856            8         119.695     33693696      2105856
     2105856           16         236.926     67387392      4211712
     2316416            1          29.331      4632832       289552
     2316416            2          34.116      9265664       579104
     2316416            4          67.118     18531328      1158208
     2316416            8         132.811     37062656      2316416
     2316416           16         264.004     74125312      4632832
     2548032            1          33.603      5096064       318504
     2548032            2          38.807     10192128       637008
     2548032            4          76.656     20384256      1274016
     2548032            8         153.772     40768512      2548032
     2548032           16         308.029     81537024      5096064
     2802816            1          37.149      5605632       350352
     2802816            2          44.326     11211264       700704
     2802816            4          88.620     22422528      1401408
     2802816            8         183.047     44845056      2802816
     2802816           16         356.787     89690112      5605632
     3083072            1          41.856      6166144       385384
     3083072            2          49.731     12332288       770768
     3083072            4          99.233     24664576      1541536
     3083072            8         199.249     49329152      3083072
     3083072           16         398.560     98658304      6166144
     3391360            1          46.350      6782720       423920
     3391360            2          55.417     13565440       847840
     3391360            4         109.590     27130880      1695680
     3391360            8         219.209     54261760      3391360
     3391360           16         438.444    108523520      6782720
     3730496            1          50.818      7460992       466312
     3730496            2          61.116     14921984       932624
     3730496            4         121.655     29843968      1865248
     3730496            8         242.245     59687936      3730496
     3730496           16         483.687    119375872      7460992
     4103488            1          57.067      8206976       512936
     4103488            2          67.397     16413952      1025872
     4103488            4         133.816     32827904      2051744
     4103488            8         266.115     65655808      4103488
     4513792            1          62.384      9027584       564224
     4513792            2          74.016     18055168      1128448
     4513792            4         146.429     36110336      2256896
     4513792            8         297.114     72220672      4513792
     4965120            1          69.145      9930240       620640
     4965120            2          81.471     19860480      1241280
     4965120            4         162.071     39720960      2482560
     4965120            8         323.585     79441920      4965120
     5461632            1          76.462     10923264       682704
     5461632            2          89.496     21846528      1365408
     5461632            4         178.505     43693056      2730816
     5461632            8         355.093     87386112      5461632
     6007744            1          83.092     12015488       750968
     6007744            2          98.585     24030976      1501936
     6007744            4         196.077     48061952      3003872
     6007744            8         390.482     96123904      6007744
     6608512            1          92.846     13217024       826064
     6608512            2         108.172     26434048      1652128
     6608512            4         215.491     52868096      3304256
     6608512            8         430.207    105736192      6608512
     7269312            1         100.870     14538624       908664
     7269312            2         118.902     29077248      1817328
     7269312            4         237.177     58154496      3634656
     7269312            8         478.597    116308992      7269312
     7996224            1         112.164     15992448       999528
     7996224            2         130.486     31984896      1999056
     7996224            4         259.725     63969792      3998112
     8795840            1         124.509     17591680      1099480
     8795840            2         143.905     35183360      2198960
     8795840            4         286.849     70366720      4397920
     9675392            1         133.944     19350784      1209424
     9675392            2         158.043     38701568      2418848
     9675392            4         314.162     77403136      4837696
    10642880            1         148.386     21285760      1330360
    10642880            2         173.794     42571520      2660720
    10642880            4         346.436     85143040      5321440
    11707136            1         164.937     23414272      1463392
    11707136            2         191.375     46828544      2926784
    11707136            4         381.028     93657088      5853568
    12877824            1         180.855     25755648      1609728
    12877824            2         209.717     51511296      3219456
    12877824            4         423.633    103022592      6438912
    14165568            1         200.138     28331136      1770696
    14165568            2         234.816     56662272      3541392
    14165568            4         465.953    113324544      7082784
    15582080            1         218.555     31164160      1947760
    15582080            2         269.545     62328320      3895520
    15582080            4         539.695    124656640      7791040
    17140288            1         248.830     34280576      2142536
    17140288            2         344.594     68561152      4285072
    18854272            1         295.907     37708544      2356784
    18854272            2         568.390     75417088      4713568
    20739648            1         436.829     41479296      2592456
    20739648            2        1007.713     82958592      5184912
    22813568            1         655.263     45627136      2851696
    22813568            2        1615.905     91254272      5703392
    25094912            1        1016.049     50189824      3136864
    25094912            2        2523.238    100379648      6273728
    27604352            1        1466.114     55208704      3450544
    27604352            2        3474.015    110417408      6901088
    30364736            1        1976.968     60729472      3795592
    30364736            2        4322.970    121458944      7591184
    33401152            1        2387.031     66802304      4175144
    36741248            1        2782.896     73482496      4592656
    40415360            1        3126.849     80830720      5051920
    44456896            1        3502.679     88913792      5557112
    48902528            1        3889.567     97805056      6112816
    53792768            1        4276.539    107585536      6724096
    59172032            1        4696.658    118344064      7396504

META_DATA
MPI_PROCS      1
OPENMP_THREADS 8
FLOPS          1
ERT_VERSION  1.0.0
TIMESTAMP_DATA  1594852872.06
HOSTNAME  ('apollo-PowerEdge-R430', [], ['127.0.1.1'])
UNAME  ('Linux', 'apollo-PowerEdge-R430', '4.19.129-0419129-generic', '#202006220433 SMP Mon Jun 22 09:12:54 UTC 2020', 'x86_64', 'x86_64')
CONFIG  {'ERT_WORKING_SET_MIN': ['1'], 'ERT_CFLAGS': ['-O3'], 'ERT_CC': ['gcc'], 'ERT_MPI_CFLAGS': [], 'ERT_MPI_LDFLAGS': [], 'ERT_MEMORY_MAX': ['62497788'], 'ERT_PROCS_THREADS': ['8'], 'ERT_LDFLAGS': [], 'ERT_LDLIBS': [], 'ERT_SPEC_GBYTES_DRAM': ['1.0'], 'ERT_RUN': ['export', 'KMP_AFFINITY=scatter;', 'export', 'OMP_NUM_THREADS=ERT_OPENMP_THREADS;', 'ERT_CODE'], 'ERT_FLOPS': ['1,2,4,8,16'], 'ERT_OPENMP_CFLAGS': ['-fopenmp'], 'ERT_SPEC_GFLOPS': ['1.0'], 'ERT_MPI': ['False'], 'ERT_TRIALS_MIN': ['1'], 'ERT_DRIVER': ['driver1'], 'ERT_RESULTS': ['Results.x86'], 'ERT_OPENMP': ['True'], 'ERT_MPI_PROCS': ['1'], 'ERT_KERNEL': ['kernel1'], 'ERT_OPENMP_THREADS': ['1-32'], 'ERT_LD': ['gcc'], 'ERT_NUM_EXPERIMENTS': ['6'], 'ERT_OPENMP_LDFLAGS': ['-fopenmp'], 'ERT_ALIGN': ['32'], 'ERT_GNUPLOT': ['gnuplot']}
