          64            1           1.764          128            8
          64            2           0.783          256           16
          64            4           0.765          512           32
          64            8           0.837         1024           64
          64           16           0.878         2048          128
          64           32           0.947         4096          256
          64           64           1.062         8192          512
          64          128           1.183        16384         1024
          64          256           1.699        32768         2048
          64          512           2.686        65536         4096
          64         1024           4.736       131072         8192
          64         2048           8.705       262144        16384
          64         4096          16.882       524288        32768
          64         8192          32.791      1048576        65536
          64        16384          65.051      2097152       131072
          64        32768         129.156      4194304       262144
          64        65536         257.439      8388608       524288
          64       131072         514.181     16777216      1048576
          64       262144        1038.783     33554432      2097152
          64       524288        2233.840     67108864      4194304
         128            1           0.787          256           16
         128            2           0.874          512           32
         128            4           0.755         1024           64
         128            8           0.773         2048          128
         128           16           0.780         4096          256
         128           32           0.816         8192          512
         128           64           0.937        16384         1024
         128          128           1.194        32768         2048
         128          256           1.699        65536         4096
         128          512           2.701       131072         8192
         128         1024           4.932       262144        16384
         128         2048           8.527       524288        32768
         128         4096          17.258      1048576        65536
         128         8192          34.810      2097152       131072
         128        16384          70.002      4194304       262144
         128        32768         140.395      8388608       524288
         128        65536         280.905     16777216      1048576
         128       131072         562.246     33554432      2097152
         128       262144        1130.976     67108864      4194304
         192            1           0.775          384           24
         192            2           0.766          768           48
         192            4           0.777         1536           96
         192            8           0.768         3072          192
         192           16           0.808         6144          384
         192           32           0.841        12288          768
         192           64           1.032        24576         1536
         192          128           1.246        49152         3072
         192          256           1.715        98304         6144
         192          512           2.719       196608        12288
         192         1024           4.732       393216        24576
         192         2048           8.573       786432        49152
         192         4096          17.352      1572864        98304
         192         8192          34.838      3145728       196608
         192        16384          70.018      6291456       393216
         192        32768         140.361     12582912       786432
         192        65536         280.902     25165824      1572864
         192       131072         562.070     50331648      3145728
         192       262144        1124.471    100663296      6291456
         256            1           0.758          512           32
         256            2           0.771         1024           64
         256            4           0.761         2048          128
         256            8           0.768         4096          256
         256           16           0.805         8192          512
         256           32           0.935        16384         1024
         256           64           1.169        32768         2048
         256          128           1.249        65536         4096
         256          256           1.760       131072         8192
         256          512           2.716       262144        16384
         256         1024           4.818       524288        32768
         256         2048           8.614      1048576        65536
         256         4096          17.413      2097152       131072
         256         8192          34.873      4194304       262144
         256        16384          70.015      8388608       524288
         256        32768         140.321     16777216      1048576
         256        65536         280.863     33554432      2097152
         256       131072         565.360     67108864      4194304
         320            1           0.868          640           40
         320            2           0.763         1280           80
         320            4           0.769         2560          160
         320            8           0.767         5120          320
         320           16           0.811        10240          640
         320           32           0.891        20480         1280
         320           64           1.067        40960         2560
         320          128           1.297        81920         5120
         320          256           1.802       163840        10240
         320          512           2.647       327680        20480
         320         1024           4.821       655360        40960
         320         2048           8.547      1310720        81920
         320         4096          17.327      2621440       163840
         320         8192          34.884      5242880       327680
         320        16384          69.932     10485760       655360
         320        32768         140.317     20971520      1310720
         320        65536         280.880     41943040      2621440
         320       131072         562.096     83886080      5242880
         384            1           0.756          768           48
         384            2           0.775         1536           96
         384            4           0.761         3072          192
         384            8           0.779         6144          384
         384           16           0.826        12288          768
         384           32           0.904        24576         1536
         384           64           1.073        49152         3072
         384          128           1.358        98304         6144
         384          256           1.855       196608        12288
         384          512           2.706       393216        24576
         384         1024           4.772       786432        49152
         384         2048           8.566      1572864        98304
         384         4096          17.619      3145728       196608
         384         8192          34.836      6291456       393216
         384        16384          70.031     12582912       786432
         384        32768         140.365     25165824      1572864
         384        65536         280.955     50331648      3145728
         384       131072         562.160    100663296      6291456
         448            1           0.750          896           56
         448            2           0.762         1792          112
         448            4           0.772         3584          224
         448            8           0.784         7168          448
         448           16           0.818        14336          896
         448           32           0.915        28672         1792
         448           64           1.069        57344         3584
         448          128           1.343       114688         7168
         448          256           1.895       229376        14336
         448          512           3.072       458752        28672
         448         1024           5.284       917504        57344
         448         2048           9.528      1835008       114688
         448         4096          19.357      3670016       229376
         448         8192          38.808      7340032       458752
         448        16384          77.774     14680064       917504
         448        32768         156.198     29360128      1835008
         448        65536         312.240     58720256      3670016
         448       131072         624.613    117440512      7340032
         512            1           0.920         1024           64
         512            2           0.762         2048          128
         512            4           0.779         4096          256
         512            8           0.780         8192          512
         512           16           0.817        16384         1024
         512           32           0.894        32768         2048
         512           64           1.058        65536         4096
         512          128           1.420       131072         8192
         512          256           1.976       262144        16384
         512          512           3.007       524288        32768
         512         1024           5.318      1048576        65536
         512         2048           9.512      2097152       131072
         512         4096          19.317      4194304       262144
         512         8192          38.760      8388608       524288
         512        16384          77.827     16777216      1048576
         512        32768         164.521     33554432      2097152
         512        65536         308.280     67108864      4194304
         576            1           0.742         1152           72
         576            2           0.783         2304          144
         576            4           0.920         4608          288
         576            8           0.918         9216          576
         576           16           0.835        18432         1152
         576           32           0.974        36864         2304
         576           64           1.185        73728         4608
         576          128           1.572       147456         9216
         576          256           2.118       294912        18432
         576          512           3.348       589824        36864
         576         1024           5.903      1179648        73728
         576         2048          10.772      2359296       147456
         576         4096          20.501      4718592       294912
         576         8192          40.118      9437184       589824
         576        16384          79.408     18874368      1179648
         576        32768         157.666     37748736      2359296
         576        65536         314.771     75497472      4718592
         640            1           0.741         1280           80
         640            2           0.841         2560          160
         640            4           0.799         5120          320
         640            8           0.793        10240          640
         640           16           0.838        20480         1280
         640           32           0.987        40960         2560
         640           64           1.119        81920         5120
         640          128           1.574       163840        10240
         640          256           2.293       327680        20480
         640          512           3.873       655360        40960
         640         1024           7.067      1310720        81920
         640         2048          13.241      2621440       163840
         640         4096          25.818      5242880       327680
         640         8192          50.759     10485760       655360
         640        16384         100.745     20971520      1310720
         640        32768         200.544     41943040      2621440
         640        65536         400.232     83886080      5242880
         704            1           0.745         1408           88
         704            2           0.771         2816          176
         704            4           0.798         5632          352
         704            8           0.788        11264          704
         704           16           0.859        22528         1408
         704           32           0.967        45056         2816
         704           64           1.212        90112         5632
         704          128           1.614       180224        11264
         704          256           2.560       360448        22528
         704          512           4.287       720896        45056
         704         1024           7.884      1441792        90112
         704         2048          15.096      2883584       180224
         704         4096          29.382      5767168       360448
         704         8192          57.909     11534336       720896
         704        16384         114.947     23068672      1441792
         704        32768         229.213     46137344      2883584
         704        65536         457.311     92274688      5767168
         768            1           0.874         1536           96
         768            2           0.781         3072          192
         768            4           0.820         6144          384
         768            8           0.805        12288          768
         768           16           0.852        24576         1536
         768           32           0.973        49152         3072
         768           64           1.185        98304         6144
         768          128           1.625       196608        12288
         768          256           2.546       393216        24576
         768          512           4.303       786432        49152
         768         1024           7.945      1572864        98304
         768         2048          15.113      3145728       196608
         768         4096          29.370      6291456       393216
         768         8192          57.941     12582912       786432
         768        16384         114.996     25165824      1572864
         768        32768         229.061     50331648      3145728
         768        65536         457.445    100663296      6291456
         832            1           0.799         1664          104
         832            2           0.760         3328          208
         832            4           0.782         6656          416
         832            8           0.871        13312          832
         832           16           0.859        26624         1664
         832           32           0.988        53248         3328
         832           64           1.243       106496         6656
         832          128           1.757       212992        13312
         832          256           2.775       425984        26624
         832          512           4.807       851968        53248
         832         1024           8.866      1703936       106496
         832         2048          17.002      3407872       212992
         832         4096          32.989      6815744       425984
         832         8192          65.069     13631488       851968
         832        16384         135.031     27262976      1703936
         832        32768         257.617     54525952      3407872
         832        65536         514.392    109051904      6815744
         896            1           0.755         1792          112
         896            2           0.756         3584          224
         896            4           0.786         7168          448
         896            8           0.810        14336          896
         896           16           0.869        28672         1792
         896           32           0.994        57344         3584
         896           64           1.247       114688         7168
         896          128           1.761       229376        14336
         896          256           2.733       458752        28672
         896          512           4.853       917504        57344
         896         1024           8.772      1835008       114688
         896         2048          16.909      3670016       229376
         896         4096          33.042      7340032       458752
         896         8192          65.058     14680064       917504
         896        16384         129.500     29360128      1835008
         896        32768         257.608     58720256      3670016
         896        65536         514.282    117440512      7340032
         960            1           0.725         1920          120
         960            2           0.757         3840          240
         960            4           0.787         7680          480
         960            8           0.808        15360          960
         960           16           0.878        30720         1920
         960           32           1.077        61440         3840
         960           64           1.423       122880         7680
         960          128           1.901       245760        15360
         960          256           2.988       491520        30720
         960          512           5.425       983040        61440
         960         1024           9.817      1966080       122880
         960         2048          18.789      3932160       245760
         960         4096          36.584      7864320       491520
         960         8192          72.187     15728640       983040
         960        16384         143.607     31457280      1966080
         960        32768         286.154     62914560      3932160
        1024            1           0.749         2048          128
        1024            2           0.868         4096          256
        1024            4           0.788         8192          512
        1024            8           0.802        16384         1024
        1024           16           0.881        32768         2048
        1024           32           1.010        65536         4096
        1024           64           1.284       131072         8192
        1024          128           1.839       262144        16384
        1024          256           2.959       524288        32768
        1024          512           5.202      1048576        65536
        1024         1024           9.743      2097152       131072
        1024         2048          18.667      4194304       262144
        1024         4096          36.509      8388608       524288
        1024         8192          72.159     16777216      1048576
        1024        16384         143.472     33554432      2097152
        1024        32768         286.111     67108864      4194304
        1088            1           0.732         2176          136
        1088            2           0.759         4352          272
        1088            4           0.765         8704          544
        1088            8           0.809        17408         1088
        1088           16           0.888        34816         2176
        1088           32           1.052        69632         4352
        1088           64           1.340       139264         8704
        1088          128           1.932       278528        17408
        1088          256           3.180       557056        34816
        1088          512           5.643      1114112        69632
        1088         1024          10.561      2228224       139264
        1088         2048          20.446      4456448       278528
        1088         4096          40.069      8912896       557056
        1088         8192          79.289     17825792      1114112
        1088        16384         157.743     35651584      2228224
        1088        32768         314.633     71303168      4456448
        1152            1           0.767         2304          144
        1152            2           0.757         4608          288
        1152            4           0.802         9216          576
        1152            8           0.825        18432         1152
        1152           16           0.889        36864         2304
        1152           32           1.040        73728         4608
        1152           64           1.349       147456         9216
        1152          128           1.946       294912        18432
        1152          256           3.210       589824        36864
        1152          512           5.655      1179648        73728
        1152         1024          10.638      2359296       147456
        1152         2048          20.442      4718592       294912
        1152         4096          40.081      9437184       589824
        1152         8192          79.302     18874368      1179648
        1152        16384         161.103     37748736      2359296
        1152        32768         314.619     75497472      4718592
        1216            1           0.752         2432          152
        1216            2           0.765         4864          304
        1216            4           0.790         9728          608
        1216            8           0.815        19456         1216
        1216           16           0.909        38912         2432
        1216           32           1.082        77824         4864
        1216           64           1.562       155648         9728
        1216          128           2.066       311296        19456
        1216          256           3.569       622592        38912
        1216          512           6.090      1245184        77824
        1216         1024          11.545      2490368       155648
        1216         2048          22.232      4980736       311296
        1216         4096          43.695      9961472       622592
        1216         8192          86.432     19922944      1245184
        1216        16384         172.005     39845888      2490368
        1216        32768         343.168     79691776      4980736
        1280            1           0.752         2560          160
        1280            2           0.777         5120          320
        1280            4           0.815        10240          640
        1280            8           0.837        20480         1280
        1280           16           0.996        40960         2560
        1280           32           1.091        81920         5120
        1280           64           1.431       163840        10240
        1280          128           2.081       327680        20480
        1280          256           3.439       655360        40960
        1280          512           6.116      1310720        81920
        1280         1024          11.555      2621440       163840
        1280         2048          22.251      5242880       327680
        1280         4096          43.653     10485760       655360
        1280         8192          86.505     20971520      1310720
        1280        16384         172.030     41943040      2621440
        1280        32768         343.192     83886080      5242880
        1408            1           0.737         2816          176
        1408            2           0.829         5632          352
        1408            4           0.794        11264          704
        1408            8           0.834        22528         1408
        1408           16           0.904        45056         2816
        1408           32           1.097        90112         5632
        1408           64           1.482       180224        11264
        1408          128           2.225       360448        22528
        1408          256           3.614       720896        45056
        1408          512           6.547      1441792        90112
        1408         1024          12.429      2883584       180224
        1408         2048          24.035      5767168       360448
        1408         4096          47.220     11534336       720896
        1408         8192          93.574     23068672      1441792
        1408        16384         186.266     46137344      2883584
        1408        32768         371.813     92274688      5767168
        1536            1           0.743         3072          192
        1536            2           0.751         6144          384
        1536            4           0.780        12288          768
        1536            8           0.834        24576         1536
        1536           16           0.918        49152         3072
        1536           32           1.106        98304         6144
        1536           64           1.499       196608        12288
        1536          128           2.313       393216        24576
        1536          256          24.205       786432        49152
        1536          512           6.969      1572864        98304
        1536         1024          13.339      3145728       196608
        1536         2048          25.794      6291456       393216
        1536         4096          50.782     12582912       786432
        1536         8192         100.711     25165824      1572864
        1536        16384         200.521     50331648      3145728
        1536        32768         400.205    100663296      6291456
        1664            1           0.785         3328          208
        1664            2           0.765         6656          416
        1664            4           0.812        13312          832
        1664            8           0.841        26624         1664
        1664           16           0.931        53248         3328
        1664           32           1.147       106496         6656
        1664           64           1.552       212992        13312
        1664          128           2.394       425984        26624
        1664          256           4.075       851968        53248
        1664          512           7.421      1703936       106496
        1664         1024          14.212      3407872       212992
        1664         2048          27.576      6815744       425984
        1664         4096          54.319     13631488       851968
        1664         8192         107.802     27262976      1703936
        1664        16384         220.208     54525952      3407872
        1664        32768         428.778    109051904      6815744
        1792            1           0.825         3584          224
        1792            2           0.771         7168          448
        1792            4           0.814        14336          896
        1792            8           0.864        28672         1792
        1792           16           0.952        57344         3584
        1792           32           1.162       114688         7168
        1792           64           1.619       229376        14336
        1792          128           2.504       458752        28672
        1792          256           4.294       917504        57344
        1792          512           7.859      1835008       114688
        1792         1024          15.090      3670016       229376
        1792         2048          29.396      7340032       458752
        1792         4096          57.887     14680064       917504
        1792         8192         114.921     29360128      1835008
        1792        16384         229.115     58720256      3670016
        1792        32768         457.333    117440512      7340032
        1920            1           0.741         3840          240
        1920            2           0.786         7680          480
        1920            4           0.814        15360          960
        1920            8           0.910        30720         1920
        1920           16           1.003        61440         3840
        1920           32           1.269       122880         7680
        1920           64           1.670       245760        15360
        1920          128           2.651       491520        30720
        1920          256           4.540       983040        61440
        1920          512           8.318      1966080       122880
        1920         1024          15.998      3932160       245760
        1920         2048          31.152      7864320       491520
        1920         4096          61.547     15728640       983040
        1920         8192         122.059     31457280      1966080
        1920        16384         243.472     62914560      3932160
        2112            1           0.750         4224          264
        2112            2           0.815         8448          528
        2112            4           0.928        16896         1056
        2112            8           0.869        33792         2112
        2112           16           0.992        67584         4224
        2112           32           1.248       135168         8448
        2112           64           1.837       270336        16896
        2112          128           2.836       540672        33792
        2112          256           4.968      1081344        67584
        2112          512           9.191      2162688       135168
        2112         1024          17.889      4325376       270336
        2112         2048          34.742      8650752       540672
        2112         4096          68.594     17301504      1081344
        2112         8192         136.371     34603008      2162688
        2112        16384         272.034     69206016      4325376
        2304            1           0.760         4608          288
        2304            2           0.823         9216          576
        2304            4           0.828        18432         1152
        2304            8           0.867        36864         2304
        2304           16           1.019        73728         4608
        2304           32           1.283       147456         9216
        2304           64           1.826       294912        18432
        2304          128           2.936       589824        36864
        2304          256           5.181      1179648        73728
        2304          512           9.652      2359296       147456
        2304         1024          18.664      4718592       294912
        2304         2048          36.515      9437184       589824
        2304         4096          72.174     18874368      1179648
        2304         8192         143.492     37748736      2359296
        2304        16384         286.123     75497472      4718592
        2496            1           0.750         4992          312
        2496            2           0.789         9984          624
        2496            4           0.819        19968         1248
        2496            8           1.017        39936         2496
        2496           16           1.039        79872         4992
        2496           32           1.528       159744         9984
        2496           64           1.942       319488        19968
        2496          128           3.170       638976        39936
        2496          256           5.629      1277952        79872
        2496          512          10.731      2555904       159744
        2496         1024          20.456      5111808       319488
        2496         2048          40.068     10223616       638976
        2496         4096          79.279     20447232      1277952
        2496         8192         157.773     40894464      2555904
        2496        16384         314.632     81788928      5111808
        2688            1           0.762         5376          336
        2688            2           0.803        10752          672
        2688            4           0.835        21504         1344
        2688            8           0.910        43008         2688
        2688           16           1.050        86016         5376
        2688           32           1.366       172032        10752
        2688           64           2.097       344064        21504
        2688          128           3.278       688128        43008
        2688          256           5.849      1376256        86016
        2688          512          10.983      2752512       172032
        2688         1024          21.343      5505024       344064
        2688         2048          41.838     11010048       688128
        2688         4096          82.850     22020096      1376256
        2688         8192         168.412     44040192      2752512
        2688        16384         328.891     88080384      5505024
        2944            1           0.764         5888          368
        2944            2           0.958        11776          736
        2944            4           0.845        23552         1472
        2944            8           0.896        47104         2944
        2944           16           1.059        94208         5888
        2944           32           1.429       188416        11776
        2944           64           2.119       376832        23552
        2944          128           3.623       753664        47104
        2944          256           6.312      1507328        94208
        2944          512          11.996      3014656       188416
        2944         1024          23.141      6029312       376832
        2944         2048          45.417     12058624       753664
        2944         4096          89.983     24117248      1507328
        2944         8192         179.242     48234496      3014656
        2944        16384         357.423     96468992      6029312
        3200            1           0.759         6400          400
        3200            2           0.795        12800          800
        3200            4           0.965        25600         1600
        3200            8           0.921        51200         3200
        3200           16           1.117       102400         6400
        3200           32           1.468       204800        12800
        3200           64           2.227       409600        25600
        3200          128           3.727       819200        51200
        3200          256           6.904      1638400       102400
        3200          512          12.858      3276800       204800
        3200         1024          24.903      6553600       409600
        3200         2048          48.959     13107200       819200
        3200         4096          97.108     26214400      1638400
        3200         8192         193.384     52428800      3276800
        3200        16384         386.013    104857600      6553600
        3520            1           0.899         7040          440
        3520            2           0.811        14080          880
        3520            4           0.857        28160         1760
        3520            8           0.950        56320         3520
        3520           16           1.134       112640         7040
        3520           32           1.569       225280        14080
        3520           64           2.386       450560        28160
        3520          128           4.057       901120        56320
        3520          256           7.410      1802240       112640
        3520          512          14.196      3604480       225280
        3520         1024          27.574      7208960       450560
        3520         2048          54.318     14417920       901120
        3520         4096         107.805     28835840      1802240
        3520         8192         214.860     57671680      3604480
        3520        16384         428.728    115343360      7208960
        3840            1           0.905         7680          480
        3840            2           0.798        15360          960
        3840            4           1.015        30720         1920
        3840            8           0.975        61440         3840
        3840           16           1.170       122880         7680
        3840           32           1.611       245760        15360
        3840           64           2.700       491520        30720
        3840          128           4.292       983040        61440
        3840          256           7.857      1966080       122880
        3840          512          15.082      3932160       245760
        3840         1024          29.352      7864320       491520
        3840         2048          57.884     15728640       983040
        3840         4096         115.025     31457280      1966080
        3840         8192         229.042     62914560      3932160
        4224            1           0.794         8448          528
        4224            2           0.832        16896         1056
        4224            4           1.021        33792         2112
        4224            8           1.014        67584         4224
        4224           16           1.344       135168         8448
        4224           32           1.908       270336        16896
        4224           64           3.168       540672        33792
        4224          128           5.550      1081344        67584
        4224          256          10.481      2162688       135168
        4224          512          20.146      4325376       270336
        4224         1024          39.486      8650752       540672
        4224         2048          78.162     17301504      1081344
        4224         4096         155.496     34603008      2162688
        4224         8192         313.100     69206016      4325376
        4608            1           0.855         9216          576
        4608            2           0.943        18432         1152
        4608            4           0.880        36864         2304
        4608            8           1.130        73728         4608
        4608           16           1.254       147456         9216
        4608           32           1.946       294912        18432
        4608           64           3.008       589824        36864
        4608          128           4.960      1179648        73728
        4608          256           9.297      2359296       147456
        4608          512          17.962      4718592       294912
        4608         1024          34.899      9437184       589824
        4608         2048          68.579     18874368      1179648
        4608         4096         136.319     37748736      2359296
        4608         8192         271.971     75497472      4718592
        5056            1           0.789        10112          632
        5056            2           0.848        20224         1264
        5056            4           0.922        40448         2528
        5056            8           1.039        80896         5056
        5056           16           1.317       161792        10112
        5056           32           1.884       323584        20224
        5056           64           3.065       647168        40448
        5056          128           5.343      1294336        80896
        5056          256          11.839      2588672       161792
        5056          512          21.953      5177344       323584
        5056         1024          44.038     10354688       647168
        5056         2048          88.209     20709376      1294336
        5056         4096         176.642     41418752      2588672
        5056         8192         353.596     82837504      5177344
        5504            1           0.792        11008          688
        5504            2           0.860        22016         1376
        5504            4           0.934        44032         2752
        5504            8           1.110        88064         5504
        5504           16           1.556       176128        11008
        5504           32           2.316       352256        22016
        5504           64           3.657       704512        44032
        5504          128           6.615      1409024        88064
        5504          256          12.607      2818048       176128
        5504          512          24.396      5636096       352256
        5504         1024          48.024     11272192       704512
        5504         2048          95.361     22544384      1409024
        5504         4096         189.591     45088768      2818048
        5504         8192         378.381     90177536      5636096
        6016            1           0.778        12032          752
        6016            2           0.834        24064         1504
        6016            4           1.080        48128         3008
        6016            8           1.219        96256         6016
        6016           16           1.505       192512        12032
        6016           32           2.440       385024        24064
        6016           64           3.834       770048        48128
        6016          128           6.184      1540096        96256
        6016          256          12.361      3080192       192512
        6016          512          25.748      6160384       385024
        6016         1024          50.683     12320768       770048
        6016         2048          99.727     24641536      1540096
        6016         4096         199.575     49283072      3080192
        6016         8192         399.685     98566144      6160384
        6592            1           0.938        13184          824
        6592            2           0.899        26368         1648
        6592            4           0.987        52736         3296
        6592            8           1.192       105472         6592
        6592           16           1.539       210944        13184
        6592           32           2.509       421888        26368
        6592           64           3.444       843776        52736
        6592          128           7.262      1687552       105472
        6592          256          13.776      3375104       210944
        6592          512          26.924      6750208       421888
        6592         1024          53.053     13500416       843776
        6592         2048         105.284     27000832      1687552
        6592         4096         209.886     54001664      3375104
        6592         8192         418.815    108003328      6750208
        7232            1           0.899        14464          904
        7232            2           0.835        28928         1808
        7232            4           0.948        57856         3616
        7232            8           1.156       115712         7232
        7232           16           1.599       231424        14464
        7232           32           2.469       462848        28928
        7232           64           4.219       925696        57856
        7232          128           7.707      1851392       115712
        7232          256          14.756      3702784       231424
        7232          512          28.712      7405568       462848
        7232         1024          61.384     14811136       925696
        7232         2048         112.532     29622272      1851392
        7232         4096         224.191     59244544      3702784
        7232         8192         447.271    118489088      7405568
        7936            1           0.811        15872          992
        7936            2           0.850        31744         1984
        7936            4           0.994        63488         3968
        7936            8           1.184       126976         7936
        7936           16           1.650       253952        15872
        7936           32           2.602       507904        31744
        7936           64           4.468      1015808        63488
        7936          128           8.198      2031616       126976
        7936          256          15.820      4063232       253952
        7936          512          30.813      8126464       507904
        7936         1024          60.569     16252928      1015808
        7936         2048         120.374     32505856      2031616
        7936         4096         239.735     65011712      4063232
        8704            1           0.867        17408         1088
        8704            2           0.938        34816         2176
        8704            4           1.062        69632         4352
        8704            8           1.231       139264         8704
        8704           16           1.830       278528        17408
        8704           32           2.722       557056        34816
        8704           64           4.787      1114112        69632
        8704          128           8.741      2228224       139264
        8704          256          16.793      4456448       278528
        8704          512          32.773      8912896       557056
        8704         1024          64.711     17825792      1114112
        8704         2048         128.752     35651584      2228224
        8704         4096         256.421     71303168      4456448
        9536            1           0.799        19072         1192
        9536            2           0.882        38144         2384
        9536            4           1.020        76288         4768
        9536            8           1.252       152576         9536
        9536           16           1.787       305152        19072
        9536           32           2.963       610304        38144
        9536           64           4.975      1220608        76288
        9536          128           9.241      2441216       152576
        9536          256          17.694      4882432       305152
        9536          512          34.863      9764864       610304
        9536         1024          68.707     19529728      1220608
        9536         2048         136.615     39059456      2441216
        9536         4096         272.408     78118912      4882432
       10432            1           0.965        20864         1304
       10432            2           0.864        41728         2608
       10432            4           1.006        83456         5216
       10432            8           1.286       166912        10432
       10432           16           1.866       333824        20864
       10432           32           2.981       667648        41728
       10432           64           5.454      1335296        83456
       10432          128           9.771      2670592       166912
       10432          256          18.899      5341184       333824
       10432          512          36.990     10682368       667648
       10432         1024          73.172     21364736      1335296
       10432         2048         145.507     42729472      2670592
       10432         4096         290.256     85458944      5341184
       11456            1           0.808        22912         1432
       11456            2           0.878        45824         2864
       11456            4           1.024        91648         5728
       11456            8           1.346       183296        11456
       11456           16           1.935       366592        22912
       11456           32           3.160       733184        45824
       11456           64           5.607      1466368        91648
       11456          128          10.484      2932736       183296
       11456          256          20.231      5865472       366592
       11456          512          39.871     11730944       733184
       11456         1024          78.904     23461888      1466368
       11456         2048         156.989     46923776      2932736
       11456         4096         313.159     93847552      5865472
       12544            1           0.853        25088         1568
       12544            2           0.906        50176         3136
       12544            4           1.074       100352         6272
       12544            8           1.373       200704        12544
       12544           16           2.029       401408        25088
       12544           32           3.332       802816        50176
       12544           64           5.953      1605632       100352
       12544          128          11.206      3211264       200704
       12544          256          21.774      6422528       401408
       12544          512          42.715     12845056       802816
       12544         1024          84.735     25690112      1605632
       12544         2048         173.947     51380224      3211264
       12544         4096         336.027    102760448      6422528
       13760            1           0.827        27520         1720
       13760            2           0.935        55040         3440
       13760            4           1.239       110080         6880
       13760            8           1.454       220160        13760
       13760           16           2.136       440320        27520
       13760           32           3.527       880640        55040
       13760           64           6.462      1761280       110080
       13760          128          11.944      3522560       220160
       13760          256          23.401      7045120       440320
       13760          512          45.681     14090240       880640
       13760         1024          90.556     28180480      1761280
       13760         2048         180.296     56360960      3522560
       13760         4096         359.791    112721920      7045120
       15104            1           0.870        30208         1888
       15104            2           0.913        60416         3776
       15104            4           1.121       120832         7552
       15104            8           1.483       241664        15104
       15104           16           2.407       483328        30208
       15104           32           3.764       966656        60416
       15104           64           6.789      1933312       120832
       15104          128          12.885      3866624       241664
       15104          256          25.031      7733248       483328
       15104          512          49.420     15466496       966656
       15104         1024          98.035     30932992      1933312
       15104         2048         195.183     61865984      3866624
       15104         4096         389.545    123731968      7733248
       16576            1           0.925        33152         2072
       16576            2           0.941        66304         4144
       16576            4           1.137       132608         8288
       16576            8           1.553       265216        16576
       16576           16           2.347       530432        33152
       16576           32           4.003      1060864        66304
       16576           64           7.355      2121728       132608
       16576          128          13.820      4243456       265216
       16576          256          27.018      8486912       530432
       16576          512          53.232     16973824      1060864
       16576         1024         105.644     33947648      2121728
       16576         2048         210.472     67895296      4243456
       18176            1           1.006        36352         2272
       18176            2           0.969        72704         4544
       18176            4           1.206       145408         9088
       18176            8           1.619       290816        18176
       18176           16           2.499       581632        36352
       18176           32           4.368      1163264        72704
       18176           64           7.821      2326528       145408
       18176          128          14.920      4653056       290816
       18176          256          29.038      9306112       581632
       18176          512          57.445     18612224      1163264
       18176         1024         114.110     37224448      2326528
       18176         2048         227.289     74448896      4653056
       19968            1           0.958        39936         2496
       19968            2           0.969        79872         4992
       19968            4           1.217       159744         9984
       19968            8           1.706       319488        19968
       19968           16           2.688       638976        39936
       19968           32           4.570      1277952        79872
       19968           64           8.385      2555904       159744
       19968          128          16.055      5111808       319488
       19968          256          31.485     10223616       638976
       19968          512          62.134     20447232      1277952
       19968         1024         123.419     40894464      2555904
       19968         2048         245.989     81788928      5111808
       21952            1           0.884        43904         2744
       21952            2           1.007        87808         5488
       21952            4           1.260       175616        10976
       21952            8           1.784       351232        21952
       21952           16           2.818       702464        43904
       21952           32           4.876      1404928        87808
       21952           64           9.025      2809856       175616
       21952          128          17.339      5619712       351232
       21952          256          34.070     11239424       702464
       21952          512          67.205     22478848      1404928
       21952         1024         133.608     44957696      2809856
       21952         2048         266.387     89915392      5619712
       24128            1           0.891        48256         3016
       24128            2           1.023        96512         6032
       24128            4           1.326       193024        12064
       24128            8           1.859       386048        24128
       24128           16           2.978       772096        48256
       24128           32           5.231      1544192        96512
       24128           64          15.459      3088384       193024
       24128          128          18.744      6176768       386048
       24128          256          36.737     12353536       772096
       24128          512          72.939     24707072      1544192
       24128         1024         144.880     49414144      3088384
       24128         2048         288.948     98828288      6176768
       26496            1           0.996        52992         3312
       26496            2           1.060       105984         6624
       26496            4           1.366       211968        13248
       26496            8           1.958       423936        26496
       26496           16           3.172       847872        52992
       26496           32           5.615      1695744       105984
       26496           64          10.525      3391488       211968
       26496          128          20.333      6782976       423936
       26496          256          40.005     13565952       847872
       26496          512          79.185     27131904      1695744
       26496         1024         157.504     54263808      3391488
       26496         2048         314.132    108527616      6782976
       29120            1           0.913        58240         3640
       29120            2           1.081       116480         7280
       29120            4           1.423       232960        14560
       29120            8           2.172       465920        29120
       29120           16           3.396       931840        58240
       29120           32           6.039      1863680       116480
       29120           64          11.372      3727360       232960
       29120          128          22.137      7454720       465920
       29120          256          43.223     14909440       931840
       29120          512          85.958     29818880      1863680
       29120         1024         170.790     59637760      3727360
       29120         2048         340.825    119275520      7454720
       32000            1           0.923        64000         4000
       32000            2           1.092       128000         8000
       32000            4           1.452       256000        16000
       32000            8           2.181       512000        32000
       32000           16           3.620      1024000        64000
       32000           32           6.526      2048000       128000
       32000           64          12.354      4096000       256000
       32000          128          23.932      8192000       512000
       32000          256          47.193     16384000      1024000
       32000          512          93.754     32768000      2048000
       32000         1024         186.264     65536000      4096000
       35200            1           1.018        70400         4400
       35200            2           1.144       140800         8800
       35200            4           1.662       281600        17600
       35200            8           2.491       563200        35200
       35200           16           3.916      1126400        70400
       35200           32           7.049      2252800       140800
       35200           64          13.427      4505600       281600
       35200          128          26.007      9011200       563200
       35200          256          51.385     18022400      1126400
       35200          512         101.841     36044800      2252800
       35200         1024         202.917     72089600      4505600
       38720            1           0.974        77440         4840
       38720            2           1.281       154880         9680
       38720            4           1.618       309760        19360
       38720            8           2.463       619520        38720
       38720           16           4.175      1239040        77440
       38720           32           7.774      2478080       154880
       38720           64          14.517      4956160       309760
       38720          128          28.275      9912320       619520
       38720          256          55.796     19824640      1239040
       38720          512         111.088     39649280      2478080
       38720         1024         221.114     79298560      4956160
       42560            1           1.010        85120         5320
       42560            2           1.227       170240        10640
       42560            4           1.695       340480        21280
       42560            8           2.618       680960        42560
       42560           16           4.485      1361920        85120
       42560           32           8.245      2723840       170240
       42560           64          15.860      5447680       340480
       42560          128          30.814     10895360       680960
       42560          256          60.987     21790720      1361920
       42560          512         121.117     43581440      2723840
       42560         1024         241.432     87162880      5447680
       46784            1           1.011        93568         5848
       46784            2           1.318       187136        11696
       46784            4           1.775       374272        23392
       46784            8           2.810       748544        46784
       46784           16           4.846      1497088        93568
       46784           32           8.938      2994176       187136
       46784           64          17.111      5988352       374272
       46784          128          33.698     11976704       748544
       46784          256          66.366     23953408      1497088
       46784          512         137.777     47906816      2994176
       46784         1024         263.055     95813632      5988352
       51456            1           1.048       102912         6432
       51456            2           1.313       205824        12864
       51456            4           1.902       411648        25728
       51456            8           2.983       823296        51456
       51456           16           5.228      1646592       102912
       51456           32           9.729      3293184       205824
       51456           64          18.693      6586368       411648
       51456          128          36.642     13172736       823296
       51456          256          72.527     26345472      1646592
       51456          512         144.376     52690944      3293184
       51456         1024         287.951    105381888      6586368
       56576            1           1.053       113152         7072
       56576            2           1.356       226304        14144
       56576            4           2.008       452608        28288
       56576            8           3.193       905216        56576
       56576           16           5.638      1810432       113152
       56576           32          10.540      3620864       226304
       56576           64          20.348      7241728       452608
       56576          128          39.991     14483456       905216
       56576          256          79.209     28966912      1810432
       56576          512         157.801     57933824      3620864
       56576         1024         314.645    115867648      7241728
       62208            1           1.240       124416         7776
       62208            2           1.423       248832        15552
       62208            4           2.093       497664        31104
       62208            8           3.581       995328        62208
       62208           16           6.125      1990656       124416
       62208           32          11.485      3981312       248832
       62208           64          22.230      7962624       497664
       62208          128          43.682     15925248       995328
       62208          256          86.607     31850496      1990656
       62208          512         172.537     63700992      3981312
       68416            1           1.378       136832         8552
       68416            2           1.499       273664        17104
       68416            4           2.232       547328        34208
       68416            8           3.707      1094656        68416
       68416           16           6.607      2189312       136832
       68416           32          12.493      4378624       273664
       68416           64          24.195      8757248       547328
       68416          128          47.683     17514496      1094656
       68416          256          94.594     35028992      2189312
       68416          512         188.556     70057984      4378624
       75200            1           1.296       150400         9400
       75200            2           1.601       300800        18800
       75200            4           2.362       601600        37600
       75200            8           4.029      1203200        75200
       75200           16           7.152      2406400       150400
       75200           32          13.665      4812800       300800
       75200           64          26.422      9625600       601600
       75200          128          52.258     19251200      1203200
       75200          256         103.453     38502400      2406400
       75200          512         206.203     77004800      4812800
       82688            1           1.196       165376        10336
       82688            2           1.623       330752        20672
       82688            4           2.495       661504        41344
       82688            8           4.269      1323008        82688
       82688           16           7.789      2646016       165376
       82688           32          14.867      5292032       330752
       82688           64          28.920     10584064       661504
       82688          128          57.058     21168128      1323008
       82688          256         113.490     42336256      2646016
       82688          512         226.035     84672512      5292032
       90944            1           1.314       181888        11368
       90944            2           1.735       363776        22736
       90944            4           2.681       727552        45472
       90944            8           4.707      1455104        90944
       90944           16           8.451      2910208       181888
       90944           32          16.307      5820416       363776
       90944           64          31.594     11640832       727552
       90944          128          62.400     23281664      1455104
       90944          256         124.134     46563328      2910208
       90944          512         247.561     93126656      5820416
      100032            1           1.326       200064        12504
      100032            2           1.832       400128        25008
      100032            4           2.888       800256        50016
      100032            8           4.987      1600512       100032
      100032           16           9.203      3201024       200064
      100032           32          17.639      6402048       400128
      100032           64          34.536     12804096       800256
      100032          128          68.311     25608192      1600512
      100032          256         141.275     51216384      3201024
      100032          512         271.021    102432768      6402048
      110016            1           1.507       220032        13752
      110016            2           1.915       440064        27504
      110016            4           3.271       880128        55008
      110016            8           5.390      1760256       110016
      110016           16          10.019      3520512       220032
      110016           32          19.287      7041024       440064
      110016           64          37.800     14082048       880128
      110016          128          74.851     28164096      1760256
      110016          256         148.908     56328192      3520512
      110016          512         297.164    112656384      7041024
      120960            1           1.478       241920        15120
      120960            2           2.229       483840        30240
      120960            4           3.319       967680        60480
      120960            8           6.011      1935360       120960
      120960           16          10.928      3870720       241920
      120960           32          21.075      7741440       483840
      120960           64          41.621     15482880       967680
      120960          128          82.028     30965760      1935360
      120960          256         163.432     61931520      3870720
      120960          512         325.900    123863040      7741440
      133056            1           1.559       266112        16632
      133056            2           2.307       532224        33264
      133056            4           3.573      1064448        66528
      133056            8           6.403      2128896       133056
      133056           16          12.017      4257792       266112
      133056           32          23.102      8515584       532224
      133056           64          45.331     17031168      1064448
      133056          128          90.045     34062336      2128896
      133056          256         179.024     68124672      4257792
      146304            1           1.940       292608        18288
      146304            2           2.314       585216        36576
      146304            4           3.978      1170432        73152
      146304            8           6.888      2340864       146304
      146304           16          12.999      4681728       292608
      146304           32          25.250      9363456       585216
      146304           64          49.705     18726912      1170432
      146304          128          98.612     37453824      2340864
      146304          256         196.509     74907648      4681728
      160896            1           1.675       321792        20112
      160896            2           2.474       643584        40224
      160896            4           4.174      1287168        80448
      160896            8           7.503      2574336       160896
      160896           16          14.206      5148672       321792
      160896           32          27.623     10297344       643584
      160896           64          54.506     20594688      1287168
      160896          128         108.158     41189376      2574336
      160896          256         215.537     82378752      5148672
      176960            1           2.326       353920        22120
      176960            2           2.661       707840        44240
      176960            4           4.521      1415680        88480
      176960            8           8.265      2831360       176960
      176960           16          15.541      5662720       353920
      176960           32          30.259     11325440       707840
      176960           64          59.702     22650880      1415680
      176960          128         118.615     45301760      2831360
      176960          256         236.577     90603520      5662720
      194624            1           1.964       389248        24328
      194624            2           2.850       778496        48656
      194624            4           4.899      1556992        97312
      194624            8           9.043      3113984       194624
      194624           16          16.980      6227968       389248
      194624           32          33.145     12455936       778496
      194624           64          65.520     24911872      1556992
      194624          128         130.156     49823744      3113984
      194624          256         259.562     99647488      6227968
      214080            1           2.619       428160        26760
      214080            2           3.057       856320        53520
      214080            4           5.269      1712640       107040
      214080            8           9.728      3425280       214080
      214080           16          18.604      6850560       428160
      214080           32          36.367     13701120       856320
      214080           64          81.007     27402240      1712640
      214080          128         142.933     54804480      3425280
      214080          256         285.011    109608960      6850560
      235456            1           2.777       470912        29432
      235456            2           3.280       941824        58864
      235456            4           5.725      1883648       117728
      235456            8          10.622      3767296       235456
      235456           16          20.348      7534592       470912
      235456           32          39.840     15069184       941824
      235456           64          78.847     30138368      1883648
      235456          128         156.858     60276736      3767296
      235456          256         312.813    120553472      7534592
      258944            1           2.509       517888        32368
      258944            2           3.577      1035776        64736
      258944            4           6.262      2071552       129472
      258944            8          11.599      4143104       258944
      258944           16          22.307      8286208       517888
      258944           32          43.725     16572416      1035776
      258944           64          86.615     33144832      2071552
      258944          128         172.280     66289664      4143104
      284800            1           3.239       569600        35600
      284800            2           3.986      1139200        71200
      284800            4           7.130      2278400       142400
      284800            8          13.500      4556800       284800
      284800           16          25.833      9113600       569600
      284800           32          51.863     18227200      1139200
      284800           64         104.010     36454400      2278400
      284800          128         208.442     72908800      4556800
      313280            1           3.364       626560        39160
      313280            2           4.043      1253120        78320
      313280            4           8.104      2506240       156640
      313280            8          15.252      5012480       313280
      313280           16          29.674     10024960       626560
      313280           32          58.107     20049920      1253120
      313280           64         116.113     40099840      2506240
      313280          128         232.291     80199680      5012480
      344576            1           4.049       689152        43072
      344576            2           4.774      1378304        86144
      344576            4           8.819      2756608       172288
      344576            8          16.626      5513216       344576
      344576           16          32.483     11026432       689152
      344576           32          63.794     22052864      1378304
      344576           64         127.668     44105728      2756608
      344576          128         255.374     88211456      5513216
      379008            1           3.807       758016        47376
      379008            2           5.240      1516032        94752
      379008            4           9.561      3032064       189504
      379008            8          18.311      6064128       379008
      379008           16          35.701     12128256       758016
      379008           32          70.118     24256512      1516032
      379008           64         140.090     48513024      3032064
      379008          128         280.513     97026048      6064128
      416896            1           4.212       833792        52112
      416896            2           5.595      1667584       104224
      416896            4          10.416      3335168       208448
      416896            8          20.058      6670336       416896
      416896           16          39.284     13340672       833792
      416896           32          77.764     26681344      1667584
      416896           64         154.152     53362688      3335168
      416896          128         320.707    106725376      6670336
      458560            1           4.898       917120        57320
      458560            2           6.085      1834240       114640
      458560            4          11.346      3668480       229280
      458560            8          21.944      7336960       458560
      458560           16          42.967     14673920       917120
      458560           32          85.322     29347840      1834240
      458560           64         169.795     58695680      3668480
      458560          128         338.947    117391360      7336960
      504384            1           6.174      1008768        63048
      504384            2           6.591      2017536       126096
      504384            4          12.384      4035072       252192
      504384            8          23.982      8070144       504384
      504384           16          47.192     16140288      1008768
      504384           32          93.587     32280576      2017536
      504384           64         186.073     64561152      4035072
      554816            1           5.903      1109632        69352
      554816            2           7.191      2219264       138704
      554816            4          13.610      4438528       277408
      554816            8          26.339      8877056       554816
      554816           16          51.844     17754112      1109632
      554816           32         102.889     35508224      2219264
      554816           64         204.974     71016448      4438528
      610240            1           7.158      1220480        76280
      610240            2           7.812      2440960       152560
      610240            4          14.877      4881920       305120
      610240            8          28.900      9763840       610240
      610240           16          56.935     19527680      1220480
      610240           32         113.098     39055360      2440960
      610240           64         225.619     78110720      4881920
      671232            1           7.882      1342464        83904
      671232            2           8.472      2684928       167808
      671232            4          16.239      5369856       335616
      671232            8          31.666     10739712       671232
      671232           16          62.501     21479424      1342464
      671232           32         123.982     42958848      2684928
      671232           64         247.612     85917696      5369856
      738304            1           7.907      1476608        92288
      738304            2           9.446      2953216       184576
      738304            4          17.755      5906432       369152
      738304            8          34.750     11812864       738304
      738304           16          68.837     23625728      1476608
      738304           32         136.252     47251456      2953216
      738304           64         272.374     94502912      5906432
      812096            1           9.522      1624192       101512
      812096            2          10.148      3248384       203024
      812096            4          19.513      6496768       406048
      812096            8          38.167     12993536       812096
      812096           16          75.489     25987072      1624192
      812096           32         150.852     51974144      3248384
      812096           64         300.260    103948288      6496768
      893248            1          11.034      1786496       111656
      893248            2          11.133      3572992       223312
      893248            4          21.392      7145984       446624
      893248            8          41.650     14291968       893248
      893248           16          87.274     28583936      1786496
      893248           32         165.042     57167872      3572992
      893248           64         328.917    114335744      7145984
      982528            1          11.871      1965056       122816
      982528            2          12.130      3930112       245632
      982528            4          23.463      7860224       491264
      982528            8          46.130     15720448       982528
      982528           16          91.316     31440896      1965056
      982528           32         181.756     62881792      3930112
     1080768            1          13.297      2161536       135096
     1080768            2          13.254      4323072       270192
     1080768            4          25.694      8646144       540384
     1080768            8          50.547     17292288      1080768
     1080768           16         100.246     34584576      2161536
     1080768           32         199.693     69169152      4323072
     1188800            1          13.859      2377600       148600
     1188800            2          14.561      4755200       297200
     1188800            4          28.094      9510400       594400
     1188800            8          55.475     19020800      1188800
     1188800           16         110.167     38041600      2377600
     1188800           32         219.155     76083200      4755200
     1307648            1          16.085      2615296       163456
     1307648            2          15.863      5230592       326912
     1307648            4          30.873     10461184       653824
     1307648            8          60.877     20922368      1307648
     1307648           16         121.182     41844736      2615296
     1307648           32         241.314     83689472      5230592
     1438400            1          16.211      2876800       179800
     1438400            2          17.742      5753600       359600
     1438400            4          34.507     11507200       719200
     1438400            8          68.375     23014400      1438400
     1438400           16         135.513     46028800      2876800
     1438400           32         269.898     92057600      5753600
     1582208            1          18.939      3164416       197776
     1582208            2          19.983      6328832       395552
     1582208            4          38.845     12657664       791104
     1582208            8          76.806     25315328      1582208
     1582208           16         152.682     50630656      3164416
     1582208           32         304.532    101261312      6328832
     1740416            1          20.507      3480832       217552
     1740416            2          21.998      6961664       435104
     1740416            4          42.899     13923328       870208
     1740416            8          84.375     27846656      1740416
     1740416           16         167.651     55693312      3480832
     1740416           32         339.407    111386624      6961664
     1914432            1          23.026      3828864       239304
     1914432            2          24.919      7657728       478608
     1914432            4          47.807     15315456       957216
     1914432            8          96.573     30630912      1914432
     1914432           16         193.433     61261824      3828864
     1914432           32         386.387    122523648      7657728
     2105856            1          24.346      4211712       263232
     2105856            2          28.668      8423424       526464
     2105856            4          56.809     16846848      1052928
     2105856            8         113.757     33693696      2105856
     2105856           16         227.263     67387392      4211712
     2316416            1          28.161      4632832       289552
     2316416            2          33.479      9265664       579104
     2316416            4          64.835     18531328      1158208
     2316416            8         129.640     37062656      2316416
     2316416           16         259.388     74125312      4632832
     2548032            1          32.662      5096064       318504
     2548032            2          40.022     10192128       637008
     2548032            4          79.006     20384256      1274016
     2548032            8         157.166     40768512      2548032
     2548032           16         313.774     81537024      5096064
     2802816            1          37.562      5605632       350352
     2802816            2          43.902     11211264       700704
     2802816            4          87.965     22422528      1401408
     2802816            8         175.865     44845056      2802816
     2802816           16         352.093     89690112      5605632
     3083072            1          42.885      6166144       385384
     3083072            2          49.888     12332288       770768
     3083072            4          98.240     24664576      1541536
     3083072            8         196.575     49329152      3083072
     3083072           16         403.852     98658304      6166144
     3391360            1          46.818      6782720       423920
     3391360            2          55.165     13565440       847840
     3391360            4         117.435     27130880      1695680
     3391360            8         228.660     54261760      3391360
     3391360           16         439.573    108523520      6782720
     3730496            1          51.316      7460992       466312
     3730496            2          60.534     14921984       932624
     3730496            4         120.880     29843968      1865248
     3730496            8         241.556     59687936      3730496
     3730496           16         483.396    119375872      7460992
     4103488            1          57.444      8206976       512936
     4103488            2          66.529     16413952      1025872
     4103488            4         132.894     32827904      2051744
     4103488            8         266.046     65655808      4103488
     4513792            1          62.217      9027584       564224
     4513792            2          73.276     18055168      1128448
     4513792            4         146.015     36110336      2256896
     4513792            8         292.439     72220672      4513792
     4965120            1          69.545      9930240       620640
     4965120            2          81.520     19860480      1241280
     4965120            4         161.954     39720960      2482560
     4965120            8         323.091     79441920      4965120
     5461632            1          77.655     10923264       682704
     5461632            2          89.541     21846528      1365408
     5461632            4         185.210     43693056      2730816
     5461632            8         354.173     87386112      5461632
     6007744            1          82.821     12015488       750968
     6007744            2          98.459     24030976      1501936
     6007744            4         195.170     48061952      3003872
     6007744            8         390.168     96123904      6007744
     6608512            1          92.215     13217024       826064
     6608512            2         108.103     26434048      1652128
     6608512            4         215.276     52868096      3304256
     6608512            8         429.118    105736192      6608512
     7269312            1         100.458     14538624       908664
     7269312            2         118.899     29077248      1817328
     7269312            4         236.217     58154496      3634656
     7269312            8         472.258    116308992      7269312
     7996224            1         110.919     15992448       999528
     7996224            2         130.540     31984896      1999056
     7996224            4         259.508     63969792      3998112
     8795840            1         122.914     17591680      1099480
     8795840            2         143.477     35183360      2198960
     8795840            4         291.826     70366720      4397920
     9675392            1         134.427     19350784      1209424
     9675392            2         157.705     38701568      2418848
     9675392            4         314.251     77403136      4837696
    10642880            1         149.412     21285760      1330360
    10642880            2         173.640     42571520      2660720
    10642880            4         345.646     85143040      5321440
    11707136            1         162.986     23414272      1463392
    11707136            2         192.678     46828544      2926784
    11707136            4         385.132     93657088      5853568
    12877824            1         182.929     25755648      1609728
    12877824            2         214.111     51511296      3219456
    12877824            4         427.162    103022592      6438912
    14165568            1         200.000     28331136      1770696
    14165568            2         239.079     56662272      3541392
    14165568            4         477.227    113324544      7082784
    15582080            1         227.668     31164160      1947760
    15582080            2         275.285     62328320      3895520
    15582080            4         537.967    124656640      7791040
    17140288            1         250.550     34280576      2142536
    17140288            2         332.597     68561152      4285072
    18854272            1         284.757     37708544      2356784
    18854272            2         500.463     75417088      4713568
    20739648            1         392.132     41479296      2592456
    20739648            2         921.576     82958592      5184912
    22813568            1         642.948     45627136      2851696
    22813568            2        1636.134     91254272      5703392
    25094912            1         996.251     50189824      3136864
    25094912            2        2530.557    100379648      6273728
    27604352            1        1451.892     55208704      3450544
    27604352            2        3493.708    110417408      6901088
    30364736            1        1968.520     60729472      3795592
    30364736            2        4327.644    121458944      7591184
    33401152            1        2369.704     66802304      4175144
    36741248            1        2823.125     73482496      4592656
    40415360            1        3165.280     80830720      5051920
    44456896            1        3522.561     88913792      5557112
    48902528            1        3879.390     97805056      6112816
    53792768            1        4274.411    107585536      6724096
    59172032            1        4698.123    118344064      7396504

META_DATA
MPI_PROCS      1
OPENMP_THREADS 8
FLOPS          1
ERT_VERSION  1.0.0
TIMESTAMP_DATA  1594852871.63
HOSTNAME  ('apollo-PowerEdge-R430', [], ['127.0.1.1'])
UNAME  ('Linux', 'apollo-PowerEdge-R430', '4.19.129-0419129-generic', '#202006220433 SMP Mon Jun 22 09:12:54 UTC 2020', 'x86_64', 'x86_64')
CONFIG  {'ERT_WORKING_SET_MIN': ['1'], 'ERT_CFLAGS': ['-O3'], 'ERT_CC': ['gcc'], 'ERT_MPI_CFLAGS': [], 'ERT_MPI_LDFLAGS': [], 'ERT_MEMORY_MAX': ['62497788'], 'ERT_PROCS_THREADS': ['8'], 'ERT_LDFLAGS': [], 'ERT_LDLIBS': [], 'ERT_SPEC_GBYTES_DRAM': ['1.0'], 'ERT_RUN': ['export', 'KMP_AFFINITY=scatter;', 'export', 'OMP_NUM_THREADS=ERT_OPENMP_THREADS;', 'ERT_CODE'], 'ERT_FLOPS': ['1,2,4,8,16'], 'ERT_OPENMP_CFLAGS': ['-fopenmp'], 'ERT_SPEC_GFLOPS': ['1.0'], 'ERT_MPI': ['False'], 'ERT_TRIALS_MIN': ['1'], 'ERT_DRIVER': ['driver1'], 'ERT_RESULTS': ['Results.x86'], 'ERT_OPENMP': ['True'], 'ERT_MPI_PROCS': ['1'], 'ERT_KERNEL': ['kernel1'], 'ERT_OPENMP_THREADS': ['1-32'], 'ERT_LD': ['gcc'], 'ERT_NUM_EXPERIMENTS': ['6'], 'ERT_OPENMP_LDFLAGS': ['-fopenmp'], 'ERT_ALIGN': ['32'], 'ERT_GNUPLOT': ['gnuplot']}
