          64            1          38.788          128            8
          64            2           1.722          256           16
          64            4           1.465          512           32
          64            8           1.515         1024           64
          64           16           1.445         2048          128
          64           32           1.532         4096          256
          64           64           1.778         8192          512
          64          128           2.256        16384         1024
          64          256           3.214        32768         2048
          64          512           5.122        65536         4096
          64         1024           8.974       131072         8192
          64         2048          16.672       262144        16384
          64         4096          32.060       524288        32768
          64         8192          62.813      1048576        65536
          64        16384         124.464      2097152       131072
          64        32768         247.343      4194304       262144
          64        65536         504.665      8388608       524288
          64       131072         985.468     16777216      1048576
          64       262144        1969.651     33554432      2097152
          64       524288        3154.351     67108864      4194304
         128            1           0.749          256           16
         128            2           0.743          512           32
         128            4           0.897         1024           64
         128            8           0.754         2048          128
         128           16           0.766         4096          256
         128           32           0.831         8192          512
         128           64           1.044        16384         1024
         128          128           1.199        32768         2048
         128          256           1.832        65536         4096
         128          512           2.828       131072         8192
         128         1024           7.154       262144        16384
         128         2048          13.283       524288        32768
         128         4096          24.268      1048576        65536
         128         8192          48.867      2097152       131072
         128        16384          98.149      4194304       262144
         128        32768         196.492      8388608       524288
         128        65536         393.405     16777216      1048576
         128       131072         792.654     33554432      2097152
         128       262144        1132.550     67108864      4194304
         192            1           0.763          384           24
         192            2           0.779          768           48
         192            4           0.776         1536           96
         192            8           0.781         3072          192
         192           16           0.802         6144          384
         192           32           0.845        12288          768
         192           64           0.965        24576         1536
         192          128           1.213        49152         3072
         192          256           1.713        98304         6144
         192          512           2.710       196608        12288
         192         1024           4.722       393216        24576
         192         2048           8.733       786432        49152
         192         4096          16.765      1572864        98304
         192         8192          32.811      3145728       196608
         192        16384          64.911      6291456       393216
         192        32768         129.088     12582912       786432
         192        65536         257.497     25165824      1572864
         192       131072         514.198     50331648      3145728
         192       262144        1027.719    100663296      6291456
         256            1           0.774          512           32
         256            2           0.756         1024           64
         256            4           0.768         2048          128
         256            8           0.767         4096          256
         256           16           0.809         8192          512
         256           32           0.868        16384         1024
         256           64           0.993        32768         2048
         256          128           1.214        65536         4096
         256          256           1.700       131072         8192
         256          512           2.715       262144        16384
         256         1024           4.751       524288        32768
         256         2048           8.760      1048576        65536
         256         4096          16.748      2097152       131072
         256         8192          32.830      4194304       262144
         256        16384          64.894      8388608       524288
         256        32768         129.104     16777216      1048576
         256        65536         257.461     33554432      2097152
         256       131072         533.223     67108864      4194304
         320            1           0.752          640           40
         320            2           0.773         1280           80
         320            4           0.854         2560          160
         320            8           0.771         5120          320
         320           16           0.817        10240          640
         320           32           0.895        20480         1280
         320           64           1.047        40960         2560
         320          128           1.466        81920         5120
         320          256           1.860       163840        10240
         320          512           2.845       327680        20480
         320         1024           4.822       655360        40960
         320         2048           8.825      1310720        81920
         320         4096          16.975      2621440       163840
         320         8192          32.040      5242880       327680
         320        16384          65.084     10485760       655360
         320        32768         129.273     20971520      1310720
         320        65536         257.639     41943040      2621440
         320       131072         514.287     83886080      5242880
         384            1           0.743          768           48
         384            2           0.924         1536           96
         384            4           0.779         3072          192
         384            8           0.927         6144          384
         384           16           0.985        12288          768
         384           32           0.884        24576         1536
         384           64           1.057        49152         3072
         384          128           1.246        98304         6144
         384          256           1.855       196608        12288
         384          512           2.775       393216        24576
         384         1024           4.814       786432        49152
         384         2048           8.818      1572864        98304
         384         4096          16.824      3145728       196608
         384         8192          32.016      6291456       393216
         384        16384          64.123     12582912       786432
         384        32768         129.238     25165824      1572864
         384        65536         257.579     50331648      3145728
         384       131072         514.233    100663296      6291456
         448            1           0.749          896           56
         448            2           0.788         1792          112
         448            4           0.790         3584          224
         448            8           0.787         7168          448
         448           16           0.829        14336          896
         448           32           1.083        28672         1792
         448           64           1.122        57344         3584
         448          128           1.436       114688         7168
         448          256           1.898       229376        14336
         448          512           3.076       458752        28672
         448         1024           5.199       917504        57344
         448         2048           9.691      1835008       114688
         448         4096          18.603      3670016       229376
         448         8192          36.448      7340032       458752
         448        16384          72.201     14680064       917504
         448        32768         143.463     29360128      1835008
         448        65536         286.092     58720256      3670016
         448       131072         571.371    117440512      7340032
         512            1           0.740         1024           64
         512            2           0.766         2048          128
         512            4           0.785         4096          256
         512            8           0.796         8192          512
         512           16           0.825        16384         1024
         512           32           0.918        32768         2048
         512           64           1.094        65536         4096
         512          128           1.444       131072         8192
         512          256           1.891       262144        16384
         512          512           3.085       524288        32768
         512         1024           5.231      1048576        65536
         512         2048           9.687      2097152       131072
         512         4096          18.719      4194304       262144
         512         8192          36.483      8388608       524288
         512        16384          72.100     16777216      1048576
         512        32768         149.056     33554432      2097152
         512        65536         286.054     67108864      4194304
         576            1           0.741         1152           72
         576            2           0.772         2304          144
         576            4           0.820         4608          288
         576            8           0.840         9216          576
         576           16           0.906        18432         1152
         576           32           0.949        36864         2304
         576           64           1.266        73728         4608
         576          128           1.415       147456         9216
         576          256           2.293       294912        18432
         576          512           3.524       589824        36864
         576         1024           5.874      1179648        73728
         576         2048          10.763      2359296       147456
         576         4096          20.466      4718592       294912
         576         8192          40.118      9437184       589824
         576        16384          79.342     18874368      1179648
         576        32768         157.794     37748736      2359296
         576        65536         314.723     75497472      4718592
         640            1           0.753         1280           80
         640            2           0.872         2560          160
         640            4           0.779         5120          320
         640            8           0.781        10240          640
         640           16           0.842        20480         1280
         640           32           0.936        40960         2560
         640           64           1.330        81920         5120
         640          128           1.572       163840        10240
         640          256           2.305       327680        20480
         640          512           3.983       655360        40960
         640         1024           7.111      1310720        81920
         640         2048          13.334      2621440       163840
         640         4096          25.819      5242880       327680
         640         8192          50.762     10485760       655360
         640        16384         100.697     20971520      1310720
         640        32768         200.539     41943040      2621440
         640        65536         400.241     83886080      5242880
         704            1           0.936         1408           88
         704            2           0.768         2816          176
         704            4           0.776         5632          352
         704            8           0.789        11264          704
         704           16           0.845        22528         1408
         704           32           0.947        45056         2816
         704           64           1.190        90112         5632
         704          128           1.636       180224        11264
         704          256           2.508       360448        22528
         704          512           4.308       720896        45056
         704         1024           7.872      1441792        90112
         704         2048          15.169      2883584       180224
         704         4096          29.430      5767168       360448
         704         8192          57.930     11534336       720896
         704        16384         114.973     23068672      1441792
         704        32768         229.096     46137344      2883584
         704        65536         457.341     92274688      5767168
         768            1           0.756         1536           96
         768            2           0.767         3072          192
         768            4           0.793         6144          384
         768            8           0.800        12288          768
         768           16           0.865        24576         1536
         768           32           0.963        49152         3072
         768           64           1.171        98304         6144
         768          128           1.665       196608        12288
         768          256           2.564       393216        24576
         768          512           4.337       786432        49152
         768         1024           7.896      1572864        98304
         768         2048          15.106      3145728       196608
         768         4096          29.412      6291456       393216
         768         8192          57.910     12582912       786432
         768        16384         114.952     25165824      1572864
         768        32768         229.106     50331648      3145728
         768        65536         457.317    100663296      6291456
         832            1           0.784         1664          104
         832            2           0.774         3328          208
         832            4           0.772         6656          416
         832            8           0.798        13312          832
         832           16           0.855        26624         1664
         832           32           0.986        53248         3328
         832           64           1.266       106496         6656
         832          128           1.769       212992        13312
         832          256           2.773       425984        26624
         832          512           4.816       851968        53248
         832         1024           8.779      1703936       106496
         832         2048          16.941      3407872       212992
         832         4096          32.994      6815744       425984
         832         8192          65.088     13631488       851968
         832        16384         135.470     27262976      1703936
         832        32768         257.594     54525952      3407872
         832        65536         514.373    109051904      6815744
         896            1           0.762         1792          112
         896            2           0.785         3584          224
         896            4           0.765         7168          448
         896            8           0.807        14336          896
         896           16           0.870        28672         1792
         896           32           0.988        57344         3584
         896           64           1.248       114688         7168
         896          128           1.767       229376        14336
         896          256           2.776       458752        28672
         896          512           4.802       917504        57344
         896         1024           8.764      1835008       114688
         896         2048          16.886      3670016       229376
         896         4096          32.938      7340032       458752
         896         8192          65.071     14680064       917504
         896        16384         129.249     29360128      1835008
         896        32768         257.645     58720256      3670016
         896        65536         514.346    117440512      7340032
         960            1           0.738         1920          120
         960            2           0.760         3840          240
         960            4           0.802         7680          480
         960            8           0.798        15360          960
         960           16           0.882        30720         1920
         960           32           1.014        61440         3840
         960           64           1.323       122880         7680
         960          128           1.880       245760        15360
         960          256           2.994       491520        30720
         960          512           5.234       983040        61440
         960         1024           9.694      1966080       122880
         960         2048          18.715      3932160       245760
         960         4096          36.558      7864320       491520
         960         8192          72.225     15728640       983040
         960        16384         143.522     31457280      1966080
         960        32768         286.164     62914560      3932160
        1024            1           0.742         2048          128
        1024            2           0.765         4096          256
        1024            4           0.796         8192          512
        1024            8           0.817        16384         1024
        1024           16           0.877        32768         2048
        1024           32           1.017        65536         4096
        1024           64           1.284       131072         8192
        1024          128           1.836       262144        16384
        1024          256           3.001       524288        32768
        1024          512           5.210      1048576        65536
        1024         1024           9.663      2097152       131072
        1024         2048          18.663      4194304       262144
        1024         4096          36.513      8388608       524288
        1024         8192          72.162     16777216      1048576
        1024        16384         143.480     33554432      2097152
        1024        32768         286.112     67108864      4194304
        1088            1           0.747         2176          136
        1088            2           0.761         4352          272
        1088            4           0.777         8704          544
        1088            8           0.811        17408         1088
        1088           16           0.892        34816         2176
        1088           32           1.037        69632         4352
        1088           64           1.369       139264         8704
        1088          128           1.939       278528        17408
        1088          256           3.181       557056        34816
        1088          512           5.661      1114112        69632
        1088         1024          10.676      2228224       139264
        1088         2048          20.471      4456448       278528
        1088         4096          40.077      8912896       557056
        1088         8192          79.319     17825792      1114112
        1088        16384         157.761     35651584      2228224
        1088        32768         314.669     71303168      4456448
        1152            1           0.742         2304          144
        1152            2           0.747         4608          288
        1152            4           0.798         9216          576
        1152            8           0.821        18432         1152
        1152           16           0.891        36864         2304
        1152           32           1.093        73728         4608
        1152           64           1.370       147456         9216
        1152          128           1.953       294912        18432
        1152          256           3.228       589824        36864
        1152          512           5.727      1179648        73728
        1152         1024          10.678      2359296       147456
        1152         2048          20.640      4718592       294912
        1152         4096          40.074      9437184       589824
        1152         8192          79.290     18874368      1179648
        1152        16384         164.054     37748736      2359296
        1152        32768         314.630     75497472      4718592
        1216            1           0.756         2432          152
        1216            2           0.786         4864          304
        1216            4           0.798         9728          608
        1216            8           0.817        19456         1216
        1216           16           0.911        38912         2432
        1216           32           1.060        77824         4864
        1216           64           1.397       155648         9728
        1216          128           2.065       311296        19456
        1216          256           3.418       622592        38912
        1216          512           6.104      1245184        77824
        1216         1024          11.457      2490368       155648
        1216         2048          22.281      4980736       311296
        1216         4096          43.678      9961472       622592
        1216         8192          86.459     19922944      1245184
        1216        16384         172.044     39845888      2490368
        1216        32768         343.199     79691776      4980736
        1280            1           0.758         2560          160
        1280            2           0.764         5120          320
        1280            4           0.790        10240          640
        1280            8           0.823        20480         1280
        1280           16           0.902        40960         2560
        1280           32           1.070        81920         5120
        1280           64           1.416       163840        10240
        1280          128           2.093       327680        20480
        1280          256           3.437       655360        40960
        1280          512           6.125      1310720        81920
        1280         1024          11.571      2621440       163840
        1280         2048          22.266      5242880       327680
        1280         4096          43.660     10485760       655360
        1280         8192          86.437     20971520      1310720
        1280        16384         172.025     41943040      2621440
        1280        32768         343.218     83886080      5242880
        1408            1           0.754         2816          176
        1408            2           0.922         5632          352
        1408            4           0.830        11264          704
        1408            8           0.841        22528         1408
        1408           16           0.917        45056         2816
        1408           32           1.123        90112         5632
        1408           64           1.552       180224        11264
        1408          128           2.211       360448        22528
        1408          256           3.784       720896        45056
        1408          512           6.587      1441792        90112
        1408         1024          12.375      2883584       180224
        1408         2048          24.012      5767168       360448
        1408         4096          47.228     11534336       720896
        1408         8192          93.551     23068672      1441792
        1408        16384         186.271     46137344      2883584
        1408        32768         371.842     92274688      5767168
        1536            1           0.757         3072          192
        1536            2           0.777         6144          384
        1536            4           0.777        12288          768
        1536            8           0.826        24576         1536
        1536           16           0.923        49152         3072
        1536           32           1.146        98304         6144
        1536           64           1.529       196608        12288
        1536          128           2.302       393216        24576
        1536          256           3.916       786432        49152
        1536          512           7.034      1572864        98304
        1536         1024          13.309      3145728       196608
        1536         2048          25.794      6291456       393216
        1536         4096          50.854     12582912       786432
        1536         8192         100.710     25165824      1572864
        1536        16384         200.568     50331648      3145728
        1536        32768         400.231    100663296      6291456
        1664            1           0.746         3328          208
        1664            2           0.771         6656          416
        1664            4           0.832        13312          832
        1664            8           0.847        26624         1664
        1664           16           0.940        53248         3328
        1664           32           1.135       106496         6656
        1664           64           1.595       212992        13312
        1664          128           2.420       425984        26624
        1664          256           4.110       851968        53248
        1664          512           7.432      1703936       106496
        1664         1024          14.338      3407872       212992
        1664         2048          27.578      6815744       425984
        1664         4096          54.466     13631488       851968
        1664         8192         107.820     27262976      1703936
        1664        16384         214.922     54525952      3407872
        1664        32768         436.158    109051904      6815744
        1792            1           0.755         3584          224
        1792            2           0.783         7168          448
        1792            4           0.803        14336          896
        1792            8           0.858        28672         1792
        1792           16           0.957        57344         3584
        1792           32           1.167       114688         7168
        1792           64           1.612       229376        14336
        1792          128           2.497       458752        28672
        1792          256           4.345       917504        57344
        1792          512           7.872      1835008       114688
        1792         1024          15.105      3670016       229376
        1792         2048          29.369      7340032       458752
        1792         4096          57.885     14680064       917504
        1792         8192         114.949     29360128      1835008
        1792        16384         229.060     58720256      3670016
        1792        32768         457.269    117440512      7340032
        1920            1           0.781         3840          240
        1920            2           0.789         7680          480
        1920            4           0.834        15360          960
        1920            8           0.856        30720         1920
        1920           16           0.974        61440         3840
        1920           32           1.193       122880         7680
        1920           64           1.670       245760        15360
        1920          128           2.687       491520        30720
        1920          256           4.538       983040        61440
        1920          512           8.451      1966080       122880
        1920         1024          16.053      3932160       245760
        1920         2048          31.160      7864320       491520
        1920         4096          61.601     15728640       983040
        1920         8192         122.074     31457280      1966080
        1920        16384         243.313     62914560      3932160
        2112            1           1.120         4224          264
        2112            2           0.797         8448          528
        2112            4           0.836        16896         1056
        2112            8           0.865        33792         2112
        2112           16           0.997        67584         4224
        2112           32           1.243       135168         8448
        2112           64           1.781       270336        16896
        2112          128           2.828       540672        33792
        2112          256           4.975      1081344        67584
        2112          512           9.201      2162688       135168
        2112         1024          17.779      4325376       270336
        2112         2048          34.741      8650752       540672
        2112         4096          68.619     17301504      1081344
        2112         8192         136.371     34603008      2162688
        2112        16384         271.868     69206016      4325376
        2304            1           0.755         4608          288
        2304            2           0.801         9216          576
        2304            4           0.845        18432         1152
        2304            8           0.878        36864         2304
        2304           16           1.009        73728         4608
        2304           32           1.279       147456         9216
        2304           64           1.833       294912        18432
        2304          128           2.954       589824        36864
        2304          256           5.189      1179648        73728
        2304          512           9.757      2359296       147456
        2304         1024          18.706      4718592       294912
        2304         2048          36.483      9437184       589824
        2304         4096          72.136     18874368      1179648
        2304         8192         143.466     37748736      2359296
        2304        16384         286.089     75497472      4718592
        2496            1           0.771         4992          312
        2496            2           0.785         9984          624
        2496            4           0.838        19968         1248
        2496            8           0.893        39936         2496
        2496           16           1.037        79872         4992
        2496           32           1.333       159744         9984
        2496           64           1.935       319488        19968
        2496          128           3.098       638976        39936
        2496          256           6.259      1277952        79872
        2496          512          12.815      2555904       159744
        2496         1024          25.973      5111808       319488
        2496         2048          52.262     10223616       638976
        2496         4096         104.587     20447232      1277952
        2496         8192         209.497     40894464      2555904
        2496        16384         419.393     81788928      5111808
        2688            1           0.759         5376          336
        2688            2           0.814        10752          672
        2688            4           0.918        21504         1344
        2688            8           0.889        43008         2688
        2688           16           1.110        86016         5376
        2688           32           1.367       172032        10752
        2688           64           2.135       344064        21504
        2688          128           3.428       688128        43008
        2688          256           5.864      1376256        86016
        2688          512          10.994      2752512       172032
        2688         1024          26.727      5505024       344064
        2688         2048          41.952     11010048       688128
        2688         4096          82.896     22020096      1376256
        2688         8192         164.856     44040192      2752512
        2688        16384         328.944     88080384      5505024
        2944            1           0.777         5888          368
        2944            2           0.850        11776          736
        2944            4           0.851        23552         1472
        2944            8           0.919        47104         2944
        2944           16           1.094        94208         5888
        2944           32           1.423       188416        11776
        2944           64           2.115       376832        23552
        2944          128           3.619       753664        47104
        2944          256           6.397      1507328        94208
        2944          512          12.018      3014656       188416
        2944         1024          23.139      6029312       376832
        2944         2048          45.415     12058624       753664
        2944         4096          89.993     24117248      1507328
        2944         8192         179.318     48234496      3014656
        2944        16384         357.643     96468992      6029312
        3200            1           0.773         6400          400
        3200            2           0.956        12800          800
        3200            4           0.879        25600         1600
        3200            8           0.998        51200         3200
        3200           16           1.104       102400         6400
        3200           32           1.632       204800        12800
        3200           64           2.365       409600        25600
        3200          128           3.756       819200        51200
        3200          256           6.762      1638400       102400
        3200          512          12.909      3276800       204800
        3200         1024          24.946      6553600       409600
        3200         2048          48.999     13107200       819200
        3200         4096          97.172     26214400      1638400
        3200         8192         193.433     52428800      3276800
        3200        16384         385.936    104857600      6553600
        3520            1           0.801         7040          440
        3520            2           0.808        14080          880
        3520            4           0.867        28160         1760
        3520            8           0.956        56320         3520
        3520           16           1.251       112640         7040
        3520           32           1.573       225280        14080
        3520           64           2.390       450560        28160
        3520          128           4.092       901120        56320
        3520          256           7.645      1802240       112640
        3520          512          14.210      3604480       225280
        3520         1024          27.626      7208960       450560
        3520         2048          54.336     14417920       901120
        3520         4096         107.839     28835840      1802240
        3520         8192         214.807     57671680      3604480
        3520        16384         428.761    115343360      7208960
        3840            1           0.875         7680          480
        3840            2           0.793        15360          960
        3840            4           0.878        30720         1920
        3840            8           1.013        61440         3840
        3840           16           1.343       122880         7680
        3840           32           1.724       245760        15360
        3840           64           2.496       491520        30720
        3840          128           4.307       983040        61440
        3840          256           7.872      1966080       122880
        3840          512          15.153      3932160       245760
        3840         1024          29.363      7864320       491520
        3840         2048          58.104     15728640       983040
        3840         4096         114.931     31457280      1966080
        3840         8192         229.187     62914560      3932160
        4224            1           0.800         8448          528
        4224            2           0.844        16896         1056
        4224            4           0.876        33792         2112
        4224            8           1.007        67584         4224
        4224           16           1.305       135168         8448
        4224           32           1.905       270336        16896
        4224           64           3.125       540672        33792
        4224          128           5.543      1081344        67584
        4224          256          10.386      2162688       135168
        4224          512          20.159      4325376       270336
        4224         1024          39.553      8650752       540672
        4224         2048          78.273     17301504      1081344
        4224         4096         155.586     34603008      2162688
        4224         8192         313.509     69206016      4325376
        4608            1           0.767         9216          576
        4608            2           0.828        18432         1152
        4608            4           0.891        36864         2304
        4608            8           1.009        73728         4608
        4608           16           1.257       147456         9216
        4608           32           1.784       294912        18432
        4608           64           2.829       589824        36864
        4608          128           4.966      1179648        73728
        4608          256           9.198      2359296       147456
        4608          512          17.762      4718592       294912
        4608         1024          34.703      9437184       589824
        4608         2048          68.585     18874368      1179648
        4608         4096         136.336     37748736      2359296
        4608         8192         271.858     75497472      4718592
        5056            1           0.925        10112          632
        5056            2           0.841        20224         1264
        5056            4           0.908        40448         2528
        5056            8           1.020        80896         5056
        5056           16           1.303       161792        10112
        5056           32           1.883       323584        20224
        5056           64           3.064       647168        40448
        5056          128           5.411      1294336        80896
        5056          256          11.085      2588672       161792
        5056          512          21.870      5177344       323584
        5056         1024          43.990     10354688       647168
        5056         2048          88.188     20709376      1294336
        5056         4096         176.642     41418752      2588672
        5056         8192         353.495     82837504      5177344
        5504            1           0.792        11008          688
        5504            2           0.834        22016         1376
        5504            4           0.930        44032         2752
        5504            8           1.099        88064         5504
        5504           16           1.430       176128        11008
        5504           32           2.171       352256        22016
        5504           64           3.655       704512        44032
        5504          128           6.607      1409024        88064
        5504          256          12.503      2818048       176128
        5504          512          24.402      5636096       352256
        5504         1024          47.987     11272192       704512
        5504         2048          95.171     22544384      1409024
        5504         4096         189.541     45088768      2818048
        5504         8192         378.275     90177536      5636096
        6016            1           0.836        12032          752
        6016            2           0.824        24064         1504
        6016            4           0.920        48128         3008
        6016            8           1.104        96256         6016
        6016           16           1.500       192512        12032
        6016           32           2.151       385024        24064
        6016           64           3.830       770048        48128
        6016          128           6.960      1540096        96256
        6016          256          12.403      3080192       192512
        6016          512          25.738      6160384       385024
        6016         1024          50.670     12320768       770048
        6016         2048          99.939     24641536      1540096
        6016         4096         199.401     49283072      3080192
        6016         8192         399.685     98566144      6160384
        6592            1           0.810        13184          824
        6592            2           0.874        26368         1648
        6592            4           0.989        52736         3296
        6592            8           1.168       105472         6592
        6592           16           1.539       210944        13184
        6592           32           2.343       421888        26368
        6592           64           3.443       843776        52736
        6592          128           7.355      1687552       105472
        6592          256          13.784      3375104       210944
        6592          512          26.948      6750208       421888
        6592         1024          53.062     13500416       843776
        6592         2048         105.292     27000832      1687552
        6592         4096         209.762     54001664      3375104
        6592         8192         423.569    108003328      6750208
        7232            1           0.872        14464          904
        7232            2           0.878        28928         1808
        7232            4           0.947        57856         3616
        7232            8           1.216       115712         7232
        7232           16           1.653       231424        14464
        7232           32           2.471       462848        28928
        7232           64           4.313       925696        57856
        7232          128           7.824      1851392       115712
        7232          256          14.787      3702784       231424
        7232          512          28.709      7405568       462848
        7232         1024          55.883     14811136       925696
        7232         2048         112.428     29622272      1851392
        7232         4096         224.176     59244544      3702784
        7232         8192         447.338    118489088      7405568
        7936            1           0.795        15872          992
        7936            2           0.857        31744         1984
        7936            4           0.979        63488         3968
        7936            8           1.378       126976         7936
        7936           16           1.647       253952        15872
        7936           32           2.733       507904        31744
        7936           64           4.554      1015808        63488
        7936          128           8.317      2031616       126976
        7936          256          15.762      4063232       253952
        7936          512          30.692      8126464       507904
        7936         1024          60.619     16252928      1015808
        7936         2048         120.312     32505856      2031616
        7936         4096         239.925     65011712      4063232
        8704            1           0.797        17408         1088
        8704            2           0.900        34816         2176
        8704            4           1.013        69632         4352
        8704            8           1.236       139264         8704
        8704           16           1.718       278528        17408
        8704           32           2.722       557056        34816
        8704           64           4.753      1114112        69632
        8704          128           8.865      2228224       139264
        8704          256          16.742      4456448       278528
        8704          512          32.848      8912896       557056
        8704         1024          64.719     17825792      1114112
        8704         2048         128.626     35651584      2228224
        8704         4096         256.428     71303168      4456448
        9536            1           0.885        19072         1192
        9536            2           0.900        38144         2384
        9536            4           1.043        76288         4768
        9536            8           1.257       152576         9536
        9536           16           1.786       305152        19072
        9536           32           2.862       610304        38144
        9536           64           4.951      1220608        76288
        9536          128           9.234      2441216       152576
        9536          256          17.800      4882432       305152
        9536          512          34.766      9764864       610304
        9536         1024          68.741     19529728      1220608
        9536         2048         136.617     39059456      2441216
        9536         4096         272.450     78118912      4882432
       10432            1           0.800        20864         1304
       10432            2           0.872        41728         2608
       10432            4           1.006        83456         5216
       10432            8           1.304       166912        10432
       10432           16           1.855       333824        20864
       10432           32           2.983       667648        41728
       10432           64           5.241      1335296        83456
       10432          128           9.772      2670592       166912
       10432          256          18.808      5341184       333824
       10432          512          37.002     10682368       667648
       10432         1024          73.174     21364736      1335296
       10432         2048         145.546     42729472      2670592
       10432         4096         290.255     85458944      5341184
       11456            1           0.825        22912         1432
       11456            2           0.882        45824         2864
       11456            4           1.042        91648         5728
       11456            8           1.321       183296        11456
       11456           16           1.935       366592        22912
       11456           32           3.162       733184        45824
       11456           64           5.612      1466368        91648
       11456          128          10.512      2932736       183296
       11456          256          20.361      5865472       366592
       11456          512          39.862     11730944       733184
       11456         1024          78.904     23461888      1466368
       11456         2048         157.002     46923776      2932736
       11456         4096         313.176     93847552      5865472
       12544            1           0.824        25088         1568
       12544            2           0.900        50176         3136
       12544            4           1.089       100352         6272
       12544            8           1.376       200704        12544
       12544           16           2.032       401408        25088
       12544           32           3.339       802816        50176
       12544           64           5.967      1605632       100352
       12544          128          11.210      3211264       200704
       12544          256          21.687      6422528       401408
       12544          512          42.722     12845056       802816
       12544         1024          98.198     25690112      1605632
       12544         2048         168.420     51380224      3211264
       12544         4096         336.024    102760448      6422528
       13760            1           1.018        27520         1720
       13760            2           0.963        55040         3440
       13760            4           1.293       110080         6880
       13760            8           1.449       220160        13760
       13760           16           2.141       440320        27520
       13760           32           3.538       880640        55040
       13760           64           6.470      1761280       110080
       13760          128          11.928      3522560       220160
       13760          256          23.153      7045120       440320
       13760          512          45.696     14090240       880640
       13760         1024          90.568     28180480      1761280
       13760         2048         180.315     56360960      3522560
       13760         4096         359.800    112721920      7045120
       15104            1           0.834        30208         1888
       15104            2           0.918        60416         3776
       15104            4           1.109       120832         7552
       15104            8           1.488       241664        15104
       15104           16           2.245       483328        30208
       15104           32           3.767       966656        60416
       15104           64           6.808      1933312       120832
       15104          128          12.889      3866624       241664
       15104          256          25.029      7733248       483328
       15104          512          49.432     15466496       966656
       15104         1024          98.145     30932992      1933312
       15104         2048         195.182     61865984      3866624
       15104         4096         389.522    123731968      7733248
       16576            1           0.839        33152         2072
       16576            2           0.939        66304         4144
       16576            4           1.177       132608         8288
       16576            8           1.553       265216        16576
       16576           16           2.379       530432        33152
       16576           32           4.005      1060864        66304
       16576           64           7.269      2121728       132608
       16576          128          13.827      4243456       265216
       16576          256          27.030      8486912       530432
       16576          512          53.233     16973824      1060864
       16576         1024         105.649     33947648      2121728
       16576         2048         210.484     67895296      4243456
       18176            1           0.857        36352         2272
       18176            2           0.962        72704         4544
       18176            4           1.186       145408         9088
       18176            8           1.692       290816        18176
       18176           16           2.567       581632        36352
       18176           32           4.281      1163264        72704
       18176           64           7.809      2326528       145408
       18176          128          14.880      4653056       290816
       18176          256          29.048      9306112       581632
       18176          512          57.441     18612224      1163264
       18176         1024         114.184     37224448      2326528
       18176         2048         227.396     74448896      4653056
       19968            1           0.863        39936         2496
       19968            2           1.114        79872         4992
       19968            4           1.220       159744         9984
       19968            8           1.684       319488        19968
       19968           16           2.643       638976        39936
       19968           32           4.671      1277952        79872
       19968           64           8.417      2555904       159744
       19968          128          16.058      5111808       319488
       19968          256          31.517     10223616       638976
       19968          512          62.141     20447232      1277952
       19968         1024         123.418     40894464      2555904
       19968         2048         246.023     81788928      5111808
       21952            1           0.881        43904         2744
       21952            2           1.184        87808         5488
       21952            4           1.256       175616        10976
       21952            8           1.778       351232        21952
       21952           16           2.799       702464        43904
       21952           32           4.887      1404928        87808
       21952           64           9.027      2809856       175616
       21952          128          17.373      5619712       351232
       21952          256          34.021     11239424       702464
       21952          512          67.210     22478848      1404928
       21952         1024         133.608     44957696      2809856
       21952         2048         271.392     89915392      5619712
       24128            1           0.882        48256         3016
       24128            2           1.081        96512         6032
       24128            4           1.312       193024        12064
       24128            8           1.865       386048        24128
       24128           16           3.073       772096        48256
       24128           32           5.230      1544192        96512
       24128           64           9.737      3088384       193024
       24128          128          18.735      6176768       386048
       24128          256          36.837     12353536       772096
       24128          512          72.868     24707072      1544192
       24128         1024         144.899     49414144      3088384
       24128         2048         288.993     98828288      6176768
       26496            1           0.898        52992         3312
       26496            2           1.050       105984         6624
       26496            4           1.443       211968        13248
       26496            8           2.074       423936        26496
       26496           16           3.266       847872        52992
       26496           32           5.714      1695744       105984
       26496           64          10.571      3391488       211968
       26496          128          20.445      6782976       423936
       26496          256          39.904     13565952       847872
       26496          512          79.189     27131904      1695744
       26496         1024         157.489     54263808      3391488
       26496         2048         314.128    108527616      6782976
       29120            1           1.106        58240         3640
       29120            2           1.079       116480         7280
       29120            4           1.486       232960        14560
       29120            8           2.189       465920        29120
       29120           16           3.376       931840        58240
       29120           32           6.055      1863680       116480
       29120           64          11.412      3727360       232960
       29120          128          22.010      7454720       465920
       29120          256          43.437     14909440       931840
       29120          512          85.812     29818880      1863680
       29120         1024         170.815     59637760      3727360
       29120         2048         340.869    119275520      7454720
       32000            1           0.925        64000         4000
       32000            2           1.136       128000         8000
       32000            4           1.623       256000        16000
       32000            8           2.183       512000        32000
       32000           16           3.623      1024000        64000
       32000           32           6.577      2048000       128000
       32000           64          12.357      4096000       256000
       32000          128          23.921      8192000       512000
       32000          256          47.182     16384000      1024000
       32000          512          93.550     32768000      2048000
       32000         1024         186.293     65536000      4096000
       35200            1           1.062        70400         4400
       35200            2           1.129       140800         8800
       35200            4           1.532       281600        17600
       35200            8           2.316       563200        35200
       35200           16           3.910      1126400        70400
       35200           32           7.042      2252800       140800
       35200           64          13.376      4505600       281600
       35200          128          25.993      9011200       563200
       35200          256          51.340     18022400      1126400
       35200          512         101.855     36044800      2252800
       35200         1024         202.836     72089600      4505600
       38720            1           0.983        77440         4840
       38720            2           1.177       154880         9680
       38720            4           1.674       309760        19360
       38720            8           2.673       619520        38720
       38720           16           4.371      1239040        77440
       38720           32           7.634      2478080       154880
       38720           64          14.497      4956160       309760
       38720          128          28.268      9912320       619520
       38720          256          55.903     19824640      1239040
       38720          512         110.968     39649280      2478080
       38720         1024         221.266     79298560      4956160
       42560            1           1.018        85120         5320
       42560            2           1.359       170240        10640
       42560            4           1.733       340480        21280
       42560            8           2.754       680960        42560
       42560           16           4.487      1361920        85120
       42560           32           8.252      2723840       170240
       42560           64          15.828      5447680       340480
       42560          128          30.880     10895360       680960
       42560          256          60.982     21790720      1361920
       42560          512         121.146     43581440      2723840
       42560         1024         241.576     87162880      5447680
       46784            1           1.001        93568         5848
       46784            2           1.261       187136        11696
       46784            4           1.810       374272        23392
       46784            8           2.967       748544        46784
       46784           16           4.846      1497088        93568
       46784           32           9.140      2994176       187136
       46784           64          17.123      5988352       374272
       46784          128          36.887     11976704       748544
       46784          256          66.432     23953408      1497088
       46784          512         132.101     47906816      2994176
       46784         1024         263.014     95813632      5988352
       51456            1           1.037       102912         6432
       51456            2           1.317       205824        12864
       51456            4           1.879       411648        25728
       51456            8           2.994       823296        51456
       51456           16           5.272      1646592       102912
       51456           32           9.753      3293184       205824
       51456           64          18.686      6586368       411648
       51456          128          36.637     13172736       823296
       51456          256          72.771     26345472      1646592
       51456          512         144.367     52690944      3293184
       51456         1024         287.895    105381888      6586368
       56576            1           1.062       113152         7072
       56576            2           1.360       226304        14144
       56576            4           1.958       452608        28288
       56576            8           3.253       905216        56576
       56576           16           5.828      1810432       113152
       56576           32          10.556      3620864       226304
       56576           64          20.365      7241728       452608
       56576          128          40.072     14483456       905216
       56576          256          79.293     28966912      1810432
       56576          512         157.805     57933824      3620864
       56576         1024         314.636    115867648      7241728
       62208            1           1.185       124416         7776
       62208            2           1.599       248832        15552
       62208            4           2.187       497664        31104
       62208            8           3.450       995328        62208
       62208           16           6.297      1990656       124416
       62208           32          11.554      3981312       248832
       62208           64          22.282      7962624       497664
       62208          128          43.670     15925248       995328
       62208          256          86.701     31850496      1990656
       62208          512         172.640     63700992      3981312
       68416            1           1.214       136832         8552
       68416            2           1.502       273664        17104
       68416            4           2.279       547328        34208
       68416            8           3.690      1094656        68416
       68416           16           6.661      2189312       136832
       68416           32          12.565      4378624       273664
       68416           64          24.207      8757248       547328
       68416          128          47.756     17514496      1094656
       68416          256          94.621     35028992      2189312
       68416          512         188.584     70057984      4378624
       75200            1           1.183       150400         9400
       75200            2           1.732       300800        18800
       75200            4           2.488       601600        37600
       75200            8           4.132      1203200        75200
       75200           16           7.188      2406400       150400
       75200           32          13.619      4812800       300800
       75200           64          26.443      9625600       601600
       75200          128          52.168     19251200      1203200
       75200          256         103.397     38502400      2406400
       75200          512         206.206     77004800      4812800
       82688            1           1.207       165376        10336
       82688            2           1.654       330752        20672
       82688            4           2.586       661504        41344
       82688            8           4.329      1323008        82688
       82688           16           7.965      2646016       165376
       82688           32          14.827      5292032       330752
       82688           64          28.963     10584064       661504
       82688          128          57.144     21168128      1323008
       82688          256         113.443     42336256      2646016
       82688          512         226.038     84672512      5292032
       90944            1           1.294       181888        11368
       90944            2           1.740       363776        22736
       90944            4           2.796       727552        45472
       90944            8           4.608      1455104        90944
       90944           16           8.487      2910208       181888
       90944           32          16.190      5820416       363776
       90944           64          31.583     11640832       727552
       90944          128          62.400     23281664      1455104
       90944          256         124.147     46563328      2910208
       90944          512         247.437     93126656      5820416
      100032            1           1.306       200064        12504
      100032            2           1.846       400128        25008
      100032            4           3.031       800256        50016
      100032            8           4.993      1600512       100032
      100032           16           9.192      3201024       200064
      100032           32          17.651      6402048       400128
      100032           64          42.888     12804096       800256
      100032          128          68.328     25608192      1600512
      100032          256         135.853     51216384      3201024
      100032          512         271.090    102432768      6402048
      110016            1           1.375       220032        13752
      110016            2           1.938       440064        27504
      110016            4           3.082       880128        55008
      110016            8           5.437      1760256       110016
      110016           16          10.046      3520512       220032
      110016           32          19.287      7041024       440064
      110016           64          37.966     14082048       880128
      110016          128          74.839     28164096      1760256
      110016          256         148.901     56328192      3520512
      110016          512         297.321    112656384      7041024
      120960            1           1.238       241920        15120
      120960            2           2.157       483840        30240
      120960            4           3.343       967680        60480
      120960            8           5.851      1935360       120960
      120960           16          10.964      3870720       241920
      120960           32          21.133      7741440       483840
      120960           64          41.383     15482880       967680
      120960          128          82.019     30965760      1935360
      120960          256         163.282     61931520      3870720
      120960          512         325.898    123863040      7741440
      133056            1           1.755       266112        16632
      133056            2           2.181       532224        33264
      133056            4           3.601      1064448        66528
      133056            8           6.399      2128896       133056
      133056           16          11.931      4257792       266112
      133056           32          23.063      8515584       532224
      133056           64          45.474     17031168      1064448
      133056          128          89.897     34062336      2128896
      133056          256         179.026     68124672      4257792
      146304            1           1.763       292608        18288
      146304            2           2.300       585216        36576
      146304            4           3.851      1170432        73152
      146304            8           6.899      2340864       146304
      146304           16          12.992      4681728       292608
      146304           32          25.226      9363456       585216
      146304           64          49.825     18726912      1170432
      146304          128          98.596     37453824      2340864
      146304          256         196.522     74907648      4681728
      160896            1           1.961       321792        20112
      160896            2           2.479       643584        40224
      160896            4           4.154      1287168        80448
      160896            8           7.539      2574336       160896
      160896           16          14.206      5148672       321792
      160896           32          27.627     10297344       643584
      160896           64          54.640     20594688      1287168
      160896          128         108.157     41189376      2574336
      160896          256         215.627     82378752      5148672
      176960            1           2.075       353920        22120
      176960            2           2.706       707840        44240
      176960            4           4.718      1415680        88480
      176960            8           8.161      2831360       176960
      176960           16          15.516      5662720       353920
      176960           32          30.268     11325440       707840
      176960           64          59.733     22650880      1415680
      176960          128         118.636     45301760      2831360
      176960          256         236.507     90603520      5662720
      194624            1           2.093       389248        24328
      194624            2           2.840       778496        48656
      194624            4           4.893      1556992        97312
      194624            8           9.083      3113984       194624
      194624           16          16.976      6227968       389248
      194624           32          33.224     12455936       778496
      194624           64          65.554     24911872      1556992
      194624          128         130.145     49823744      3113984
      194624          256         264.174     99647488      6227968
      214080            1           2.361       428160        26760
      214080            2           3.059       856320        53520
      214080            4           5.271      1712640       107040
      214080            8           9.705      3425280       214080
      214080           16          18.581      6850560       428160
      214080           32          36.447     13701120       856320
      214080           64          72.009     27402240      1712640
      214080          128         142.979     54804480      3425280
      214080          256         285.230    109608960      6850560
      235456            1           2.363       470912        29432
      235456            2           3.286       941824        58864
      235456            4           5.910      1883648       117728
      235456            8          10.597      3767296       235456
      235456           16          20.540      7534592       470912
      235456           32          39.834     15069184       941824
      235456           64          78.850     30138368      1883648
      235456          128         156.834     60276736      3767296
      235456          256         312.919    120553472      7534592
      258944            1           2.433       517888        32368
      258944            2           3.591      1035776        64736
      258944            4           6.253      2071552       129472
      258944            8          11.609      4143104       258944
      258944           16          22.313      8286208       517888
      258944           32          43.740     16572416      1035776
      258944           64          86.592     33144832      2071552
      258944          128         172.279     66289664      4143104
      284800            1           3.310       569600        35600
      284800            2           4.012      1139200        71200
      284800            4           7.108      2278400       142400
      284800            8          13.390      4556800       284800
      284800           16          25.946      9113600       569600
      284800           32          51.923     18227200      1139200
      284800           64         104.128     36454400      2278400
      284800          128         208.738     72908800      4556800
      313280            1           3.213       626560        39160
      313280            2           4.396      1253120        78320
      313280            4           8.012      2506240       156640
      313280            8          15.268      5012480       313280
      313280           16          29.404     10024960       626560
      313280           32          58.595     20049920      1253120
      313280           64         116.046     40099840      2506240
      313280          128         232.251     80199680      5012480
      344576            1           3.834       689152        43072
      344576            2           4.793      1378304        86144
      344576            4           8.773      2756608       172288
      344576            8          16.828      5513216       344576
      344576           16          32.525     11026432       689152
      344576           32          64.548     22052864      1378304
      344576           64         127.757     44105728      2756608
      344576          128         255.482     88211456      5513216
      379008            1           4.055       758016        47376
      379008            2           5.157      1516032        94752
      379008            4           9.541      3032064       189504
      379008            8          17.952      6064128       379008
      379008           16          35.794     12128256       758016
      379008           32          70.368     24256512      1516032
      379008           64         140.509     48513024      3032064
      379008          128         280.697     97026048      6064128
      416896            1           4.828       833792        52112
      416896            2           5.603      1667584       104224
      416896            4          10.411      3335168       208448
      416896            8          19.997      6670336       416896
      416896           16          39.289     13340672       833792
      416896           32          77.229     26681344      1667584
      416896           64         157.803     53362688      3335168
      416896          128         308.320    106725376      6670336
      458560            1           5.132       917120        57320
      458560            2           6.104      1834240       114640
      458560            4          11.457      3668480       229280
      458560            8          22.043      7336960       458560
      458560           16          42.974     14673920       917120
      458560           32          85.064     29347840      1834240
      458560           64         169.559     58695680      3668480
      458560          128         338.752    117391360      7336960
      504384            1           5.493      1008768        63048
      504384            2           6.615      2017536       126096
      504384            4          12.448      4035072       252192
      504384            8          23.997      8070144       504384
      504384           16          47.181     16140288      1008768
      504384           32          93.701     32280576      2017536
      504384           64         186.381     64561152      4035072
      554816            1           6.336      1109632        69352
      554816            2           7.204      2219264       138704
      554816            4          13.633      4438528       277408
      554816            8          26.460      8877056       554816
      554816           16          51.925     17754112      1109632
      554816           32         102.539     35508224      2219264
      554816           64         205.223     71016448      4438528
      610240            1           7.374      1220480        76280
      610240            2           7.938      2440960       152560
      610240            4          14.843      4881920       305120
      610240            8          28.859      9763840       610240
      610240           16          57.078     19527680      1220480
      610240           32         112.877     39055360      2440960
      610240           64         225.339     78110720      4881920
      671232            1           7.380      1342464        83904
      671232            2           8.766      2684928       167808
      671232            4          16.278      5369856       335616
      671232            8          31.714     10739712       671232
      671232           16          62.549     21479424      1342464
      671232           32         123.808     42958848      2684928
      671232           64         247.707     85917696      5369856
      738304            1           8.377      1476608        92288
      738304            2           9.363      2953216       184576
      738304            4          17.769      5906432       369152
      738304            8          34.826     11812864       738304
      738304           16          68.871     23625728      1476608
      738304           32         136.649     47251456      2953216
      738304           64         272.546     94502912      5906432
      812096            1           9.711      1624192       101512
      812096            2          10.163      3248384       203024
      812096            4          19.514      6496768       406048
      812096            8          38.140     12993536       812096
      812096           16          75.546     25987072      1624192
      812096           32         150.487     51974144      3248384
      812096           64         307.229    103948288      6496768
      893248            1          10.587      1786496       111656
      893248            2          11.107      3572992       223312
      893248            4          21.382      7145984       446624
      893248            8          41.917     14291968       893248
      893248           16          82.975     28583936      1786496
      893248           32         165.070     57167872      3572992
      893248           64         329.433    114335744      7145984
      982528            1          11.622      1965056       122816
      982528            2          12.097      3930112       245632
      982528            4          23.426      7860224       491264
      982528            8          46.045     15720448       982528
      982528           16          91.143     31440896      1965056
      982528           32         181.601     62881792      3930112
     1080768            1          12.819      2161536       135096
     1080768            2          13.279      4323072       270192
     1080768            4          25.310      8646144       540384
     1080768            8          50.845     17292288      1080768
     1080768           16         101.504     34584576      2161536
     1080768           32         202.974     69169152      4323072
     1188800            1          14.357      2377600       148600
     1188800            2          14.920      4755200       297200
     1188800            4          29.997      9510400       594400
     1188800            8          60.406     19020800      1188800
     1188800           16         120.463     38041600      2377600
     1188800           32         241.856     76083200      4755200
     1307648            1          15.245      2615296       163456
     1307648            2          16.348      5230592       326912
     1307648            4          32.552     10461184       653824
     1307648            8          65.417     20922368      1307648
     1307648           16         131.407     41844736      2615296
     1307648           32         263.196     83689472      5230592
     1438400            1          16.805      2876800       179800
     1438400            2          18.010      5753600       359600
     1438400            4          36.095     11507200       719200
     1438400            8          72.461     23014400      1438400
     1438400           16         145.042     46028800      2876800
     1438400           32         290.426     92057600      5753600
     1582208            1          18.704      3164416       197776
     1582208            2          19.869      6328832       395552
     1582208            4          39.711     12657664       791104
     1582208            8          79.382     25315328      1582208
     1582208           16         159.113     50630656      3164416
     1582208           32         318.291    101261312      6328832
     1740416            1          20.090      3480832       217552
     1740416            2          22.061      6961664       435104
     1740416            4          44.613     13923328       870208
     1740416            8          89.157     27846656      1740416
     1740416           16         182.309     55693312      3480832
     1740416           32         357.839    111386624      6961664
     1914432            1          23.008      3828864       239304
     1914432            2          27.409      7657728       478608
     1914432            4          53.961     15315456       957216
     1914432            8         107.084     30630912      1914432
     1914432           16         213.520     61261824      3828864
     1914432           32         425.165    122523648      7657728
     2105856            1          25.580      4211712       263232
     2105856            2          31.467      8423424       526464
     2105856            4          62.003     16846848      1052928
     2105856            8         123.161     33693696      2105856
     2105856           16         244.866     67387392      4211712
     2316416            1          29.055      4632832       289552
     2316416            2          34.378      9265664       579104
     2316416            4          69.388     18531328      1158208
     2316416            8         138.414     37062656      2316416
     2316416           16         276.999     74125312      4632832
     2548032            1          31.803      5096064       318504
     2548032            2          40.130     10192128       637008
     2548032            4         112.971     20384256      1274016
     2548032            8         162.541     40768512      2548032
     2548032           16         324.771     81537024      5096064
     2802816            1          35.970      5605632       350352
     2802816            2          44.810     11211264       700704
     2802816            4          90.126     22422528      1401408
     2802816            8         180.542     44845056      2802816
     2802816           16         361.330     89690112      5605632
     3083072            1          40.368      6166144       385384
     3083072            2          49.601     12332288       770768
     3083072            4         108.330     24664576      1541536
     3083072            8         199.791     49329152      3083072
     3083072           16         399.719     98658304      6166144
     3391360            1          46.100      6782720       423920
     3391360            2          55.724     13565440       847840
     3391360            4         109.678     27130880      1695680
     3391360            8         219.563     54261760      3391360
     3391360           16         439.111    108523520      6782720
     3730496            1          50.747      7460992       466312
     3730496            2          61.303     14921984       932624
     3730496            4         121.678     29843968      1865248
     3730496            8         242.996     59687936      3730496
     3730496           16         484.925    119375872      7460992
     4103488            1          56.790      8206976       512936
     4103488            2          67.488     16413952      1025872
     4103488            4         134.185     32827904      2051744
     4103488            8         267.171     65655808      4103488
     4513792            1          61.846      9027584       564224
     4513792            2          74.145     18055168      1128448
     4513792            4         147.304     36110336      2256896
     4513792            8         294.071     72220672      4513792
     4965120            1          69.224      9930240       620640
     4965120            2          81.590     19860480      1241280
     4965120            4         162.202     39720960      2482560
     4965120            8         326.774     79441920      4965120
     5461632            1          75.439     10923264       682704
     5461632            2          89.355     21846528      1365408
     5461632            4         178.283     43693056      2730816
     5461632            8         355.746     87386112      5461632
     6007744            1          83.546     12015488       750968
     6007744            2          98.505     24030976      1501936
     6007744            4         196.477     48061952      3003872
     6007744            8         391.301     96123904      6007744
     6608512            1          91.239     13217024       826064
     6608512            2         108.051     26434048      1652128
     6608512            4         215.458     52868096      3304256
     6608512            8         429.458    105736192      6608512
     7269312            1         100.231     14538624       908664
     7269312            2         118.846     29077248      1817328
     7269312            4         236.867     58154496      3634656
     7269312            8         472.523    116308992      7269312
     7996224            1         110.979     15992448       999528
     7996224            2         130.368     31984896      1999056
     7996224            4         268.361     63969792      3998112
     8795840            1         123.167     17591680      1099480
     8795840            2         143.485     35183360      2198960
     8795840            4         285.862     70366720      4397920
     9675392            1         135.400     19350784      1209424
     9675392            2         157.830     38701568      2418848
     9675392            4         314.450     77403136      4837696
    10642880            1         149.448     21285760      1330360
    10642880            2         174.199     42571520      2660720
    10642880            4         346.478     85143040      5321440
    11707136            1         164.676     23414272      1463392
    11707136            2         191.227     46828544      2926784
    11707136            4         381.405     93657088      5853568
    12877824            1         180.755     25755648      1609728
    12877824            2         210.597     51511296      3219456
    12877824            4         420.443    103022592      6438912
    14165568            1         200.122     28331136      1770696
    14165568            2         233.538     56662272      3541392
    14165568            4         477.119    113324544      7082784
    15582080            1         221.312     31164160      1947760
    15582080            2         264.956     62328320      3895520
    15582080            4         526.250    124656640      7791040
    17140288            1         245.412     34280576      2142536
    17140288            2         342.916     68561152      4285072
    18854272            1         291.535     37708544      2356784
    18854272            2         522.774     75417088      4713568
    20739648            1         401.040     41479296      2592456
    20739648            2         955.839     82958592      5184912
    22813568            1         651.310     45627136      2851696
    22813568            2        1605.478     91254272      5703392
    25094912            1         995.434     50189824      3136864
    25094912            2        2518.682    100379648      6273728
    27604352            1        1461.876     55208704      3450544
    27604352            2        3434.718    110417408      6901088
    30364736            1        1943.669     60729472      3795592
    30364736            2        4275.844    121458944      7591184
    33401152            1        2354.992     66802304      4175144
    36741248            1        2777.645     73482496      4592656
    40415360            1        3138.154     80830720      5051920
    44456896            1        3501.387     88913792      5557112
    48902528            1        3870.412     97805056      6112816
    53792768            1        4246.891    107585536      6724096
    59172032            1        4681.184    118344064      7396504

META_DATA
MPI_PROCS      1
OPENMP_THREADS 8
FLOPS          1
ERT_VERSION  1.0.0
TIMESTAMP_DATA  1594852871.34
HOSTNAME  ('apollo-PowerEdge-R430', [], ['127.0.1.1'])
UNAME  ('Linux', 'apollo-PowerEdge-R430', '4.19.129-0419129-generic', '#202006220433 SMP Mon Jun 22 09:12:54 UTC 2020', 'x86_64', 'x86_64')
CONFIG  {'ERT_WORKING_SET_MIN': ['1'], 'ERT_CFLAGS': ['-O3'], 'ERT_CC': ['gcc'], 'ERT_MPI_CFLAGS': [], 'ERT_MPI_LDFLAGS': [], 'ERT_MEMORY_MAX': ['62497788'], 'ERT_PROCS_THREADS': ['8'], 'ERT_LDFLAGS': [], 'ERT_LDLIBS': [], 'ERT_SPEC_GBYTES_DRAM': ['1.0'], 'ERT_RUN': ['export', 'KMP_AFFINITY=scatter;', 'export', 'OMP_NUM_THREADS=ERT_OPENMP_THREADS;', 'ERT_CODE'], 'ERT_FLOPS': ['1,2,4,8,16'], 'ERT_OPENMP_CFLAGS': ['-fopenmp'], 'ERT_SPEC_GFLOPS': ['1.0'], 'ERT_MPI': ['False'], 'ERT_TRIALS_MIN': ['1'], 'ERT_DRIVER': ['driver1'], 'ERT_RESULTS': ['Results.x86'], 'ERT_OPENMP': ['True'], 'ERT_MPI_PROCS': ['1'], 'ERT_KERNEL': ['kernel1'], 'ERT_OPENMP_THREADS': ['1-32'], 'ERT_LD': ['gcc'], 'ERT_NUM_EXPERIMENTS': ['6'], 'ERT_OPENMP_LDFLAGS': ['-fopenmp'], 'ERT_ALIGN': ['32'], 'ERT_GNUPLOT': ['gnuplot']}
