8 4194304 75623.525 75648.133 75959.272 0.883484823288 0.887118575682 0.887407245298 0.883484823288 0.887118575682 0.887407245298
16 2097152 37809.189 37836.08 37877.249 1.77174598926 1.77367380553 1.77493529417 1.77174598926 1.77367380553 1.77493529417
24 2097152 37810.867 37827.516 37856.104 2.65910343019 2.6611130374 2.66228478707 2.65910343019 2.6611130374 2.66228478707
32 1048576 18904.801 18906.778 18923.946 3.54624051453 3.54946062201 3.54983181256 3.54624051453 3.54946062201 3.54983181256
40 1048576 18904.891 18907.042 18919.112 4.43393326283 4.43676382588 4.43726864122 4.43393326283 4.43676382588 4.43726864122
48 1048576 18904.786 18905.217 18926.609 5.3186123304 5.32463055039 5.32475194377 5.3186123304 5.32463055039 5.32475194377
56 1048576 18998.312 18998.57 19018.436 6.17508779376 6.18154482153 6.18162876786 6.17508779376 6.18154482153 6.18162876786
64 524288 9521.877 9525.535 9545.263 7.03059349962 7.04515431417 7.04786083668 7.03059349962 7.04515431417 7.04786083668
72 524288 10054.533 10059.616 10070.693 7.49675042224 7.50500536005 7.50879946388 7.49675042224 7.50500536005 7.50879946388
80 524288 10043.974 10046.304 10092.468 8.31175090176 8.34994441737 8.35188143657 8.31175090176 8.34994441737 8.35188143657
88 524288 11433.065 11435.462 11449.702 8.05913446481 8.06917009562 8.07086183801 8.05913446481 8.06917009562 8.07086183801
96 524288 11260.509 11262.416 11262.755 8.93771515051 8.93798417675 8.93949785041 8.93771515051 8.93798417675 8.93949785041
104 524288 13219.115 13332.635 13350.849 8.16816248914 8.17932119195 8.24956163858 8.16816248914 8.17932119195 8.24956163858
112 524288 13288.596 13289.523 13309.256 8.82397272996 8.83707504024 8.83769150631 8.82397272996 8.83707504024 8.83769150631
120 262144 7587.357 7587.715 7588.089 8.29122589363 8.29163456983 8.29202580029 8.29122589363 8.29163456983 8.29202580029
128 262144 7452.574 7454.047 7471.496 8.98198486622 9.00301057935 9.00479002288 8.98198486622 9.00301057935 9.00479002288
136 262144 8293.575 8543.804 8544.039 8.34537014637 8.34559968838 8.59739834752 8.34537014637 8.34559968838 8.59739834752
144 262144 8517.259 8518.554 8520.375 8.86081563311 8.86270979793 8.86405732173 8.86081563311 8.86270979793 8.86405732173
152 262144 9453.016 9453.318 9457.869 8.42597587258 8.43003229131 8.43030160956 8.42597587258 8.43003229131 8.43030160956
160 262144 9286.286 9286.615 9286.819 9.0328109119 9.03300933656 9.03332936332 9.0328109119 9.03300933656 9.03332936332
176 262144 10384.897 10387.574 10414.099 8.86055413915 8.88317984546 8.88546973552 8.86055413915 8.88317984546 8.88546973552
192 262144 11114.719 11116.414 11150.819 9.02743520454 9.05537487179 9.05675582082 9.02743520454 9.05537487179 9.05675582082
208 262144 12260.562 12261.256 12280.141 8.88034624358 8.8940239075 8.89452734712 8.88034624358 8.8940239075 8.89452734712
224 262144 12943.835 12946.031 12990.929 9.04019350733 9.07154571158 9.07308475425 9.04019350733 9.07154571158 9.07308475425
240 131072 7064.916 7065.165 7110.87 8.84765999097 8.904896064 8.90520991332 8.84765999097 8.904896064 8.90520991332
264 131072 8009.354 8009.594 8029.752 8.6186990582 8.64039001228 8.64064892125 8.6186990582 8.64039001228 8.64064892125
288 131072 8297.647 8298.034 8298.273 9.09797400013 9.09823604001 9.09866037926 9.09797400013 9.09823604001 9.09866037926
312 131072 9401.496 9403.353 9405.324 8.69602450697 8.69784724662 8.69956526068 8.69602450697 8.69784724662 8.69956526068
336 131072 9870.814 9871.034 9886.704 8.90897350624 8.92311626117 8.92331513895 8.90897350624 8.92311626117 8.92331513895
368 131072 10803.902 10805.971 10806.981 8.92654405518 8.92737839108 8.92908802764 8.92654405518 8.92737839108 8.92908802764
400 131072 11739.802 11740.46 11743.717 8.92882551581 8.93130252137 8.93180310877 8.92882551581 8.93130252137 8.93180310877
440 131072 13141.752 13144.321 13163.303 8.76249372973 8.77514783761 8.77686323711 8.76249372973 8.77514783761 8.77686323711
480 65536 6886.928 6888.932 6908.712 9.10655415944 9.13270155664 9.13535904543 9.10655415944 9.13270155664 9.13535904543
528 65536 7933.419 7941.041 7952.735 8.70216548144 8.71498031555 8.7233531974 8.70216548144 8.71498031555 8.7233531974
576 65536 8560.985 8585.485 8621.531 8.75685211826 8.79361759994 8.81878335262 8.75685211826 8.79361759994 8.81878335262
632 65536 9484.01 9504.002 9562.472 8.66277088184 8.71606550588 8.73443870262 8.66277088184 8.71606550588 8.73443870262
688 65536 10221.965 10266.018 10273.825 8.77740627274 8.78408122799 8.82193746506 8.77740627274 8.78408122799 8.82193746506
752 65536 11208.667 11209.664 11212.642 8.79062615216 8.79296150179 8.79374362714 8.79062615216 8.79296150179 8.79374362714
824 65536 12360.94 12361.669 13669.46 7.90106763544 8.73695356185 8.73746883328 7.90106763544 8.73695356185 8.73746883328
904 65536 13509.229 13525.764 13540.626 8.75063590118 8.76025102907 8.7709733842 8.75063590118 8.76025102907 8.7709733842
992 32768 7359.936 7361.645 7362.066 8.83063422686 8.83113923586 8.83318985382 8.83063422686 8.83113923586 8.83318985382
1088 32768 8058.787 8062.615 8082.491 8.82192977388 8.84367764057 8.84787847104 8.82192977388 8.84367764057 8.84787847104
1192 32768 8858.839 8859.252 8882.602 8.79459779916 8.81777739249 8.8181884782 8.79459779916 8.81777739249 8.8181884782
1304 32768 9685.01 9687.409 9689.742 8.81952728979 8.82165127951 8.8238364235 8.81952728979 8.82165127951 8.8238364235
1432 32768 10623.795 10624.106 10669.559 8.79582295763 8.83345403369 8.83371262341 8.79582295763 8.83345403369 8.83371262341
1568 32768 11567.657 11569.827 11615.076 8.84716105172 8.88176184484 8.88342799238 8.84716105172 8.88176184484 8.88342799238
1720 32768 12726.429 12732.37 12747.609 8.84259314825 8.85317658849 8.85730946207 8.84259314825 8.85317658849 8.85730946207
1888 32768 13905.249 13910.356 13949.933 8.86971772553 8.89495337143 8.89822023324 8.86971772553 8.89495337143 8.89822023324
2072 16384 7648.254 7648.946 7694.343 8.82405372363 8.87642506562 8.87722818829 8.82405372363 8.87642506562 8.87722818829
2272 16384 8355.253 8356.371 8358.583 8.90688002978 8.90923775404 8.91042988166 8.90688002978 8.90923775404 8.91042988166
2496 16384 9173.798 9175.685 9194.104 8.89580191827 8.91365908921 8.91549258006 8.89580191827 8.91365908921 8.91549258006
2744 16384 10102.793 10104.991 10105.291 8.8978528179 8.89811698002 8.90005288637 8.8978528179 8.89811698002 8.90005288637
3016 16384 11085.801 11090.107 11092.884 8.90916086385 8.91139174762 8.91485315315 8.90916086385 8.91139174762 8.91485315315
3312 16384 12152.881 12165.446 12172.445 8.91584361236 8.92097305763 8.93019655175 8.91584361236 8.92097305763 8.93019655175
3640 16384 13375.313 13375.917 13377.815 8.91591937846 8.91718451901 8.91758719964 8.91591937846 8.91718451901 8.91758719964
4000 8192 7334.175 7334.459 7334.524 8.93527650874 8.93535569563 8.93570169787 8.93527650874 8.93535569563 8.93570169787
4400 8192 8063.681 8064.456 8082.286 8.91945669827 8.9391770505 8.94003619439 8.91945669827 8.9391770505 8.94003619439
4840 8192 8877.445 8877.879 8898.395 8.91155764607 8.93215147447 8.93258814896 8.91155764607 8.93215147447 8.93258814896
5320 8192 9753.481 9753.654 9755.391 8.93484228362 8.93643346381 8.93659197163 8.93484228362 8.93643346381 8.93659197163
5848 8192 10719.298 10722.106 10740.68 8.92062997874 8.93608326573 8.93842413934 8.92062997874 8.93608326573 8.93842413934
6432 8192 11774.063 11776.162 11786.596 8.94082464522 8.94874645916 8.95034178091 8.94082464522 8.94874645916 8.95034178091
7072 8192 12943.73 12946.378 12993.871 8.91710006972 8.94981190878 8.95164284175 8.91710006972 8.94981190878 8.95164284175
7776 4096 7114.069 7116.025 7128.369 8.93626466307 8.95176618969 8.95422746111 8.93626466307 8.95176618969 8.95422746111
8552 4096 7828.568 7829.45 7837.08 8.9392967789 8.94800835308 8.94901647402 8.9392967789 8.94800835308 8.94901647402
9400 4096 8604.21 8606.86 8670.93 8.88080056003 8.94690979056 8.94966533825 8.88080056003 8.94690979056 8.94966533825
10336 4096 9452.349 9454.773 9523.57 8.89083736456 8.95553092602 8.95782751991 8.89083736456 8.95553092602 8.95782751991
11368 4096 10399.063 10401.514 10420.511 8.93686077391 8.95318277705 8.9552929913 8.93686077391 8.95318277705 8.9552929913
12504 4096 11436.973 11439.152 11458.803 8.93922061493 8.95457705256 8.95628310043 8.93922061493 8.95457705256 8.95628310043
13752 4096 12577.87 12587.929 12622.908 8.9247567993 8.94955667449 8.95671397462 8.9247567993 8.94955667449 8.95671397462
15120 4096 13820.713 13822.695 13841.915 8.94840345429 8.96084591319 8.96213096965 8.94840345429 8.96084591319 8.96213096965
16632 2048 7602.964 7604.905 7619.27 8.94110223158 8.95799119121 8.96027812311 8.94110223158 8.95799119121 8.96027812311
18288 2048 8357.462 8357.993 8380.855 8.9379482165 8.96239659449 8.96296602964 8.9379482165 8.96239659449 8.96296602964
20112 2048 9189.473 9191.976 9209.225 8.94524262356 8.96202862148 8.96446967089 8.94524262356 8.96202862148 8.96446967089
22120 2048 10108.667 10108.853 10111.354 8.96057244163 8.9627893491 8.96295426489 8.96057244163 8.9627893491 8.96295426489
24328 2048 11118.926 11121.47 11140.461 8.94464672512 8.95992058604 8.96197060759 8.94464672512 8.95992058604 8.96197060759
26760 2048 12228.858 12229.732 12310.28 8.90385596428 8.96249893293 8.96313948531 8.90385596428 8.96249893293 8.96313948531
29432 2048 13449.155 13451.329 13455.454 8.95945034631 8.96219786164 8.96364656367 8.95945034631 8.96219786164 8.96364656367
32368 1024 7392.325 7394.492 7395.058 8.96404923396 8.9647353733 8.96736331262 8.96404923396 8.9647353733 8.96736331262
35600 1024 8134.762 8415.504 8433.953 8.64467705713 8.6636284648 8.96262238526 8.64467705713 8.6636284648 8.96262238526
39160 1024 8950.873 9375.638 9384.486 8.5459853635 8.55405040169 8.95998412669 8.5459853635 8.55405040169 8.95998412669
43072 1024 9843.047 10308.572 10310.444 8.55554387377 8.55709753009 8.96180379917 8.55554387377 8.55709753009 8.96180379917
47376 1024 10824.154 11338.992 11358.754 8.541962261 8.55684949773 8.96384585807 8.541962261 8.55684949773 8.96384585807
52112 1024 11904.091 12471.852 12473.758 8.55599218776 8.55729974987 8.96543684016 8.55599218776 8.55729974987 8.96543684016
57320 1024 13096.767 13718.886 13739.351 8.54417068172 8.55691635604 8.96338462767 8.54417068172 8.55691635604 8.96338462767
63048 512 7202.116 7544.934 7566.703 8.53226986707 8.55688757516 8.96419219018 8.53226986707 8.55688757516 8.96419219018
69352 512 7921.16 8299.173 8299.623 8.55658720884 8.55705116642 8.9654101167 8.55658720884 8.55705116642 8.9654101167
76280 512 8713.058 9130.222 9149.933 8.53675321994 8.55518299555 8.9647882523 8.53675321994 8.55518299555 8.9647882523
83904 512 9582.939 10040.033 10040.433 8.55717039295 8.55751131495 8.96569371881 8.55717039295 8.55751131495 8.96569371881
92288 512 10541.127 11040.484 11062.811 8.54239596066 8.55967111587 8.96516207423 8.54239596066 8.55967111587 8.96516207423
101512 512 11592.4 12146.165 12159.766 8.54854345059 8.5581159156 8.96693419827 8.54854345059 8.5581159156 8.96693419827
111656 512 12763.035 13358.465 13381.099 8.54457051697 8.55904806428 8.95835073711 8.54457051697 8.55904806428 8.95835073711
122816 256 7012.719 7347.017 7347.915 8.55777346363 8.55881945013 8.96682043014 8.55777346363 8.55881945013 8.96682043014
135096 256 7712.809 8082.206 8086.456 8.55370411958 8.55820205523 8.96808828016 8.55370411958 8.55820205523 8.96808828016
148600 256 8484.336 8889.732 8914.73 8.53454899924 8.5585482217 8.96749020784 8.53454899924 8.5585482217 8.96749020784
163456 256 9331.978 9777.813 9846.23 8.49964626055 8.55911971317 8.96803142914 8.49964626055 8.55911971317 8.96803142914
179800 256 10264.09 10758.535 10801.978 8.52229101004 8.55670404939 8.96890031167 8.52229101004 8.55670404939 8.96890031167
197776 256 11298.739 11840.334 11863.366 8.53563078135 8.55223442177 8.96217816873 8.53563078135 8.55223442177 8.96217816873
217552 256 12421.207 13028.694 13073.258 8.5201886171 8.54933149861 8.9674557392 8.5201886171 8.54933149861 8.9674557392
239304 256 13664.986 14357.708 14396.057 8.51091712126 8.53364952122 8.96624760538 8.51091712126 8.53364952122 8.96624760538
263232 128 7518.11 7919.546 7949.828 8.47658490221 8.50899685411 8.96334211657 8.47658490221 8.50899685411 8.96334211657
289552 128 8268.267 8744.073 8793.097 8.4299436251 8.47720644601 8.96503608314 8.4299436251 8.47720644601 8.96503608314
318504 128 9094.64 9650.806 9663.373 8.43773949324 8.44872687318 8.96539324261 8.43773949324 8.44872687318 8.96539324261
350352 128 10002.356 10639.265 10670.844 8.40515633065 8.43010414723 8.96689859869 8.40515633065 8.43010414723 8.96689859869
385384 128 11004.271 11724.234 11742.499 8.40181497993 8.41490403552 8.96545568534 8.40181497993 8.41490403552 8.96545568534
423920 128 12103.638 12895.79 12898.783 8.41346970486 8.41542239754 8.9661901653 8.41346970486 8.41542239754 8.9661901653
466312 128 13315.536 14184.229 14229.694 8.38920865059 8.41609875306 8.96515709169 8.38920865059 8.41609875306 8.96515709169
512936 64 7320.582 7804.412 7805.118 8.4118917869 8.41265274053 8.96865959564 8.4118917869 8.41265274053 8.96865959564
564224 64 8055.097 8583.296 8584.106 8.41330151329 8.41409547102 8.96583517244 8.41330151329 8.41409547102 8.96583517244
620640 64 8859.367 9443.21 9493.077 8.36840573399 8.41259698768 8.96699730353 8.36840573399 8.41259698768 8.96699730353
682704 64 9744.351 10387.943 10398.249 8.40392569941 8.4122633326 8.96787400208 8.40392569941 8.4122633326 8.96787400208
750968 64 10720.809 11426.346 11462.917 8.38564075793 8.41247972011 8.96610544969 8.38564075793 8.41247972011 8.96610544969
826064 64 11791.744 12564.495 12567.984 8.41313865454 8.41547487583 8.96696807529 8.41313865454 8.41547487583 8.96696807529
908664 64 12970.295 13822.821 13825.361 8.412727306 8.41427317911 8.967335901 8.412727306 8.41427317911 8.967335901
999528 32 7132.225 7603.551 7605.248 8.41126969167 8.41314696252 8.96912141723 8.41126969167 8.41314696252 8.96912141723
1099480 32 7847.473 8365.874 8406.126 8.37088570883 8.41116182242 8.96679988577 8.37088570883 8.41116182242 8.96679988577
1209424 32 8631.484 9196.127 9237.994 8.37878180046 8.41692769141 8.96753513069 8.37878180046 8.41692769141 8.96753513069
1330360 32 9494.415 10117.041 10122.526 8.41124438702 8.4158045816 8.96769732522 8.41124438702 8.4158045816 8.96769732522
1463392 32 10442.843 11132.126 11172.024 8.38317998601 8.4132256498 8.96854314481 8.38317998601 8.4132256498 8.96854314481
1609728 32 11488.413 12241.197 12248.652 8.41093305614 8.41605539066 8.96752162374 8.41093305614 8.41605539066 8.96752162374
1770696 32 12637.296 13466.621 13520.853 8.38146409846 8.41521744764 8.96746772411 8.38146409846 8.41521744764 8.96746772411
1947760 32 13899.001 14809.668 14813.561 8.41503538548 8.41724743593 8.96874818557 8.41503538548 8.41724743593 8.96874818557
2142536 16 7646.345 8146.209 8148.482 8.41397845636 8.41632617086 8.96652609842 8.41397845636 8.41632617086 8.96652609842
2356784 16 8410.048 8959.711 9007.609 8.37259787808 8.41735721163 8.96749792629 8.37259787808 8.41735721163 8.96749792629
2592456 16 9250.408 9858.982 10089.924 8.22192436732 8.41451906495 8.96810086647 8.22192436732 8.41451906495 8.96810086647
2851696 16 10175.009 10845.106 10883.309 8.38479105941 8.41432734728 8.96847088784 8.38479105941 8.41432734728 8.96847088784
3136864 16 11194.139 11921.595 11928.213 8.4153131739 8.41998474197 8.96716111887 8.4153131739 8.41998474197 8.96716111887
3450544 16 12315.716 13116.825 13150.917 8.39617556707 8.41799810549 8.96556952109 8.39617556707 8.41799810549 8.96556952109
3795592 16 13545.057 14424.673 14430.948 8.41656029805 8.42022165771 8.96703085118 8.41656029805 8.42022165771 8.96703085118
4175144 8 7450.119 7932.648 7972.36 8.37923826822 8.42118596464 8.96660898974 8.37923826822 8.42118596464 8.96660898974
4592656 8 8194.479 8732.736 8762.909 8.38562810592 8.41460179261 8.96731762935 8.38562810592 8.41460179261 8.96731762935
5051920 8 9013.801 9597.542 9605.002 8.41548184998 8.42202305549 8.96744004 8.41548184998 8.42202305549 8.96744004
5557112 8 9918.446 10558.193 10596.739 8.3906749048 8.42130769915 8.96448818696 8.3906749048 8.42130769915 8.96448818696
6112816 8 10909.589 11620.782 11646.662 8.39768991321 8.41639194333 8.96505413724 8.39768991321 8.41639194333 8.96505413724
6724096 8 11999.191 12784.971 12801.673 8.40402156812 8.41500039382 8.9660657956 8.40402156812 8.41500039382 8.9660657956
7396504 8 13200.011 14071.249 14098.946 8.39382348156 8.41034537872 8.96545192273 8.39382348156 8.41034537872 8.96545192273
8136152 4 7261.35 7749.581 7759.275 8.38856929288 8.39906260738 8.96378992887 8.38856929288 8.39906260738 8.96378992887
8949760 4 7987.112 8528.052 8567.037 8.35739124274 8.39559608689 8.96420132834 8.35739124274 8.39559608689 8.96420132834
9844736 4 8784.802 9384.752 9389.475 8.38789048376 8.39211180008 8.96524338283 8.38789048376 8.39211180008 8.96524338283
10829208 4 9662.775 10318.564 10330.875 8.38589799993 8.39590315086 8.96571264466 8.38589799993 8.39590315086 8.96571264466
11912128 4 10631.797 11351.689 11369.822 8.3815757186 8.39496430884 8.96339762695 8.3815757186 8.39496430884 8.96339762695
13103336 4 11695.379 12506.231 12517.658 8.37430516156 8.38195680217 8.96308601885 8.37430516156 8.38195680217 8.96308601885
14413664 4 12873.085 13794.351 13857.865 8.32085692854 8.35916905406 8.95739537182 8.32085692854 8.35916905406 8.95739537182
15855024 2 7103.929 7624.073 7632.455 8.30926562947 8.31840093871 8.92746760279 8.30926562947 8.31840093871 8.92746760279
17440520 2 7829.466 8438.319 8481.501 8.22520447737 8.26729589152 8.91019642974 8.22520447737 8.26729589152 8.91019642974
19184568 2 8664.874 9394.638 9447.096 8.12294825839 8.16830536738 8.85624788081 8.12294825839 8.16830536738 8.85624788081
21103024 2 9571.865 10523.321 10617.591 7.95021168173 8.0214312573 8.81877209927 7.95021168173 8.0214312573 8.81877209927
23213320 2 10625.475 11788.314 11987.234 7.74601380102 7.87672265941 8.73874156214 7.74601380102 7.87672265941 8.73874156214
25534648 2 11769.329 13207.026 13474.838 7.5799495326 7.7336557072 8.67837002432 7.5799495326 7.7336557072 8.67837002432
28088112 2 12994.828 14645.339 14918.381 7.53114215276 7.67154983575 8.64593575229 7.53114215276 7.67154983575 8.64593575229
30896920 2 14376.503 16193.241 16246.078 7.60723172694 7.63205339808 8.59650500542 7.60723172694 7.63205339808 8.59650500542
33986608 1 7888.231 8920.146 8961.438 7.5850790911 7.62019096997 8.61704176767 7.5850790911 7.62019096997 8.61704176767
37385264 1 8694.346 9813.096 9960.162 7.50695902336 7.6194636229 8.59990251136 7.50695902336 7.6194636229 8.59990251136
41123784 1 9567.31 10841.496 10864.429 7.57035349028 7.5863670475 8.59672865205 7.57035349028 7.5863670475 8.59672865205
45236160 1 10519.689 11925.616 11931.181 7.58284699562 7.58638547476 8.60028466621 7.58284699562 7.58638547476 8.60028466621
49759776 1 11579.645 13104.786 13268.119 7.50065265468 7.59413789741 8.59435259026 7.50065265468 7.59413789741 8.59435259026
54735752 1 12731.833 14440.049 14599.29 7.49841286802 7.58110336052 8.59825164216 7.49841286802 7.58110336052 8.59825164216
60209320 1 14018.431 15851.7 15875.927 7.58498322649 7.59657576159 8.59002266373 7.58498322649 7.59657576159 8.59002266373

META_DATA
TIMESTAMP_DATA  1594866785.85
HOSTNAME  ('apollo-PowerEdge-R430', [], ['127.0.1.1'])
MPI_PROCS      1
OPENMP_THREADS 1
TIMESTAMP_DATA  1594866782.36
TIMESTAMP_DATA  1594866792.62
CONFIG  {'ERT_WORKING_SET_MIN': ['1'], 'ERT_CFLAGS': ['-O3'], 'ERT_CC': ['gcc'], 'ERT_MPI_CFLAGS': [], 'ERT_MPI_LDFLAGS': [], 'ERT_MEMORY_MAX': ['62497788'], 'ERT_PROCS_THREADS': ['1'], 'ERT_LDFLAGS': [], 'ERT_LDLIBS': [], 'ERT_SPEC_GBYTES_DRAM': ['1.0'], 'ERT_RUN': ['export', 'KMP_AFFINITY=scatter;', 'export', 'OMP_NUM_THREADS=ERT_OPENMP_THREADS;', 'ERT_CODE'], 'ERT_FLOPS': ['1,2,4,8,16'], 'ERT_OPENMP_CFLAGS': ['-fopenmp'], 'ERT_SPEC_GFLOPS': ['1.0'], 'ERT_MPI': ['False'], 'ERT_TRIALS_MIN': ['1'], 'ERT_DRIVER': ['driver1'], 'ERT_RESULTS': ['Results.x86'], 'ERT_OPENMP': ['True'], 'ERT_MPI_PROCS': ['1'], 'ERT_KERNEL': ['kernel1'], 'ERT_OPENMP_THREADS': ['1-32'], 'ERT_LD': ['gcc'], 'ERT_NUM_EXPERIMENTS': ['6'], 'ERT_OPENMP_LDFLAGS': ['-fopenmp'], 'ERT_ALIGN': ['32'], 'ERT_GNUPLOT': ['gnuplot']}
TIMESTAMP_DATA  1594866778.88
UNAME  ('Linux', 'apollo-PowerEdge-R430', '4.19.129-0419129-generic', '#202006220433 SMP Mon Jun 22 09:12:54 UTC 2020', 'x86_64', 'x86_64')
TIMESTAMP_DATA  1594866796.11
FLOPS          16
TIMESTAMP_DATA  1594866789.24
ERT_VERSION  1.0.0
