8 4194304 75625.039 75655.325 75705.894 0.886441734642 0.887034243789 0.887389479561 0.886441734642 0.887034243789 0.887389479561
16 2097152 37811.813 37822.082 37860.496 1.77252997425 1.77433024443 1.77481212022 1.77252997425 1.77433024443 1.77481212022
24 2097152 37814.036 37838.519 37852.776 2.65933721743 2.66033921676 2.66206167466 2.65933721743 2.66033921676 2.66206167466
32 1048576 18906.18 18910.976 18920.341 3.54691619987 3.54867268617 3.54957289098 3.54691619987 3.54867268617 3.54957289098
40 1048576 18906.418 18908.707 18929.23 4.43156324901 4.4363731481 4.43691025979 4.43156324901 4.4363731481 4.43691025979
48 1048576 18906.115 18908.75 18927.354 5.31840298438 5.32363567132 5.32437764184 5.31840298438 5.32363567132 5.32437764184
56 1048576 18998.627 19000.56 19020.305 6.17448100859 6.18089740513 6.18152627556 6.17448100859 6.18089740513 6.18152627556
64 524288 9522.736 9525.674 9534.968 7.03818450151 7.04505151027 7.04722508321 7.03818450151 7.04505151027 7.04722508321
72 524288 10019.932 10060.071 10086.971 7.48465242936 7.50466592134 7.5347289782 7.48465242936 7.50466592134 7.5347289782
80 524288 10044.128 10046.749 10046.871 8.34947318424 8.34957457382 8.35175338267 8.34947318424 8.34957457382 8.35175338267
88 524288 11434.118 11436.282 11457.068 8.05395307072 8.06859152301 8.07011856971 8.05395307072 8.06859152301 8.07011856971
96 524288 11262.506 11263.36 11277.368 8.92613382839 8.93723507017 8.93791275228 8.92613382839 8.93723507017 8.93791275228
104 524288 13218.425 13333.065 13350.487 8.16838396981 8.17905740353 8.24999226459 8.16838396981 8.17905740353 8.24999226459
112 524288 13289.682 13290.299 13310.148 8.82338137788 8.8365590571 8.83696931198 8.82338137788 8.8365590571 8.83696931198
120 262144 7588.226 7588.377 7608.636 8.26883557053 8.29091121856 8.29107620147 8.26883557053 8.29091121856 8.29107620147
128 262144 7451.051 7453.515 7472.883 8.98031777026 9.00365317572 9.00663060822 8.98031777026 9.00365317572 9.00663060822
136 262144 8479.505 8544.542 8545.033 8.34439937213 8.34487887121 8.40888330156 8.34439937213 8.34487887121 8.40888330156
144 262144 8519.107 8521.37 8537.885 8.84264334785 8.85978099766 8.86213449367 8.84264334785 8.85978099766 8.86213449367
152 262144 9453.583 9454.14 9456.217 8.42744788957 8.42929933341 8.42979598317 8.42744788957 8.42929933341 8.42979598317
160 262144 9286.943 9289.137 9290.119 9.02960231188 9.0305568752 9.03269030509 9.02960231188 9.0305568752 9.03269030509
176 262144 10385.552 10388.177 10408.435 8.86537582259 8.88266420566 8.88490934329 8.86537582259 8.88266420566 8.88490934329
192 262144 11113.6 11115.83 11118.359 9.05379076175 9.05585062024 9.05766772243 9.05379076175 9.05585062024 9.05766772243
208 262144 12261.55 12262.182 12282.281 8.87879897879 8.89335225982 8.893810652 8.87879897879 8.89335225982 8.893810652
224 262144 12945.041 12945.514 12970.025 9.05476373407 9.0719079984 9.07223947765 9.05476373407 9.0719079984 9.07223947765
240 131072 7063.236 7065.646 7065.84 8.90404537889 8.90428985545 8.90732802925 8.90404537889 8.90428985545 8.90732802925
264 131072 8009.588 8055.271 8267.53 8.3708212731 8.59139512501 8.64039648481 8.3708212731 8.59139512501 8.64039648481
288 131072 8298.275 8298.945 8337.547 9.05511801013 9.09723729944 9.09797180739 9.05511801013 9.09723729944 9.09797180739
312 131072 9403.966 9407.379 9422.304 8.68035334033 8.69412489919 8.69728027515 8.68035334033 8.69412489919 8.69728027515
336 131072 9870.389 9871.783 9873.074 8.92127254389 8.92243923919 8.92369935977 8.92127254389 8.92243923919 8.92369935977
368 131072 10806.232 10808.626 10828.391 8.90889440546 8.92518549536 8.92716277052 8.90889440546 8.92518549536 8.92716277052
400 131072 11741.218 11743.118 11777.049 8.90355470203 8.92928096269 8.93072592639 8.90355470203 8.92928096269 8.93072592639
440 131072 13142.784 13144.351 13191.316 8.74388575029 8.77512780966 8.77617405871 8.74388575029 8.77512780966 8.77617405871
480 65536 6889.378 6889.69 6900.805 9.11698852525 9.13169678171 9.13211032984 9.11698852525 9.13169678171 9.13211032984
528 65536 7938.914 7941.825 7961.508 8.69257633102 8.71411999131 8.71731523984 8.69257633102 8.71411999131 8.71731523984
576 65536 8504.671 8576.917 8653.729 8.72427042723 8.80240207524 8.87717725941 8.72427042723 8.80240207524 8.87717725941
632 65536 9496.923 9557.865 9593.335 8.63490162702 8.66694643626 8.72256245523 8.63490162702 8.66694643626 8.72256245523
688 65536 10265.531 10288.93 10293.233 8.76085638011 8.76452031455 8.78449794755 8.76085638011 8.76452031455 8.78449794755
752 65536 11209.668 11209.942 11219.455 8.78528805544 8.79274344149 8.79295836415 8.78528805544 8.79274344149 8.79295836415
824 65536 12362.286 12362.841 12370.313 8.73084844337 8.73612529677 8.7365175017 8.73084844337 8.73612529677 8.7365175017
904 65536 13509.932 13512.054 13534.703 8.75446531778 8.76913961415 8.77051697966 8.75446531778 8.76913961415 8.77051697966
992 32768 7360.21 7362.201 7362.624 8.82996496901 8.83047230034 8.83286101891 8.82996496901 8.83047230034 8.83286101891
1088 32768 8061.741 8065.371 8108.838 8.79326581688 8.84065568713 8.8446364129 8.79326581688 8.84065568713 8.8446364129
1192 32768 8859.407 8861.871 8910.1 8.76745625751 8.81517142373 8.81762312083 8.76745625751 8.81517142373 8.81762312083
1304 32768 9685.976 9692.799 9716.313 8.7954087111 8.81674570988 8.82295640625 8.7954087111 8.81674570988 8.82295640625
1432 32768 10624.859 10625.829 10660.368 8.80340641149 8.83202167097 8.83282799329 8.80340641149 8.83202167097 8.83282799329
1568 32768 11570.33 11570.84 11591.366 8.86525781344 8.88098426735 8.88137572567 8.86525781344 8.88098426735 8.88137572567
1720 32768 12726.632 12729.551 12735.654 8.85089371932 8.85513715291 8.85716818087 8.85089371932 8.85513715291 8.85716818087
1888 32768 13906.107 13908.647 13929.094 8.88298750802 8.89604632284 8.8976712174 8.88298750802 8.89604632284 8.8976712174
2072 16384 7648.4 7649.907 7651.145 8.87387391038 8.87530998743 8.87705873124 8.87387391038 8.87530998743 8.87705873124
2272 16384 8356.658 8357.076 8364.127 8.90097627642 8.90848617387 8.90893177632 8.90097627642 8.90848617387 8.90893177632
2496 16384 9174.265 9176.907 9177.209 8.91217885525 8.91247214339 8.91503875242 8.91217885525 8.91247214339 8.91503875242
2744 16384 10103.455 10105.857 10126.416 8.87929075795 8.89735447474 8.89946973585 8.87929075795 8.89735447474 8.89946973585
3016 16384 11089.632 11095.639 11119.728 8.88765336706 8.90694875707 8.91177344749 8.88765336706 8.90694875707 8.91177344749
3312 16384 12154.061 12156.021 12175.275 8.91377122899 8.92788980868 8.92932954673 8.91377122899 8.92788980868 8.92932954673
3640 16384 13376.537 13377.167 13379.165 8.91501973404 8.91635127228 8.91677120917 8.91501973404 8.91635127228 8.91677120917
4000 8192 7332.697 7334.891 7335.416 8.93418996278 8.93482943373 8.93750280422 8.93418996278 8.93482943373 8.93750280422
4400 8192 8064.264 8064.642 8066.978 8.93638237268 8.93897088054 8.93938988109 8.93638237268 8.93897088054 8.93938988109
4840 8192 8878.504 8878.997 8897.078 8.91287678944 8.93102678152 8.93152269797 8.91287678944 8.93102678152 8.93152269797
5320 8192 9754.181 9756.228 9774.004 8.91782733054 8.93407575141 8.93595064516 8.91782733054 8.93407575141 8.93595064516
5848 8192 10720.66 10722.711 10723.73 8.93472998667 8.93557907137 8.93728856246 8.93472998667 8.93557907137 8.93728856246
6432 8192 11776.739 11777.106 11795.945 8.93373850082 8.94802916778 8.94830801634 8.93373850082 8.94802916778 8.94830801634
7072 8192 12945.423 12946.629 13012.469 8.90435535332 8.94963839622 8.95047214757 8.90435535332 8.94963839622 8.95047214757
7776 4096 7114.393 7116.503 7119.338 8.9476004651 8.95116491906 8.95381967232 8.9476004651 8.95116491906 8.95381967232
8552 4096 7829.388 7829.851 7830.25 8.94709415408 8.94755008748 8.9480792113 8.94709415408 8.94755008748 8.9480792113
9400 4096 8603.879 8605.441 8610.227 8.9434111319 8.94838509729 8.950009641 8.9434111319 8.94838509729 8.950009641
10336 4096 9452.6 9455.841 9498.157 8.91462543733 8.95451943407 8.95758965787 8.91462543733 8.95451943407 8.95758965787
11368 4096 10400.517 10402.657 10446.706 8.91445169415 8.95219903915 8.95404103469 8.91445169415 8.95219903915 8.95404103469
12504 4096 11439.467 11440.524 11440.724 8.95334665883 8.9535031787 8.95433047711 8.95334665883 8.9535031787 8.95433047711
13752 4096 12579.003 12579.589 12599.898 8.94105523711 8.95549004025 8.95590723685 8.94105523711 8.95549004025 8.95590723685
15120 4096 13821.906 13824.059 13848.347 8.94424728092 8.95996175942 8.96135742784 8.94424728092 8.95996175942 8.96135742784
16632 2048 7605.391 7605.706 7626.519 8.9326037213 8.95704777439 8.9574187573 8.9326037213 8.95704777439 8.9574187573
18288 2048 8357.978 8358.662 8359.795 8.96046470039 8.96167927355 8.96241267924 8.96046470039 8.96167927355 8.96241267924
20112 2048 9190.116 9192.982 9236.047 8.91926513583 8.96104789501 8.96384245857 8.91926513583 8.96104789501 8.96384245857
22120 2048 10109.995 10111.875 10113.952 8.95827071356 8.96011076086 8.96177693461 8.95827071356 8.96011076086 8.96177693461
24328 2048 11116.896 11119.929 11120.238 8.96091324664 8.96116225203 8.9636071076 8.96091324664 8.96116225203 8.9636071076
26760 2048 12229.122 12229.873 12277.985 8.92727593331 8.96239560296 8.96294599073 8.92727593331 8.96239560296 8.96294599073
29432 2048 13450.004 13454.31 13472.7 8.9479816221 8.96021215506 8.96308075447 8.9479816221 8.96021215506 8.96308075447
32368 1024 7392.034 7395.602 7396.037 8.96286267903 8.96338986333 8.96771632814 8.96286267903 8.96338986333 8.96771632814
35600 1024 8135.745 8415.237 8416.224 8.66288729958 8.6639033458 8.96153947795 8.66288729958 8.6639033458 8.96153947795
39160 1024 8962.946 9375.311 9376.393 8.55336161784 8.55434875707 8.9479151163 8.55336161784 8.55434875707 8.9479151163
43072 1024 9842.983 10310.439 10332.614 8.53718681449 8.55554802274 8.96186206966 8.53718681449 8.55554802274 8.96186206966
47376 1024 10822.037 11340.437 11343.207 8.55366987484 8.55575918283 8.9655993599 8.55366987484 8.55575918283 8.9655993599
52112 1024 11907.278 12473.418 12475.179 8.55501760736 8.5562254067 8.96303722816 8.55501760736 8.5562254067 8.96303722816
57320 1024 13098.89 13719.359 13721.142 8.55550944666 8.55662134069 8.96193188889 8.55550944666 8.55662134069 8.96193188889
63048 512 7200.823 7546.219 7566.544 8.53244916041 8.55543047452 8.96580182571 8.53244916041 8.55543047452 8.96580182571
69352 512 7922.248 8299.568 8302.567 8.55355313604 8.55664391207 8.96417885428 8.55355313604 8.55664391207 8.96417885428
76280 512 8713.871 9129.897 9149.776 8.53689970115 8.55548753726 8.96395184184 8.53689970115 8.55548753726 8.96395184184
83904 512 9582.661 10041.163 10041.427 8.55632331938 8.55654828031 8.96595382013 8.55632331938 8.55654828031 8.96595382013
92288 512 10541.597 11042.501 11044.038 8.55691659156 8.55810762435 8.96476236001 8.55691659156 8.55810762435 8.96476236001
101512 512 11597.507 12146.597 12152.0 8.55400658328 8.55781154178 8.96298557957 8.55400658328 8.55781154178 8.96298557957
111656 512 12750.662 13359.935 13362.959 8.55616963279 8.55810630815 8.96704375036 8.55616963279 8.55810630815 8.96704375036
122816 256 7011.217 7348.617 7349.776 8.55560659264 8.55695595511 8.96874137543 8.55560659264 8.55695595511 8.96874137543
135096 256 7714.45 8084.308 8127.291 8.51072663696 8.55597683809 8.96618060912 8.51072663696 8.55597683809 8.96618060912
148600 256 8486.736 8893.529 8902.725 8.54605752733 8.55489423827 8.96495425332 8.54605752733 8.55489423827 8.96495425332
163456 256 9332.882 9788.911 9805.835 8.53466043432 8.5494159667 8.96716276923 8.53466043432 8.5494159667 8.96716276923
179800 256 10264.496 10770.946 10787.294 8.53389181754 8.54684444616 8.96854555742 8.53389181754 8.54684444616 8.96854555742
197776 256 11293.273 11859.562 11885.332 8.51985556651 8.53836861766 8.9665159073 8.51985556651 8.53836861766 8.9665159073
217552 256 12429.937 13067.432 13083.958 8.51322084647 8.5239872685 8.96115756661 8.51322084647 8.5239872685 8.96115756661
239304 256 13663.852 14387.632 14409.807 8.50279590837 8.51590087931 8.96699173849 8.50279590837 8.51590087931 8.96699173849
263232 128 7517.34 7926.476 7948.569 8.47792753639 8.5015575648 8.96426023035 8.47792753639 8.5015575648 8.96426023035
289552 128 8268.01 8739.579 8762.601 8.45928189587 8.48156553079 8.96531474926 8.45928189587 8.48156553079 8.96531474926
318504 128 9121.741 9643.938 9656.159 8.44404322671 8.45474369495 8.93875675707 8.44404322671 8.45474369495 8.93875675707
350352 128 10006.569 10636.207 10656.068 8.41681115398 8.43252787389 8.96312332429 8.41681115398 8.43252787389 8.96312332429
385384 128 11006.218 11731.324 11950.875 8.25532055184 8.40981836321 8.9638696962 8.25532055184 8.40981836321 8.9638696962
423920 128 12895.799 12909.098 12996.263 8.35036348526 8.40674693151 8.4154165244 8.35036348526 8.40674693151 8.4154165244
466312 128 13317.962 14190.239 14300.656 8.34758013898 8.41253427796 8.96352399864 8.34758013898 8.41253427796 8.96352399864
512936 64 7321.666 7804.838 7833.018 8.3819299279 8.41219356507 8.96733175209 8.3819299279 8.41219356507 8.96733175209
564224 64 8132.153 8595.543 8604.418 8.39344067199 8.40210699894 8.88087963913 8.39344067199 8.40210699894 8.88087963913
620640 64 8895.673 9445.622 9528.736 8.33708899061 8.41044877722 8.93040020693 8.33708899061 8.41044877722 8.93040020693
682704 64 9749.159 10388.827 10420.668 8.38584551393 8.4115475212 8.96345130898 8.38584551393 8.4115475212 8.96345130898
750968 64 10721.864 11425.693 11465.964 8.38341233236 8.41296050927 8.96522321119 8.38341233236 8.41296050927 8.96522321119
826064 64 11794.52 12571.569 12594.332 8.39553792928 8.41073950276 8.96485757793 8.39553792928 8.41073950276 8.96485757793
908664 64 12971.535 13825.4 13870.327 8.3854542146 8.41270357458 8.96647867812 8.3854542146 8.41270357458 8.96647867812
999528 32 7135.476 7604.26 7609.394 8.40668678741 8.41236254415 8.96503498856 8.40668678741 8.41236254415 8.96503498856
1099480 32 7848.742 8362.356 8399.733 8.37725675328 8.41470035478 8.96535011598 8.37725675328 8.41470035478 8.96535011598
1209424 32 8632.873 9201.59 9205.935 8.40796029952 8.41193054679 8.96609228469 8.40796029952 8.41193054679 8.96609228469
1330360 32 9543.567 10123.72 10155.485 8.38394621232 8.41025235783 8.92151121274 8.38394621232 8.41025235783 8.92151121274
1463392 32 10446.744 11131.987 11132.891 8.41264753243 8.41333070188 8.9651941313 8.41264753243 8.41333070188 8.9651941313
1609728 32 11490.19 12241.713 12281.646 8.38833752414 8.41570064582 8.96613476365 8.38833752414 8.41570064582 8.96613476365
1770696 32 12638.267 13463.121 13495.73 8.39706662774 8.41740514699 8.96677875218 8.39706662774 8.41740514699 8.96677875218
1947760 32 13931.047 14810.284 14858.111 8.38980406056 8.41689733971 8.9481171085 8.38980406056 8.41689733971 8.9481171085
2142536 16 7647.222 8146.287 8146.646 8.41587470476 8.41624558526 8.96549779776 8.41587470476 8.41624558526 8.96549779776
2356784 16 8411.137 8970.312 8996.612 8.38283211502 8.40740968653 8.96633689357 8.38283211502 8.40740968653 8.96633689357
2592456 16 9251.76 9854.967 9858.691 8.41476743718 8.41794721383 8.96679031882 8.41476743718 8.41794721383 8.96679031882
2851696 16 10178.921 10841.294 10926.298 8.35180149763 8.41728598081 8.96502409244 8.35180149763 8.41728598081 8.96502409244
3136864 16 11195.831 11924.976 11926.599 8.41645199943 8.41759748615 8.96580593258 8.41645199943 8.41759748615 8.96580593258
3450544 16 12340.972 13116.536 13160.049 8.39034930645 8.4181835814 8.94722133718 8.39034930645 8.4181835814 8.94722133718
3795592 16 13552.02 14431.636 14466.297 8.39599408197 8.41615905501 8.96242360917 8.39599408197 8.41615905501 8.96242360917
4175144 8 7451.277 7937.628 7982.711 8.36837310032 8.4159025845 8.96521549259 8.36837310032 8.4159025845 8.96521549259
4592656 8 8195.442 8729.06 8734.662 8.41274636614 8.41814536731 8.96626393061 8.41274636614 8.41814536731 8.96626393061
5051920 8 9016.069 9599.245 9611.421 8.40986155949 8.42052890618 8.96518427266 8.40986155949 8.42052890618 8.96518427266
5557112 8 9915.995 10559.051 10565.212 8.41571300226 8.4206234064 8.96670399693 8.41571300226 8.4206234064 8.96670399693
6112816 8 10911.579 11623.019 11650.12 8.39519730269 8.41477210009 8.96341913485 8.39519730269 8.41477210009 8.96341913485
6724096 8 12028.138 12790.1 12831.008 8.3848078031 8.41162586688 8.94448799972 8.3848078031 8.41162586688 8.94448799972
7396504 8 13200.827 14073.679 14114.419 8.38462171202 8.40889322543 8.96489772951 8.38462171202 8.40889322543 8.96489772951
8136152 4 7262.313 7742.764 7749.269 8.39940076929 8.40645743561 8.96260130898 8.39940076929 8.40645743561 8.96260130898
8949760 4 7987.693 8531.361 9797.592 7.30772214234 8.39233974509 8.96354930015 7.30772214234 8.39233974509 8.96354930015
9844736 4 8789.889 9388.115 9399.097 8.37930367141 8.38910558722 8.96005489944 8.37930367141 8.38910558722 8.96005489944
10829208 4 9667.637 10331.38 10362.292 8.36047314629 8.38548809549 8.96120365297 8.36047314629 8.38548809549 8.96120365297
11912128 4 10628.984 11365.884 11386.822 8.36906241267 8.38447972899 8.96576982334 8.36906241267 8.38447972899 8.96576982334
13103336 4 11705.547 12513.1 12525.185 8.36927262951 8.37735557136 8.95530025209 8.36927262951 8.37735557136 8.95530025209
14413664 4 12873.689 13782.976 13870.741 8.31313280235 8.36606782164 8.95697511413 8.31313280235 8.36606782164 8.95697511413
15855024 2 7089.233 7612.996 7632.491 8.30922643735 8.33050431131 8.9459742683 8.30922643735 8.33050431131 8.9459742683
17440520 2 7825.552 8436.591 8455.441 8.2505548794 8.26898921614 8.91465292161 8.2505548794 8.26898921614 8.91465292161
19184568 2 8654.723 9404.339 9407.951 8.15674656469 8.15987939184 8.86663524644 8.15674656469 8.15987939184 8.86663524644
21103024 2 9650.0 10538.037 10623.566 7.94574025332 8.01022960918 8.74736746114 7.94574025332 8.01022960918 8.74736746114
23213320 2 10637.07 11791.038 11874.442 7.81959101741 7.87490295596 8.72921584609 7.81959101741 7.87490295596 8.72921584609
25534648 2 11777.26 13170.455 13186.702 7.74557520144 7.75513009991 8.67252586765 7.74557520144 7.75513009991 8.67252586765
28088112 2 13013.283 14655.278 14819.642 7.5813199806 7.66634710034 8.63367437717 7.5813199806 7.66634710034 8.63367437717
30896920 2 14348.96 16203.83 16259.594 7.60090811616 7.62706594675 8.6130060994 7.60090811616 7.62706594675 8.6130060994
33986608 1 7903.408 8930.795 8933.42 7.60886827217 7.61110472248 8.60049436901 7.60886827217 7.61110472248 8.60049436901
37385264 1 8700.276 9857.571 10009.607 7.46987648966 7.58508642748 8.59404092468 7.46987648966 7.58508642748 8.59404092468
41123784 1 9582.086 10845.245 10892.481 7.55085714632 7.58374458115 8.58347211661 7.55085714632 7.58374458115 8.58347211661
45236160 1 10549.374 11928.859 12122.084 7.46342955551 7.58432302704 8.57608423021 7.46342955551 7.58432302704 8.57608423021
49759776 1 11584.168 13112.519 13151.429 7.567204446 7.58965931718 8.59099695377 7.567204446 7.58965931718 8.59099695377
54735752 1 12757.461 14438.101 14588.876 7.50376547172 7.58212620898 8.58097892676 7.50376547172 7.58212620898 8.58097892676
60209320 1 14009.465 15879.407 15888.815 7.57883076869 7.58332096406 8.59552024292 7.57883076869 7.58332096406 8.59552024292

META_DATA
TIMESTAMP_DATA  1594852863.82
HOSTNAME  ('apollo-PowerEdge-R430', [], ['127.0.1.1'])
MPI_PROCS      1
OPENMP_THREADS 1
TIMESTAMP_DATA  1594852856.84
CONFIG  {'ERT_WORKING_SET_MIN': ['1'], 'ERT_CFLAGS': ['-O3'], 'ERT_CC': ['gcc'], 'ERT_MPI_CFLAGS': [], 'ERT_MPI_LDFLAGS': [], 'ERT_MEMORY_MAX': ['62497788'], 'ERT_PROCS_THREADS': ['1'], 'ERT_LDFLAGS': [], 'ERT_LDLIBS': [], 'ERT_SPEC_GBYTES_DRAM': ['1.0'], 'ERT_RUN': ['export', 'KMP_AFFINITY=scatter;', 'export', 'OMP_NUM_THREADS=ERT_OPENMP_THREADS;', 'ERT_CODE'], 'ERT_FLOPS': ['1,2,4,8,16'], 'ERT_OPENMP_CFLAGS': ['-fopenmp'], 'ERT_SPEC_GFLOPS': ['1.0'], 'ERT_MPI': ['False'], 'ERT_TRIALS_MIN': ['1'], 'ERT_DRIVER': ['driver1'], 'ERT_RESULTS': ['Results.x86'], 'ERT_OPENMP': ['True'], 'ERT_MPI_PROCS': ['1'], 'ERT_KERNEL': ['kernel1'], 'ERT_OPENMP_THREADS': ['1-32'], 'ERT_LD': ['gcc'], 'ERT_NUM_EXPERIMENTS': ['6'], 'ERT_OPENMP_LDFLAGS': ['-fopenmp'], 'ERT_ALIGN': ['32'], 'ERT_GNUPLOT': ['gnuplot']}
TIMESTAMP_DATA  1594852867.3
TIMESTAMP_DATA  1594852853.36
UNAME  ('Linux', 'apollo-PowerEdge-R430', '4.19.129-0419129-generic', '#202006220433 SMP Mon Jun 22 09:12:54 UTC 2020', 'x86_64', 'x86_64')
FLOPS          16
TIMESTAMP_DATA  1594852860.33
TIMESTAMP_DATA  1594852849.88
ERT_VERSION  1.0.0
