64 524288 2751.096 3003.286 3846.126 17.4484309666 22.3451459501 24.3935013536 2.18105387083 2.79314324377 3.04918766921
128 262144 1369.971 1499.496 1574.456 42.6235245698 44.7542801048 48.9856091844 5.32794057122 5.5942850131 6.12320114805
192 262144 1369.992 1370.003 1499.504 67.1310620045 73.4766974963 73.4772874586 8.39138275056 9.18458718704 9.18466093233
256 131072 685.349 685.352 690.569 97.1790856526 97.9188271137 97.9192557369 12.1473857066 12.2398533892 12.2399069671
320 131072 685.354 685.357 692.396 121.153328442 122.397640937 122.398176709 15.1441660553 15.2997051172 15.2997720886
384 131072 685.358 685.371 685.529 146.840317477 146.874168881 146.876954818 18.3550396847 18.3592711101 18.3596193522
448 131072 685.401 687.535 698.748 168.072770155 170.81386693 171.345696899 21.0090962693 21.3517333663 21.4182121123
512 65536 342.278 343.105 343.235 195.518708756 195.592789379 196.065373761 24.4398385945 24.4490986724 24.5081717201
576 65536 371.627 371.674 371.692 203.11836682 203.128203748 203.153893555 25.3897958525 25.3910254686 25.3942366943
640 65536 400.239 400.29 400.315 209.550179234 209.563266632 209.589969993 26.1937724042 26.195408329 26.1987462491
704 65536 457.316 457.354 457.438 201.720644109 201.757693165 201.774457924 25.2150805136 25.2197116457 25.2218072405
768 65536 457.322 457.409 464.388 216.765497816 220.072836346 220.114702551 27.0956872271 27.5091045432 27.5143378189
832 65536 514.377 514.447 520.729 209.421607016 211.978889954 212.007737515 26.177700877 26.4973612442 26.5009671894
896 65536 514.357 514.408 514.432 228.29161483 228.302265906 228.324902743 28.5364518537 28.5377832382 28.5406128428
960 32768 286.123 286.186 290.419 216.633760188 219.83800745 219.886412487 27.0792200235 27.4797509312 27.4858015609
1024 32768 285.775 286.175 286.201 234.481584621 234.502888093 234.831122386 29.3101980776 29.3128610116 29.3538902983
1088 32768 314.669 314.718 314.732 226.552012506 226.562090506 226.59737057 28.3190015632 28.3202613133 28.3246713213
1152 32768 314.668 314.695 314.735 239.876314995 239.906805002 239.927390138 29.9845393744 29.9883506252 29.9909237673
1216 32768 343.182 343.222 343.243 232.173055241 232.187260723 232.214323595 29.0216319051 29.0234075904 29.0267904494
1280 32768 343.185 343.242 343.488 244.21837153 244.39340174 244.433993327 30.5272964412 30.5491752175 30.5542491659
1408 32768 371.713 371.737 371.841 248.156303366 248.225729481 248.241756409 31.0195379208 31.0282161851 31.0302195511
1536 32768 400.24 403.476 405.169 248.447674921 249.490170419 251.507335599 31.0559593651 31.1862713024 31.4384169498
1664 32768 428.774 428.783 428.902 254.258324746 254.328888972 254.334227355 31.7822905932 31.7911111215 31.7917784194
1792 32768 457.271 457.314 457.47 256.717406606 256.804978636 256.829127585 32.0896758257 32.1006223295 32.1036409481
1920 16384 243.32 243.362 243.438 258.441820915 258.522530222 258.567154365 32.3052276144 32.3153162778 32.3208942956
2112 16384 271.872 271.9 276.516 250.278522762 254.527458624 254.553672316 31.2848153452 31.8159323281 31.8192090395
2304 16384 285.693 286.163 286.213 263.780722748 263.826811992 264.260839433 32.9725903436 32.978351499 33.0326049291
2496 16384 314.645 314.789 423.26 193.235666021 259.821429593 259.940339112 24.1544582526 32.4776786991 32.492542389
2688 16384 328.902 328.926 328.937 267.772807559 267.781762463 267.801302516 33.4716009449 33.4727203079 33.4751628145
2944 16384 357.438 357.469 357.502 269.841824661 269.866735297 269.890140388 33.7302280826 33.7333419122 33.7362675485
3200 16384 385.969 385.983 386.122 271.565981736 271.663777938 271.67363182 33.945747717 33.9579722423 33.9592039775
3520 16384 428.76 428.786 428.982 268.876922575 268.99982742 269.016139565 33.6096153219 33.6249784275 33.6270174457
3840 8192 229.074 233.463 244.647 257.164649475 269.484072423 274.647319207 32.1455811843 33.6855090528 34.3309149009
4224 8192 310.932 310.947 310.956 222.558870065 222.565311773 222.576048782 27.8198587582 27.8206639717 27.8220060978
4608 8192 271.874 271.912 279.987 269.646347866 277.65406455 277.692872434 33.7057934833 34.7067580688 34.7116090542
5056 8192 300.395 354.261 354.333 233.784332817 233.831847141 275.761926796 29.2230416021 29.2289808926 34.4702408495
5504 8192 379.97 380.046 385.569 233.881707295 237.280581824 237.328041688 29.2352134119 29.660072728 29.6660052109
6016 8192 406.945 407.434 411.305 239.642464838 241.919289995 242.209989065 29.9553081047 30.2399112494 30.2762486331
6592 8192 432.611 432.757 433.644 249.059892446 249.570377833 249.654604252 31.1324865558 31.1962972292 31.2068255315
7232 8192 465.91 466.927 469.599 252.319719591 253.763624721 254.317546307 31.5399649488 31.7204530901 31.7896932884
7936 4096 251.022 251.046 251.213 258.791193131 258.963345363 258.988104628 32.3488991414 32.3704181704 32.3735130785
8704 4096 271.025 271.039 271.058 263.055021435 263.073461753 263.08705101 32.8818776793 32.8841827191 32.8858813763
9536 4096 289.541 289.904 290.568 268.848985435 269.464760748 269.802590997 33.6061231794 33.6830950935 33.7253238747
10432 4096 310.789 311.132 311.86 274.0298339 274.67102066 274.974159317 34.2537292375 34.3338775825 34.3717699146
11456 4096 335.64 336.103 336.798 278.646405264 279.222595454 279.60777023 34.830800658 34.9028244318 34.9509712788
12544 4096 363.985 364.005 368.287 279.022740417 282.30504526 282.320557166 34.8778425521 35.2881306575 35.2900696457
13760 4096 391.382 391.418 392.184 287.421006466 287.983485685 288.009974909 35.9276258083 35.9979357107 36.0012468637
15104 4096 426.904 426.936 456.36 271.127986677 289.813855004 289.835578959 33.8909983346 36.2267318755 36.2294473699
16576 2048 230.026 230.914 232.782 291.669012209 294.028495457 295.163572814 36.4586265261 36.7535619321 36.8954466017
18176 2048 251.789 251.814 299.813 248.317771411 295.650345096 295.679700066 31.0397214264 36.956293137 36.9599625083
19968 2048 272.548 272.565 272.749 299.868846449 300.071278411 300.089995157 37.4836058061 37.5089098013 37.5112493946
21952 2048 295.81 296.154 300.09 299.628084908 303.610256826 303.963327812 37.4535106135 37.9512821032 37.9954159765
24128 2048 322.729 323.166 323.336 305.651978128 305.812764957 306.226859068 38.206497266 38.2265956196 38.2783573834
26496 2048 352.522 352.542 362.811 299.129894077 307.843082526 307.86054771 37.3912367596 38.4803853158 38.4825684638
29120 2048 384.001 384.244 386.903 308.282747872 310.416089776 310.612524447 38.535343484 38.802011222 38.8265655558
32000 1024 210.27 210.297 213.53 306.917060835 311.635448913 311.675464878 38.3646326043 38.9544311141 38.9594331098
35200 1024 229.822 229.834 229.854 313.632131701 313.659423758 313.675801272 39.2040164626 39.2074279698 39.209475159
38720 1024 250.985 251.19 251.377 315.456704472 315.69154823 315.949399366 39.432088059 39.4614435288 39.4936749208
42560 1024 274.095 274.585 274.81 317.17506641 317.434965493 318.002444408 39.6468833012 39.6793706867 39.750305551
46784 1024 300.237 301.31 301.337 317.961723917 317.990216057 319.126663269 39.7452154896 39.7487770071 39.8908329087
51456 1024 329.38 329.404 333.139 316.330084439 319.916843754 319.940154229 39.5412605549 39.9896054693 39.9925192786
56576 1024 360.532 360.605 360.677 321.250448462 321.314590757 321.379650073 40.1563060578 40.1643238446 40.1724562591
62208 512 198.101 198.118 202.769 314.155477415 321.530562594 321.558154679 39.2694346769 40.1913203243 40.1947693348
68416 512 216.538 216.568 216.644 323.378371891 323.491854752 323.536672547 40.4222964864 40.436481844 40.4420840684
75200 512 237.384 237.803 237.937 323.635247986 323.817613739 324.389175345 40.4544059982 40.4772017174 40.5486469181
82688 512 260.384 260.457 260.469 325.077118582 325.092095816 325.183237065 40.6346398228 40.636511977 40.6479046332
90944 512 284.632 285.411 285.628 326.041760612 326.289652466 327.182663931 40.7552200765 40.7862065583 40.8978329914
100032 512 313.542 313.594 318.238 321.874722692 326.641351556 326.695524045 40.2343403365 40.8301689446 40.8369405056
110016 512 343.081 344.091 344.096 327.398121454 327.40287889 328.366723893 40.9247651818 40.9253598612 41.0458404866
120960 512 376.882 376.917 386.577 320.409750192 328.621526755 328.652044937 40.051218774 41.0776908444 41.0815056171
133056 256 207.103 207.397 207.492 328.324330577 328.474722392 328.941019686 41.0405413221 41.059340299 41.1176274607
146304 256 227.327 227.515 227.638 329.064778288 329.242678505 329.514963027 41.133097286 41.1553348131 41.1893703784
160896 256 249.633 249.738 249.927 329.611254486 329.860702016 329.999447188 41.2014068108 41.232587752 41.2499308986
176960 256 274.013 274.209 274.277 330.335828378 330.417747047 330.654093054 41.2919785472 41.3022183809 41.3317616317
194624 256 301.123 301.163 303.992 327.796415695 330.875598928 330.919551147 40.9745519619 41.359449866 41.3649438934
214080 256 330.788 330.843 330.968 331.176911363 331.302037522 331.357122991 41.3971139204 41.4127546903 41.4196403739
235456 256 363.129 363.76 368.327 327.300121903 331.409368815 331.985250421 40.9125152378 41.4261711018 41.4981563026
258944 128 200.091 200.126 200.148 331.20322961 331.239639027 331.297579601 41.4004037013 41.4049548784 41.4121974502
284800 128 247.909 249.335 252.527 288.716850079 292.41301863 294.095010669 36.0896062599 36.5516273287 36.7618763337
313280 128 280.295 280.934 281.117 285.289327931 285.475164985 286.12597442 35.6611659914 35.6843956232 35.7657468025
344576 128 308.234 308.633 308.938 285.531258699 285.813428895 286.183406114 35.6914073374 35.7266786118 35.7729257642
379008 128 339.151 339.609 353.086 274.794378707 285.699283588 286.085100737 34.3492973383 35.7124104485 35.7606375921
416896 128 372.844 373.438 377.804 282.488740193 285.791419191 286.246730536 35.3110925242 35.7239273989 35.780841317
458560 128 409.621 409.871 410.537 285.945870896 286.410504769 286.585306906 35.743233862 35.8013130961 35.8231633632
504384 64 225.096 225.428 232.742 277.393646183 286.393668932 286.816078473 34.6742057729 35.7992086165 35.8520098091
554816 64 247.466 247.767 248.163 286.168558568 286.62593485 286.974566203 35.771069821 35.8282418563 35.8718207754
610240 64 272.068 272.689 272.762 286.369508949 286.446171279 287.099989708 35.7961886186 35.8057714099 35.8874987136
671232 64 298.928 300.056 304.611 282.057102337 286.338870078 287.419365198 35.2571377921 35.7923587597 35.9274206498
738304 64 327.607 329.739 329.979 286.390685468 286.599134467 288.464263584 35.7988356835 35.8248918084 36.058032948
812096 64 359.954 360.95 364.225 285.395807537 287.98528328 288.782144385 35.6744759421 35.99816041 36.0977680481
893248 64 395.509 396.762 397.183 287.86666096 288.172113257 289.08506254 35.98333262 36.0215141571 36.1356328175
982528 32 217.585 217.762 218.501 287.787204635 288.763843095 288.998745318 35.9734005794 36.0954803868 36.1248431647
1080768 32 238.986 239.811 241.128 286.856574102 288.431940153 289.427631744 35.8570717627 36.0539925191 36.178453968
1188800 32 262.837 264.561 267.627 284.288207094 287.582825889 289.469138668 35.5360258868 35.9478532361 36.1836423335
1307648 32 291.787 296.103 302.778 276.40539273 282.636352891 286.817000072 34.5506740912 35.3295441113 35.852125009
1438400 32 318.28 334.293 339.442 271.202738612 275.379981035 289.234636169 33.9003423265 34.4224976293 36.1543295212
1582208 32 354.808 364.026 378.782 267.334012704 278.170548258 285.397488219 33.416751588 34.7713185322 35.6746860274
1740416 32 395.583 410.72 416.943 267.15072324 271.198441761 281.57586145 33.393840405 33.8998052201 35.1969826813
1914432 32 455.433 463.058 478.134 256.253786595 264.596763256 269.026724019 32.0317233244 33.0745954071 33.6283405023
2105856 16 257.783 262.816 266.165 253.179013018 256.40521125 261.411311064 31.6473766273 32.0506514063 32.676413883
2316416 16 294.918 298.807 304.513 243.42248771 248.070868487 251.342108654 30.4278109637 31.0088585609 31.4177635817
2548032 16 343.122 347.078 350.629 232.545009112 234.924207239 237.632748702 29.068126139 29.3655259048 29.7040935877
2802816 16 383.387 393.545 395.604 226.716898717 227.903065723 233.941453414 28.3396123396 28.4878832154 29.2426816767
3083072 16 429.993 435.105 435.719 226.426444566 226.745967065 229.441651376 28.3033055708 28.3432458832 28.680206422
3391360 16 478.698 479.747 481.203 225.525443524 226.209898134 226.705605622 28.1906804405 28.2762372667 28.3382007027
3730496 16 527.477 528.031 531.917 224.425750634 226.077393183 226.314838372 28.0532188293 28.2596741479 28.2893547965
4103488 8 290.013 290.453 291.033 225.59575031 226.046238118 226.38918945 28.1994687888 28.2557797647 28.2986486813
4513792 8 319.064 320.082 320.263 225.504263683 225.631781856 226.35167866 28.1880329604 28.203972732 28.2939598325
4965120 8 351.166 351.353 352.047 225.65714237 226.10286521 226.223267628 28.2071427963 28.2628581512 28.2779084536
5461632 8 386.216 386.771 387.196 225.689604231 225.93760132 226.262278103 28.2112005289 28.242200165 28.2827847629
6007744 8 425.295 425.796 431.503 222.765320287 225.751073284 226.01700937 27.8456650359 28.2188841605 28.2521261712
6608512 8 467.304 468.011 477.845 221.277175653 225.926723945 226.268536114 27.6596469566 28.2408404931 28.2835670142
7269312 8 513.951 514.873 527.639 220.43289446 225.898409899 226.303659298 27.5541118075 28.2373012374 28.2879574123
7996224 4 282.825 283.435 297.838 214.780491408 225.694751883 226.18153275 26.847561426 28.2118439854 28.2726915937
8795840 4 311.141 311.937 312.247 225.355952179 225.579908764 226.15701563 28.1694940224 28.1974885955 28.2696269537
9675392 4 342.238 342.701 348.887 221.857323431 225.862007989 226.167567599 27.7321654289 28.2327509987 28.2709459499
10642880 4 376.667 377.759 399.822 212.952363802 225.389838495 226.043268988 26.6190454752 28.1737298119 28.2554086235
11707136 4 415.463 416.508 437.226 214.207499097 224.862638893 225.428228266 26.7759373871 28.1078298616 28.1785285332
12877824 4 460.775 462.401 466.817 220.691602919 222.799241351 223.585463621 27.5864503649 27.8499051689 27.9481829526
14165568 4 508.675 512.431 519.389 218.188186504 221.150835917 222.783789256 27.273523313 27.6438544897 27.8479736571
15582080 4 581.206 595.252 600.922 207.442297004 209.418263189 214.479272409 25.9302871255 26.1772828987 26.8099090512
17140288 2 360.124 366.922 437.096 156.85604993 186.854841083 190.382068399 19.6070062412 23.3568551354 23.7977585498
18854272 2 533.069 596.474 668.894 112.748937799 126.438181715 141.477159617 14.0936172249 15.8047727143 17.6846449522
20739648 2 904.418 1005.722 1129.999 73.4147481546 82.4866036539 91.7259408813 9.17684351933 10.3108254567 11.4657426102
22813568 2 1641.993 1702.062 1752.594 52.0681184576 53.6139529582 55.5753112224 6.50851480719 6.70174411978 6.9469139028
25094912 2 2465.779 2517.937 2557.842 39.2438813656 39.865829844 40.7091016673 4.9054851707 4.9832287305 5.08863770841
27604352 2 3287.201 3390.861 3441.337 32.0856132369 32.563236299 33.5900992972 4.01070165462 4.07040453737 4.19876241216
30364736 2 4175.764 4246.305 4265.079 28.4775367584 28.6034432289 29.0866399538 3.5596920948 3.57543040361 3.63582999422
33401152 1 2330.722 2361.129 2369.887 28.1879701437 28.2925261602 28.6616353216 3.52349626797 3.53656577002 3.5827044152
36741248 1 2748.351 2780.896 2785.416 26.3811567105 26.4240359942 26.7369400779 3.29764458882 3.30300449927 3.34211750974
40415360 1 3139.036 3148.883 3174.388 25.4634027094 25.6696485706 25.750172983 3.18292533868 3.20870607133 3.21877162288
44456896 1 3494.611 3510.465 3527.456 25.2062086671 25.3282092258 25.4431157001 3.15077608339 3.16602615323 3.18038946252
48902528 1 3861.28 3888.945 3894.436 25.1140488636 25.1495086714 25.329697924 3.13925610794 3.14368858392 3.1662122405
53792768 1 4260.861 4279.355 4303.935 24.9970169159 25.140596188 25.2497173693 3.12462711449 3.1425745235 3.15621467117
59172032 1 4691.282 4724.887 4737.815 24.9786165142 25.046961758 25.226380337 3.12232706427 3.13087021975 3.15329754212

META_DATA
OPENMP_THREADS 8
CONFIG  {'ERT_WORKING_SET_MIN': ['1'], 'ERT_CFLAGS': ['-O3'], 'ERT_CC': ['gcc'], 'ERT_MPI_CFLAGS': [], 'ERT_MPI_LDFLAGS': [], 'ERT_MEMORY_MAX': ['62497788'], 'ERT_PROCS_THREADS': ['8'], 'ERT_LDFLAGS': [], 'ERT_LDLIBS': [], 'ERT_SPEC_GBYTES_DRAM': ['1.0'], 'ERT_RUN': ['export', 'KMP_AFFINITY=scatter;', 'export', 'OMP_NUM_THREADS=ERT_OPENMP_THREADS;', 'ERT_CODE'], 'ERT_FLOPS': ['1,2,4,8,16'], 'ERT_OPENMP_CFLAGS': ['-fopenmp'], 'ERT_SPEC_GFLOPS': ['1.0'], 'ERT_MPI': ['False'], 'ERT_TRIALS_MIN': ['1'], 'ERT_DRIVER': ['driver1'], 'ERT_RESULTS': ['Results.x86'], 'ERT_OPENMP': ['True'], 'ERT_MPI_PROCS': ['1'], 'ERT_KERNEL': ['kernel1'], 'ERT_OPENMP_THREADS': ['1-32'], 'ERT_LD': ['gcc'], 'ERT_NUM_EXPERIMENTS': ['6'], 'ERT_OPENMP_LDFLAGS': ['-fopenmp'], 'ERT_ALIGN': ['32'], 'ERT_GNUPLOT': ['gnuplot']}
HOSTNAME  ('apollo-PowerEdge-R430', [], ['127.0.1.1'])
TIMESTAMP_DATA  1594866802.15
MPI_PROCS      1
FLOPS          2
TIMESTAMP_DATA  1594866802.3
TIMESTAMP_DATA  1594866802.0
UNAME  ('Linux', 'apollo-PowerEdge-R430', '4.19.129-0419129-generic', '#202006220433 SMP Mon Jun 22 09:12:54 UTC 2020', 'x86_64', 'x86_64')
TIMESTAMP_DATA  1594866801.69
TIMESTAMP_DATA  1594866801.53
ERT_VERSION  1.0.0
TIMESTAMP_DATA  1594866801.84
