          64            1           0.999          128           16
          64            2           0.793          256           32
          64            4           0.798          512           64
          64            8           0.812         1024          128
          64           16           0.765         2048          256
          64           32           0.836         4096          512
          64           64           1.002         8192         1024
          64          128           1.334        16384         2048
          64          256           2.005        32768         4096
          64          512           3.338        65536         8192
          64         1024           6.022       131072        16384
          64         2048          11.362       262144        32768
          64         4096          22.187       524288        65536
          64         8192          43.465      1048576       131072
          64        16384          86.299      2097152       262144
          64        32768         171.834      4194304       524288
          64        65536         355.111      8388608      1048576
          64       131072         685.332     16777216      2097152
          64       262144        1369.977     33554432      4194304
          64       524288        2751.096     67108864      8388608
         128            1           0.755          256           32
         128            2           0.759          512           64
         128            4           0.741         1024          128
         128            8           0.750         2048          256
         128           16           0.768         4096          512
         128           32           0.975         8192         1024
         128           64           1.030        16384         2048
         128          128           1.358        32768         4096
         128          256           2.023        65536         8192
         128          512           3.422       131072        16384
         128         1024           6.042       262144        32768
         128         2048          11.403       524288        65536
         128         4096          22.091      1048576       131072
         128         8192          43.480      2097152       262144
         128        16384          86.269      4194304       524288
         128        32768         171.850      8388608      1048576
         128        65536         343.009     16777216      2097152
         128       131072         685.458     33554432      4194304
         128       262144        1369.983     67108864      8388608
         192            1           0.765          384           48
         192            2           0.758          768           96
         192            4           0.772         1536          192
         192            8           0.767         3072          384
         192           16           0.826         6144          768
         192           32           0.861        12288         1536
         192           64           1.152        24576         3072
         192          128           1.369        49152         6144
         192          256           2.051        98304        12288
         192          512           3.383       196608        24576
         192         1024           6.050       393216        49152
         192         2048          11.406       786432        98304
         192         4096          22.091      1572864       196608
         192         8192          43.494      3145728       393216
         192        16384          89.661      6291456       786432
         192        32768         171.968     12582912      1572864
         192        65536         343.026     25165824      3145728
         192       131072         685.411     50331648      6291456
         192       262144        1369.993    100663296     12582912
         256            1           0.792          512           64
         256            2           0.755         1024          128
         256            4           0.849         2048          256
         256            8           0.771         4096          512
         256           16           0.799         8192         1024
         256           32           0.859        16384         2048
         256           64           1.167        32768         4096
         256          128           1.360        65536         8192
         256          256           2.028       131072        16384
         256          512           3.370       262144        32768
         256         1024           6.146       524288        65536
         256         2048          11.540      1048576       131072
         256         4096          22.095      2097152       262144
         256         8192          43.494      4194304       524288
         256        16384          86.281      8388608      1048576
         256        32768         171.864     16777216      2097152
         256        65536         343.024     33554432      4194304
         256       131072         690.569     67108864      8388608
         320            1           0.741          640           80
         320            2           0.745         1280          160
         320            4           0.808         2560          320
         320            8           0.893         5120          640
         320           16           0.808        10240         1280
         320           32           0.899        20480         2560
         320           64           1.070        40960         5120
         320          128           1.413        81920        10240
         320          256           2.177       163840        20480
         320          512           3.379       327680        40960
         320         1024           6.055       655360        81920
         320         2048          11.420      1310720       163840
         320         4096          22.205      2621440       327680
         320         8192          43.510      5242880       655360
         320        16384          86.287     10485760      1310720
         320        32768         171.901     20971520      2621440
         320        65536         343.046     41943040      5242880
         320       131072         685.354     83886080     10485760
         384            1           0.738          768           96
         384            2           0.758         1536          192
         384            4           0.800         3072          384
         384            8           0.780         6144          768
         384           16           0.968        12288         1536
         384           32           0.895        24576         3072
         384           64           1.187        49152         6144
         384          128           1.385        98304        12288
         384          256           2.042       196608        24576
         384          512           3.388       393216        49152
         384         1024           6.170       786432        98304
         384         2048          11.404      1572864       196608
         384         4096          22.105      3145728       393216
         384         8192          43.519      6291456       786432
         384        16384          86.322     12582912      1572864
         384        32768         171.897     25165824      3145728
         384        65536         343.068     50331648      6291456
         384       131072         685.367    100663296     12582912
         448            1           0.754          896          112
         448            2           0.802         1792          224
         448            4           0.764         3584          448
         448            8           0.801         7168          896
         448           16           0.818        14336         1792
         448           32           0.927        28672         3584
         448           64           1.133        57344         7168
         448          128           1.456       114688        14336
         448          256           2.301       229376        28672
         448          512           3.438       458752        57344
         448         1024           6.071       917504       114688
         448         2048          11.454      1835008       229376
         448         4096          22.266      3670016       458752
         448         8192          43.550      7340032       917504
         448        16384          86.387     14680064      1835008
         448        32768         171.922     29360128      3670016
         448        65536         343.252     58720256      7340032
         448       131072         695.971    117440512     14680064
         512            1           0.754         1024          128
         512            2           0.750         2048          256
         512            4           0.762         4096          512
         512            8           0.767         8192         1024
         512           16           0.835        16384         2048
         512           32           0.919        32768         4096
         512           64           1.086        65536         8192
         512          128           1.407       131072        16384
         512          256           2.078       262144        32768
         512          512           3.412       524288        65536
         512         1024           6.086      1048576       131072
         512         2048          11.430      2097152       262144
         512         4096          22.131      4194304       524288
         512         8192          43.536      8388608      1048576
         512        16384          86.317     16777216      2097152
         512        32768         171.935     33554432      4194304
         512        65536         343.065     67108864      8388608
         576            1           0.745         1152          144
         576            2           0.760         2304          288
         576            4           0.765         4608          576
         576            8           0.776         9216         1152
         576           16           0.841        18432         2304
         576           32           0.966        36864         4608
         576           64           1.176        73728         9216
         576          128           1.509       147456        18432
         576          256           2.236       294912        36864
         576          512           3.678       589824        73728
         576         1024           6.583      1179648       147456
         576         2048          12.360      2359296       294912
         576         4096          24.020      4718592       589824
         576         8192          47.176      9437184      1179648
         576        16384          93.510     18874368      2359296
         576        32768         186.217     37748736      4718592
         576        65536         371.637     75497472      9437184
         640            1           0.767         1280          160
         640            2           0.742         2560          320
         640            4           0.775         5120          640
         640            8           0.785        10240         1280
         640           16           0.835        20480         2560
         640           32           0.943        40960         5120
         640           64           1.133        81920        10240
         640          128           1.523       163840        20480
         640          256           2.310       327680        40960
         640          512           3.891       655360        81920
         640         1024           7.011      1310720       163840
         640         2048          13.360      2621440       327680
         640         4096          25.868      5242880       655360
         640         8192          50.814     10485760      1310720
         640        16384         100.718     20971520      2621440
         640        32768         200.598     41943040      5242880
         640        65536         400.255     83886080     10485760
         704            1           0.741         1408          176
         704            2           0.759         2816          352
         704            4           0.770         5632          704
         704            8           0.790        11264         1408
         704           16           0.851        22528         2816
         704           32           0.969        45056         5632
         704           64           1.187        90112        11264
         704          128           1.635       180224        22528
         704          256           2.522       360448        45056
         704          512           4.347       720896        90112
         704         1024           7.912      1441792       180224
         704         2048          15.139      2883584       360448
         704         4096          29.442      5767168       720896
         704         8192          57.977     11534336      1441792
         704        16384         114.982     23068672      2883584
         704        32768         229.106     46137344      5767168
         704        65536         457.354     92274688     11534336
         768            1           0.758         1536          192
         768            2           0.743         3072          384
         768            4           0.766         6144          768
         768            8           0.800        12288         1536
         768           16           0.849        24576         3072
         768           32           0.964        49152         6144
         768           64           1.230        98304        12288
         768          128           1.696       196608        24576
         768          256           2.519       393216        49152
         768          512           4.332       786432        98304
         768         1024           7.895      1572864       196608
         768         2048          15.143      3145728       393216
         768         4096          29.412      6291456       786432
         768         8192          57.980     12582912      1572864
         768        16384         114.998     25165824      3145728
         768        32768         233.884     50331648      6291456
         768        65536         457.322    100663296     12582912
         832            1           0.744         1664          208
         832            2           0.747         3328          416
         832            4           0.763         6656          832
         832            8           0.801        13312         1664
         832           16           0.866        26624         3328
         832           32           0.987        53248         6656
         832           64           1.236       106496        13312
         832          128           1.767       212992        26624
         832          256           2.775       425984        53248
         832          512           4.772       851968       106496
         832         1024           8.816      1703936       212992
         832         2048          16.947      3407872       425984
         832         4096          32.981      6815744       851968
         832         8192          65.068     13631488      1703936
         832        16384         129.269     27262976      3407872
         832        32768         257.658     54525952      6815744
         832        65536         514.377    109051904     13631488
         896            1           0.846         1792          224
         896            2           0.773         3584          448
         896            4           0.766         7168          896
         896            8           0.794        14336         1792
         896           16           0.862        28672         3584
         896           32           1.000        57344         7168
         896           64           1.226       114688        14336
         896          128           1.740       229376        28672
         896          256           2.755       458752        57344
         896          512           4.811       917504       114688
         896         1024           8.780      1835008       229376
         896         2048          16.930      3670016       458752
         896         4096          33.073      7340032       917504
         896         8192          65.217     14680064      1835008
         896        16384         129.255     29360128      3670016
         896        32768         257.650     58720256      7340032
         896        65536         514.376    117440512     14680064
         960            1           0.761         1920          240
         960            2           0.771         3840          480
         960            4           0.871         7680          960
         960            8           0.815        15360         1920
         960           16           0.897        30720         3840
         960           32           1.133        61440         7680
         960           64           1.310       122880        15360
         960          128           1.864       245760        30720
         960          256           2.998       491520        61440
         960          512           5.230       983040       122880
         960         1024           9.660      1966080       245760
         960         2048          18.832      3932160       491520
         960         4096          36.557      7864320       983040
         960         8192          72.279     15728640      1966080
         960        16384         143.522     31457280      3932160
         960        32768         286.169     62914560      7864320
        1024            1           0.776         2048          256
        1024            2           0.768         4096          512
        1024            4           0.791         8192         1024
        1024            8           0.935        16384         2048
        1024           16           0.876        32768         4096
        1024           32           1.028        65536         8192
        1024           64           1.311       131072        16384
        1024          128           2.047       262144        32768
        1024          256           2.975       524288        65536
        1024          512           5.372      1048576       131072
        1024         1024           9.688      2097152       262144
        1024         2048          18.830      4194304       524288
        1024         4096          36.547      8388608      1048576
        1024         8192          72.241     16777216      2097152
        1024        16384         143.672     33554432      4194304
        1024        32768         285.775     67108864      8388608
        1088            1           0.857         2176          272
        1088            2           0.738         4352          544
        1088            4           0.790         8704         1088
        1088            8           0.815        17408         2176
        1088           16           0.889        34816         4352
        1088           32           1.080        69632         8704
        1088           64           1.361       139264        17408
        1088          128           1.964       278528        34816
        1088          256           3.184       557056        69632
        1088          512           5.675      1114112       139264
        1088         1024          10.558      2228224       278528
        1088         2048          22.875      4456448       557056
        1088         4096          40.110      8912896      1114112
        1088         8192          79.354     17825792      2228224
        1088        16384         157.799     35651584      4456448
        1088        32768         314.732     71303168      8912896
        1152            1           0.752         2304          288
        1152            2           0.899         4608          576
        1152            4           0.922         9216         1152
        1152            8           0.848        18432         2304
        1152           16           1.074        36864         4608
        1152           32           1.080        73728         9216
        1152           64           1.365       147456        18432
        1152          128           1.949       294912        36864
        1152          256           3.234       589824        73728
        1152          512           5.685      1179648       147456
        1152         1024          10.585      2359296       294912
        1152         2048          20.559      4718592       589824
        1152         4096          40.294      9437184      1179648
        1152         8192          79.392     18874368      2359296
        1152        16384         157.936     37748736      4718592
        1152        32768         314.735     75497472      9437184
        1216            1           0.745         2432          304
        1216            2           0.781         4864          608
        1216            4           0.777         9728         1216
        1216            8           0.826        19456         2432
        1216           16           0.908        38912         4864
        1216           32           1.101        77824         9728
        1216           64           1.517       155648        19456
        1216          128           2.165       311296        38912
        1216          256           3.404       622592        77824
        1216          512           6.108      1245184       155648
        1216         1024          11.602      2490368       311296
        1216         2048          22.284      4980736       622592
        1216         4096          43.704      9961472      1245184
        1216         8192          86.500     19922944      2490368
        1216        16384         172.057     39845888      4980736
        1216        32768         343.202     79691776      9961472
        1280            1           0.755         2560          320
        1280            2           0.755         5120          640
        1280            4           0.783        10240         1280
        1280            8           1.017        20480         2560
        1280           16           0.912        40960         5120
        1280           32           1.187        81920        10240
        1280           64           1.408       163840        20480
        1280          128           2.240       327680        40960
        1280          256           3.570       655360        81920
        1280          512           6.238      1310720       163840
        1280         1024          11.472      2621440       327680
        1280         2048          22.316      5242880       655360
        1280         4096          43.709     10485760      1310720
        1280         8192          86.551     20971520      2621440
        1280        16384         172.133     41943040      5242880
        1280        32768         343.217     83886080     10485760
        1408            1           0.743         2816          352
        1408            2           0.911         5632          704
        1408            4           0.802        11264         1408
        1408            8           0.958        22528         2816
        1408           16           0.967        45056         5632
        1408           32           1.124        90112        11264
        1408           64           1.536       180224        22528
        1408          128           2.179       360448        45056
        1408          256           3.634       720896        90112
        1408          512           6.586      1441792       180224
        1408         1024          12.486      2883584       360448
        1408         2048          24.078      5767168       720896
        1408         4096          47.248     11534336      1441792
        1408         8192          93.599     23068672      2883584
        1408        16384         186.313     46137344      5767168
        1408        32768         371.735     92274688     11534336
        1536            1           0.756         3072          384
        1536            2           0.776         6144          768
        1536            4           0.803        12288         1536
        1536            8           0.862        24576         3072
        1536           16           0.938        49152         6144
        1536           32           1.119        98304        12288
        1536           64           1.514       196608        24576
        1536          128           2.295       393216        49152
        1536          256           3.886       786432        98304
        1536          512           7.015      1572864       196608
        1536         1024          13.370      3145728       393216
        1536         2048          25.845      6291456       786432
        1536         4096          50.819     12582912      1572864
        1536         8192         100.744     25165824      3145728
        1536        16384         200.597     50331648      6291456
        1536        32768         404.992    100663296     12582912
        1664            1           0.740         3328          416
        1664            2           0.802         6656          832
        1664            4           0.804        13312         1664
        1664            8           0.828        26624         3328
        1664           16           1.073        53248         6656
        1664           32           1.177       106496        13312
        1664           64           1.559       212992        26624
        1664          128           2.578       425984        53248
        1664          256           4.207       851968       106496
        1664          512           7.457      1703936       212992
        1664         1024          14.264      3407872       425984
        1664         2048          27.623      6815744       851968
        1664         4096          54.356     13631488      1703936
        1664         8192         108.011     27262976      3407872
        1664        16384         215.011     54525952      6815744
        1664        32768         428.783    109051904     13631488
        1792            1           0.740         3584          448
        1792            2           0.891         7168          896
        1792            4           0.831        14336         1792
        1792            8           0.907        28672         3584
        1792           16           1.067        57344         7168
        1792           32           1.287       114688        14336
        1792           64           1.625       229376        28672
        1792          128           2.658       458752        57344
        1792          256           4.347       917504       114688
        1792          512           8.032      1835008       229376
        1792         1024          15.231      3670016       458752
        1792         2048          29.401      7340032       917504
        1792         4096          57.932     14680064      1835008
        1792         8192         114.980     29360128      3670016
        1792        16384         229.089     58720256      7340032
        1792        32768         457.385    117440512     14680064
        1920            1           0.757         3840          480
        1920            2           0.790         7680          960
        1920            4           0.918        15360         1920
        1920            8           1.024        30720         3840
        1920           16           1.137        61440         7680
        1920           32           1.223       122880        15360
        1920           64           1.810       245760        30720
        1920          128           2.735       491520        61440
        1920          256           4.578       983040       122880
        1920          512           8.481      1966080       245760
        1920         1024          16.053      3932160       491520
        1920         2048          31.383      7864320       983040
        1920         4096          61.653     15728640      1966080
        1920         8192         122.147     31457280      3932160
        1920        16384         243.362     62914560      7864320
        2112            1           0.767         4224          528
        2112            2           0.820         8448         1056
        2112            4           0.819        16896         2112
        2112            8           0.874        33792         4224
        2112           16           1.007        67584         8448
        2112           32           1.268       135168        16896
        2112           64           1.837       270336        33792
        2112          128           2.996       540672        67584
        2112          256           4.988      1081344       135168
        2112          512           9.295      2162688       270336
        2112         1024          17.805      4325376       540672
        2112         2048          34.731      8650752      1081344
        2112         4096          68.614     17301504      2162688
        2112         8192         136.376     34603008      4325376
        2112        16384         271.877     69206016      8650752
        2304            1           0.768         4608          576
        2304            2           0.892         9216         1152
        2304            4           1.040        18432         2304
        2304            8           0.926        36864         4608
        2304           16           1.020        73728         9216
        2304           32           1.287       147456        18432
        2304           64           1.960       294912        36864
        2304          128           3.156       589824        73728
        2304          256           5.227      1179648       147456
        2304          512           9.683      2359296       294912
        2304         1024          18.719      4718592       589824
        2304         2048          36.673      9437184      1179648
        2304         4096          72.208     18874368      2359296
        2304         8192         143.519     37748736      4718592
        2304        16384         286.163     75497472      9437184
        2496            1           0.778         4992          624
        2496            2           0.954         9984         1248
        2496            4           1.004        19968         2496
        2496            8           0.969        39936         4992
        2496           16           1.229        79872         9984
        2496           32           1.579       159744        19968
        2496           64           2.515       319488        39936
        2496          128           4.096       638976        79872
        2496          256           7.484      1277952       159744
        2496          512          14.010      2555904       319488
        2496         1024          27.180      5111808       638976
        2496         2048          56.264     10223616      1277952
        2496         4096         107.062     20447232      2555904
        2496         8192         213.087     40894464      5111808
        2496        16384         423.260     81788928     10223616
        2688            1           0.749         5376          672
        2688            2           0.827        10752         1344
        2688            4           1.001        21504         2688
        2688            8           0.929        43008         5376
        2688           16           1.224        86016        10752
        2688           32           1.473       172032        21504
        2688           64           2.020       344064        43008
        2688          128           3.317       688128        86016
        2688          256           5.884      1376256       172032
        2688          512          11.045      2752512       344064
        2688         1024          21.386      5505024       688128
        2688         2048          41.916     11010048      1376256
        2688         4096          82.899     22020096      2752512
        2688         8192         164.911     44040192      5505024
        2688        16384         328.937     88080384     11010048
        2944            1           0.758         5888          736
        2944            2           0.795        11776         1472
        2944            4           0.846        23552         2944
        2944            8           0.961        47104         5888
        2944           16           1.077        94208        11776
        2944           32           1.434       188416        23552
        2944           64           2.128       376832        47104
        2944          128           3.548       753664        94208
        2944          256           6.443      1507328       188416
        2944          512          11.898      3014656       376832
        2944         1024          23.171      6029312       753664
        2944         2048          45.500     12058624      1507328
        2944         4096          90.035     24117248      3014656
        2944         8192         179.189     48234496      6029312
        2944        16384         357.478     96468992     12058624
        3200            1           0.779         6400          800
        3200            2           0.854        12800         1600
        3200            4           0.866        25600         3200
        3200            8           0.919        51200         6400
        3200           16           1.284       102400        12800
        3200           32           1.634       204800        25600
        3200           64           2.240       409600        51200
        3200          128           3.921       819200       102400
        3200          256           6.955      1638400       204800
        3200          512          12.927      3276800       409600
        3200         1024          25.045      6553600       819200
        3200         2048          49.017     13107200      1638400
        3200         4096          97.181     26214400      3276800
        3200         8192         193.436     52428800      6553600
        3200        16384         385.997    104857600     13107200
        3520            1           0.999         7040          880
        3520            2           0.827        14080         1760
        3520            4           0.905        28160         3520
        3520            8           0.944        56320         7040
        3520           16           1.161       112640        14080
        3520           32           1.573       225280        28160
        3520           64           2.417       450560        56320
        3520          128           4.089       901120       112640
        3520          256           7.440      1802240       225280
        3520          512          14.246      3604480       450560
        3520         1024          27.619      7208960       901120
        3520         2048          54.349     14417920      1802240
        3520         4096         107.831     28835840      3604480
        3520         8192         214.813     57671680      7208960
        3520        16384         428.772    115343360     14417920
        3840            1           0.763         7680          960
        3840            2           0.804        15360         1920
        3840            4           0.911        30720         3840
        3840            8           0.957        61440         7680
        3840           16           1.188       122880        15360
        3840           32           1.639       245760        30720
        3840           64           2.540       491520        61440
        3840          128           4.352       983040       122880
        3840          256           7.919      1966080       245760
        3840          512          15.168      3932160       491520
        3840         1024          47.459      7864320       983040
        3840         2048          58.078     15728640      1966080
        3840         4096         115.206     31457280      3932160
        3840         8192         244.647     62914560      7864320
        4224            1           0.795         8448         1056
        4224            2           0.802        16896         2112
        4224            4           0.871        33792         4224
        4224            8           1.049        67584         8448
        4224           16           1.358       135168        16896
        4224           32           1.966       270336        33792
        4224           64           3.202       540672        67584
        4224          128           5.638      1081344       135168
        4224          256          10.584      2162688       270336
        4224          512          20.295      4325376       540672
        4224         1024          39.656      8650752      1081344
        4224         2048          85.144     17301504      2162688
        4224         4096         155.937     34603008      4325376
        4224         8192         310.956     69206016      8650752
        4608            1           0.764         9216         1152
        4608            2           0.805        18432         2304
        4608            4           0.894        36864         4608
        4608            8           1.041        73728         9216
        4608           16           1.261       147456        18432
        4608           32           1.801       294912        36864
        4608           64           2.878       589824        73728
        4608          128           4.997      1179648       147456
        4608          256           9.231      2359296       294912
        4608          512          17.813      4718592       589824
        4608         1024          34.757      9437184      1179648
        4608         2048          68.634     18874368      2359296
        4608         4096         136.391     37748736      4718592
        4608         8192         271.912     75497472      9437184
        5056            1           0.864        10112         1264
        5056            2           0.828        20224         2528
        5056            4           0.914        40448         5056
        5056            8           1.080        80896        10112
        5056           16           1.438       161792        20224
        5056           32           1.918       323584        40448
        5056           64           3.082       647168        80896
        5056          128           5.297      1294336       161792
        5056          256          11.826      2588672       323584
        5056          512          22.141      5177344       647168
        5056         1024          44.322     10354688      1294336
        5056         2048          88.421     20709376      2588672
        5056         4096         177.076     41418752      5177344
        5056         8192         354.333     82837504     10354688
        5504            1           0.789        11008         1376
        5504            2           0.838        22016         2752
        5504            4           0.942        44032         5504
        5504            8           1.117        88064        11008
        5504           16           1.522       176128        22016
        5504           32           2.273       352256        44032
        5504           64           3.788       704512        88064
        5504          128           6.749      1409024       176128
        5504          256          12.687      2818048       352256
        5504          512          24.683      5636096       704512
        5504         1024          48.429     11272192      1409024
        5504         2048          95.943     22544384      2818048
        5504         4096         190.950     45088768      5636096
        5504         8192         380.977     90177536     11272192
        6016            1           0.777        12032         1504
        6016            2           0.816        24064         3008
        6016            4           0.936        48128         6016
        6016            8           1.134        96256        12032
        6016           16           1.580       192512        24064
        6016           32           2.365       385024        48128
        6016           64           3.986       770048        96256
        6016          128           7.149      1540096       192512
        6016          256          13.501      3080192       385024
        6016          512          26.305      6160384       770048
        6016         1024          51.773     12320768      1540096
        6016         2048         102.453     24641536      3080192
        6016         4096         203.933     49283072      6160384
        6016         8192         411.305     98566144     12320768
        6592            1           0.794        13184         1648
        6592            2           0.845        26368         3296
        6592            4           0.995        52736         6592
        6592            8           1.200       105472        13184
        6592           16           1.616       210944        26368
        6592           32           2.468       421888        52736
        6592           64           4.142       843776       105472
        6592          128           7.530      1687552       210944
        6592          256          14.400      3375104       421888
        6592          512          27.875      6750208       843776
        6592         1024          54.854     13500416      1687552
        6592         2048         108.936     27000832      3375104
        6592         4096         216.293     54001664      6750208
        6592         8192         432.757    108003328     13500416
        7232            1           0.810        14464         1808
        7232            2           0.827        28928         3616
        7232            4           0.949        57856         7232
        7232            8           1.218       115712        14464
        7232           16           1.675       231424        28928
        7232           32           2.596       462848        57856
        7232           64           4.348       925696       115712
        7232          128           8.016      1851392       231424
        7232          256          15.280      3702784       462848
        7232          512          30.013      7405568       925696
        7232         1024          58.863     14811136      1851392
        7232         2048         117.404     29622272      3702784
        7232         4096         233.379     59244544      7405568
        7232         8192         466.927    118489088     14811136
        7936            1           0.831        15872         1984
        7936            2           0.861        31744         3968
        7936            4           0.998        63488         7936
        7936            8           1.260       126976        15872
        7936           16           1.739       253952        31744
        7936           32           2.732       507904        63488
        7936           64           4.641      1015808       126976
        7936          128           8.616      2031616       253952
        7936          256          16.439      4063232       507904
        7936          512          32.201      8126464      1015808
        7936         1024          63.467     16252928      2031616
        7936         2048         126.003     32505856      4063232
        7936         4096         251.058     65011712      8126464
        8704            1           0.795        17408         2176
        8704            2           0.859        34816         4352
        8704            4           1.008        69632         8704
        8704            8           1.285       139264        17408
        8704           16           1.831       278528        34816
        8704           32           2.891       557056        69632
        8704           64           4.936      1114112       139264
        8704          128           9.246      2228224       278528
        8704          256          17.795      4456448       557056
        8704          512          34.707      8912896      1114112
        8704         1024          68.458     17825792      2228224
        8704         2048         135.994     35651584      4456448
        8704         4096         271.050     71303168      8912896
        9536            1           0.795        19072         2384
        9536            2           0.970        38144         4768
        9536            4           1.058        76288         9536
        9536            8           1.346       152576        19072
        9536           16           2.028       305152        38144
        9536           32           3.042       610304        76288
        9536           64           5.297      1220608       152576
        9536          128           9.984      2441216       305152
        9536          256          19.065      4882432       610304
        9536          512          37.020      9764864      1220608
        9536         1024          73.135     19529728      2441216
        9536         2048         145.315     39059456      4882432
        9536         4096         289.636     78118912      9764864
       10432            1           0.806        20864         2608
       10432            2           0.863        41728         5216
       10432            4           1.037        83456        10432
       10432            8           1.349       166912        20864
       10432           16           1.999       333824        41728
       10432           32           3.209       667648        83456
       10432           64           5.642      1335296       166912
       10432          128          10.488      2670592       333824
       10432          256          20.184      5341184       667648
       10432          512          39.697     10682368      1335296
       10432         1024          78.488     21364736      2670592
       10432         2048         158.772     42729472      5341184
       10432         4096         311.730     85458944     10682368
       11456            1           0.813        22912         2864
       11456            2           0.872        45824         5728
       11456            4           1.061        91648        11456
       11456            8           1.396       183296        22912
       11456           16           2.079       366592        45824
       11456           32           3.394       733184        91648
       11456           64           6.031      1466368       183296
       11456          128          11.220      2932736       366592
       11456          256          21.744      5865472       733184
       11456          512          42.621     11730944      1466368
       11456         1024          84.775     23461888      2932736
       11456         2048         168.510     46923776      5865472
       11456         4096         335.640     93847552     11730944
       12544            1           0.840        25088         3136
       12544            2           0.913        50176         6272
       12544            4           1.115       100352        12544
       12544            8           1.452       200704        25088
       12544           16           2.185       401408        50176
       12544           32           3.610       802816       100352
       12544           64           6.471      1605632       200704
       12544          128          12.157      3211264       401408
       12544          256          23.600      6422528       802816
       12544          512          46.269     12845056      1605632
       12544         1024          91.705     25690112      3211264
       12544         2048         182.478     51380224      6422528
       12544         4096         364.015    102760448     12845056
       13760            1           0.968        27520         3440
       13760            2           1.073        55040         6880
       13760            4           1.254       110080        13760
       13760            8           1.690       220160        27520
       13760           16           2.335       440320        55040
       13760           32           3.827       880640       110080
       13760           64           6.885      1761280       220160
       13760          128          12.999      3522560       440320
       13760          256          25.199      7045120       880640
       13760          512          49.733     14090240      1761280
       13760         1024          98.721     28180480      3522560
       13760         2048         196.190     56360960      7045120
       13760         4096         391.399    112721920     14090240
       15104            1           0.886        30208         3776
       15104            2           1.049        60416         7552
       15104            4           1.201       120832        15104
       15104            8           1.584       241664        30208
       15104           16           2.439       483328        60416
       15104           32           4.113       966656       120832
       15104           64           7.550      1933312       241664
       15104          128          14.131      3866624       483328
       15104          256          27.552      7733248       966656
       15104          512          54.332     15466496      1933312
       15104         1024         107.426     30932992      3866624
       15104         2048         214.058     61865984      7733248
       15104         4096         426.932    123731968     15466496
       16576            1           0.835        33152         4144
       16576            2           0.939        66304         8288
       16576            4           1.186       132608        16576
       16576            8           1.647       265216        33152
       16576           16           2.563       530432        66304
       16576           32           4.374      1060864       132608
       16576           64           7.949      2121728       265216
       16576          128          15.105      4243456       530432
       16576          256          29.438      8486912      1060864
       16576          512          58.023     16973824      2121728
       16576         1024         117.316     33947648      4243456
       16576         2048         230.026     67895296      8486912
       18176            1           0.839        36352         4544
       18176            2           0.966        72704         9088
       18176            4           1.222       145408        18176
       18176            8           1.716       290816        36352
       18176           16           2.710       581632        72704
       18176           32           4.690      1163264       145408
       18176           64           8.622      2326528       290816
       18176          128          21.599      4653056       581632
       18176          256          32.100      9306112      1163264
       18176          512          63.639     18612224      2326528
       18176         1024         126.385     37224448      4653056
       18176         2048         251.814     74448896      9306112
       19968            1           0.906        39936         4992
       19968            2           1.030        79872         9984
       19968            4           1.435       159744        19968
       19968            8           1.928       319488        39936
       19968           16           2.885       638976        79872
       19968           32           5.086      1277952       159744
       19968           64           9.250      2555904       319488
       19968          128          17.959      5111808       638976
       19968          256          35.081     10223616      1277952
       19968          512          68.842     20447232      2555904
       19968         1024         136.773     40894464      5111808
       19968         2048         272.620     81788928     10223616
       21952            1           0.965        43904         5488
       21952            2           1.004        87808        10976
       21952            4           1.387       175616        21952
       21952            8           2.005       351232        43904
       21952           16           3.085       702464        87808
       21952           32           5.399      1404928       175616
       21952           64          10.000      2809856       351232
       21952          128          19.241      5619712       702464
       21952          256          37.815     11239424      1404928
       21952          512          74.695     22478848      2809856
       21952         1024         148.465     44957696      5619712
       21952         2048         295.810     89915392     11239424
       24128            1           0.921        48256         6032
       24128            2           1.126        96512        12064
       24128            4           1.439       193024        24128
       24128            8           2.018       386048        48256
       24128           16           3.394       772096        96512
       24128           32           5.802      1544192       193024
       24128           64          10.857      3088384       386048
       24128          128          20.914      6176768       772096
       24128          256          41.016     12353536      1544192
       24128          512          81.468     24707072      3088384
       24128         1024         162.039     49414144      6176768
       24128         2048         323.182     98828288     12353536
       26496            1           0.914        52992         6624
       26496            2           1.197       105984        13248
       26496            4           1.545       211968        26496
       26496            8           2.237       423936        52992
       26496           16           3.521       847872       105984
       26496           32           6.275      1695744       211968
       26496           64          11.782      3391488       423936
       26496          128          22.955      6782976       847872
       26496          256          45.061     13565952      1695744
       26496          512          88.923     27131904      3391488
       26496         1024         176.803     54263808      6782976
       26496         2048         352.542    108527616     13565952
       29120            1           0.924        58240         7280
       29120            2           1.218       116480        14560
       29120            4           1.509       232960        29120
       29120            8           2.392       465920        58240
       29120           16           3.764       931840       116480
       29120           32           6.775      1863680       232960
       29120           64          12.774      3727360       465920
       29120          128          24.941      7454720       931840
       29120          256          48.841     14909440      1863680
       29120          512          96.749     29818880      3727360
       29120         1024         192.578     59637760      7454720
       29120         2048         384.244    119275520     14909440
       32000            1           1.002        64000         8000
       32000            2           1.128       128000        16000
       32000            4           1.549       256000        32000
       32000            8           2.393       512000        64000
       32000           16           4.071      1024000       128000
       32000           32           7.352      2048000       256000
       32000           64          13.930      4096000       512000
       32000          128          27.010      8192000      1024000
       32000          256          57.978     16384000      2048000
       32000          512         105.571     32768000      4096000
       32000         1024         210.297     65536000      8192000
       35200            1           1.116        70400         8800
       35200            2           1.174       140800        17600
       35200            4           1.641       281600        35200
       35200            8           2.543       563200        70400
       35200           16           4.531      1126400       140800
       35200           32           7.947      2252800       281600
       35200           64          15.116      4505600       563200
       35200          128          29.431      9011200      1126400
       35200          256          58.067     18022400      2252800
       35200          512         115.388     36044800      4505600
       35200         1024         229.841     72089600      9011200
       38720            1           0.975        77440         9680
       38720            2           1.230       154880        19360
       38720            4           1.742       309760        38720
       38720            8           2.713       619520        77440
       38720           16           4.674      1239040       154880
       38720           32           8.606      2478080       309760
       38720           64          16.421      4956160       619520
       38720          128          32.078      9912320      1239040
       38720          256          63.485     19824640      2478080
       38720          512         126.054     39649280      4956160
       38720         1024         251.191     79298560      9912320
       42560            1           1.017        85120        10640
       42560            2           1.253       170240        21280
       42560            4           1.802       340480        42560
       42560            8           2.880       680960        85120
       42560           16           5.042      1361920       170240
       42560           32           9.333      2723840       340480
       42560           64          17.903      5447680       680960
       42560          128          35.035     10895360      1361920
       42560          256          69.384     21790720      2723840
       42560          512         137.746     43581440      5447680
       42560         1024         274.810     87162880     10895360
       46784            1           1.021        93568        11696
       46784            2           1.310       187136        23392
       46784            4           1.894       374272        46784
       46784            8           3.080       748544        93568
       46784           16           5.463      1497088       187136
       46784           32          10.143      2994176       374272
       46784           64          19.483      5988352       748544
       46784          128          38.220     11976704      1497088
       46784          256          75.723     23953408      2994176
       46784          512         150.689     47906816      5988352
       46784         1024         300.237     95813632     11976704
       51456            1           1.042       102912        12864
       51456            2           1.373       205824        25728
       51456            4           2.037       411648        51456
       51456            8           3.310       823296       102912
       51456           16           5.916      1646592       205824
       51456           32          11.070      3293184       411648
       51456           64          21.346      6586368       823296
       51456          128          41.875     13172736      1646592
       51456          256          83.062     26345472      3293184
       51456          512         165.170     52690944      6586368
       51456         1024         329.404    105381888     13172736
       56576            1           1.075       113152        14144
       56576            2           1.418       226304        28288
       56576            4           2.131       452608        56576
       56576            8           3.556       905216       113152
       56576           16           6.390      1810432       226304
       56576           32          12.028      3620864       452608
       56576           64          23.293      7241728       905216
       56576          128          45.818     14483456      1810432
       56576          256          90.837     28966912      3620864
       56576          512         180.817     57933824      7241728
       56576         1024         360.615    115867648     14483456
       62208            1           1.344       124416        15552
       62208            2           3.879       248832        31104
       62208            4           2.276       497664        62208
       62208            8           3.826       995328       124416
       62208           16           6.992      1990656       248832
       62208           32          13.148      3981312       497664
       62208           64          25.495      7962624       995328
       62208          128          50.131     15925248      1990656
       62208          256          99.449     31850496      3981312
       62208          512         198.117     63700992      7962624
       68416            1           1.262       136832        17104
       68416            2           1.742       273664        34208
       68416            4           2.450       547328        68416
       68416            8           4.197      1094656       136832
       68416           16           7.507      2189312       273664
       68416           32          14.261      4378624       547328
       68416           64          27.763      8757248      1094656
       68416          128          54.740     17514496      2189312
       68416          256         108.619     35028992      4378624
       68416          512         216.643     70057984      8757248
       75200            1           1.282       150400        18800
       75200            2           1.756       300800        37600
       75200            4           2.586       601600        75200
       75200            8           4.595      1203200       150400
       75200           16           8.165      2406400       300800
       75200           32          15.599      4812800       601600
       75200           64          30.348      9625600      1203200
       75200          128          60.045     19251200      2406400
       75200          256         119.218     38502400      4812800
       75200          512         237.937     77004800      9625600
       82688            1           0.889       165376        20672
       82688            2           1.751       330752        41344
       82688            4           2.786       661504        82688
       82688            8           4.812      1323008       165376
       82688           16           8.893      2646016       330752
       82688           32          17.024      5292032       661504
       82688           64          33.234     10584064      1323008
       82688          128          65.703     21168128      2646016
       82688          256         130.703     42336256      5292032
       82688          512         260.469     84672512     10584064
       90944            1           0.944       181888        22736
       90944            2           1.958       363776        45472
       90944            4           2.974       727552        90944
       90944            8           5.203      1455104       181888
       90944           16           9.659      2910208       363776
       90944           32          18.591      5820416       727552
       90944           64          36.328     11640832      1455104
       90944          128          72.053     23281664      2910208
       90944          256         143.122     46563328      5820416
       90944          512         284.632     93126656     11640832
      100032            1           1.399       200064        25008
      100032            2           1.955       400128        50016
      100032            4           3.306       800256       100032
      100032            8           5.623      1600512       200064
      100032           16          10.535      3201024       400128
      100032           32          20.436      6402048       800256
      100032           64          39.899     12804096      1600512
      100032          128          79.083     25608192      3201024
      100032          256         157.203     51216384      6402048
      100032          512         313.563    102432768     12804096
      110016            1           1.619       220032        27504
      110016            2           2.073       440064        55008
      110016            4           3.431       880128       110016
      110016            8           6.120      1760256       220032
      110016           16          11.483      3520512       440064
      110016           32          22.211      7041024       880128
      110016           64          43.744     14082048      1760256
      110016          128          86.463     28164096      3520512
      110016          256         171.982     56328192      7041024
      110016          512         343.756    112656384     14082048
      120960            1           1.078       241920        30240
      120960            2           2.199       483840        60480
      120960            4           3.677       967680       120960
      120960            8           6.635      1935360       241920
      120960           16          12.521      3870720       483840
      120960           32          24.278      7741440       967680
      120960           64          47.818     15482880      1935360
      120960          128         100.010     30965760      3870720
      120960          256         189.081     61931520      7741440
      120960          512         376.917    123863040     15482880
      133056            1           1.616       266112        33264
      133056            2           2.385       532224        66528
      133056            4           4.111      1064448       133056
      133056            8           7.211      2128896       266112
      133056           16          13.665      4257792       532224
      133056           32          26.586      8515584      1064448
      133056           64          52.444     17031168      2128896
      133056          128         104.052     34062336      4257792
      133056          256         207.397     68124672      8515584
      146304            1           1.840       292608        36576
      146304            2           2.511       585216        73152
      146304            4           4.294      1170432       146304
      146304            8           7.842      2340864       292608
      146304           16          14.940      4681728       585216
      146304           32          29.113      9363456      1170432
      146304           64          57.460     18726912      2340864
      146304          128         114.085     37453824      4681728
      146304          256         227.352     74907648      9363456
      160896            1           1.880       321792        40224
      160896            2           2.681       643584        80448
      160896            4           4.636      1287168       160896
      160896            8           8.529      2574336       321792
      160896           16          16.459      5148672       643584
      160896           32          31.896     10297344      1287168
      160896           64          62.994     20594688      2574336
      160896          128         125.229     41189376      5148672
      160896          256         249.645     82378752     10297344
      176960            1           2.289       353920        44240
      176960            2           2.899       707840        88480
      176960            4           5.044      1415680       176960
      176960            8           9.311      2831360       353920
      176960           16          17.889      5662720       707840
      176960           32          35.109     11325440      1415680
      176960           64          69.273     22650880      2831360
      176960          128         137.437     45301760      5662720
      176960          256         274.013     90603520     11325440
      194624            1           2.334       389248        48656
      194624            2           3.194       778496        97312
      194624            4           5.475      1556992       194624
      194624            8          10.342      3113984       389248
      194624           16          19.573      6227968       778496
      194624           32          38.363     12455936      1556992
      194624           64          75.900     24911872      3113984
      194624          128         150.930     49823744      6227968
      194624          256         301.146     99647488     12455936
      214080            1           2.731       428160        53520
      214080            2           3.413       856320       107040
      214080            4           5.975      1712640       214080
      214080            8          11.175      3425280       428160
      214080           16          21.505      6850560       856320
      214080           32          42.156     13701120      1712640
      214080           64          83.387     27402240      3425280
      214080          128         165.823     54804480      6850560
      214080          256         330.869    109608960     13701120
      235456            1           2.457       470912        58864
      235456            2           3.723       941824       117728
      235456            4           6.530      1883648       235456
      235456            8          12.221      3767296       470912
      235456           16          34.320      7534592       941824
      235456           32          46.234     15069184      1883648
      235456           64          91.600     30138368      3767296
      235456          128         182.166     60276736      7534592
      235456          256         363.129    120553472     15069184
      258944            1           2.694       517888        64736
      258944            2           4.060      1035776       129472
      258944            4           7.356      2071552       258944
      258944            8          13.418      4143104       517888
      258944           16          25.910      8286208      1035776
      258944           32          50.789     16572416      2071552
      258944           64         100.553     33144832      4143104
      258944          128         200.106     66289664      8286208
      284800            1           3.533       569600        71200
      284800            2           4.624      1139200       142400
      284800            4           8.412      2278400       284800
      284800            8          15.957      4556800       569600
      284800           16          31.051      9113600      1139200
      284800           32          62.366     18227200      2278400
      284800           64         124.930     36454400      4556800
      284800          128         250.123     72908800      9113600
      313280            1           3.885       626560        78320
      313280            2           5.084      1253120       156640
      313280            4           9.575      2506240       313280
      313280            8          18.042      5012480       626560
      313280           16          35.031     10024960      1253120
      313280           32          70.276     20049920      2506240
      313280           64         140.450     40099840      5012480
      313280          128         280.295     80199680     10024960
      344576            1           4.517       689152        86144
      344576            2           5.534      1378304       172288
      344576            4          10.270      2756608       344576
      344576            8          19.784      5513216       689152
      344576           16          38.708     11026432      1378304
      344576           32          77.062     22052864      2756608
      344576           64         154.114     44105728      5513216
      344576          128         308.234     88211456     11026432
      379008            1           4.484       758016        94752
      379008            2           5.995      1516032       189504
      379008            4          11.335      3032064       379008
      379008            8          21.860      6064128       758016
      379008           16          42.781     12128256      1516032
      379008           32          84.688     24256512      3032064
      379008           64         169.584     48513024      6064128
      379008          128         339.302     97026048     12128256
      416896            1           5.205       833792       104224
      416896            2           6.523      1667584       208448
      416896            4          12.303      3335168       416896
      416896            8          24.036      6670336       833792
      416896           16          46.493     13340672      1667584
      416896           32          93.090     26681344      3335168
      416896           64         186.318     53362688      6670336
      416896          128         375.878    106725376     13340672
      458560            1           5.895       917120       114640
      458560            2           7.070      1834240       229280
      458560            4          13.520      3668480       458560
      458560            8          26.091      7336960       917120
      458560           16          51.093     14673920      1834240
      458560           32         102.362     29347840      3668480
      458560           64         204.787     58695680      7336960
      458560          128         409.871    117391360     14673920
      504384            1           6.719      1008768       126096
      504384            2           7.709      2017536       252192
      504384            4          14.926      4035072       504384
      504384            8          28.236      8070144      1008768
      504384           16          56.477     16140288      2017536
      504384           32         112.684     32280576      4035072
      504384           64         225.459     64561152      8070144
      554816            1           6.344      1109632       138704
      554816            2           8.410      2219264       277408
      554816            4          15.655      4438528       554816
      554816            8          31.365      8877056      1109632
      554816           16          62.128     17754112      2219264
      554816           32         123.819     35508224      4438528
      554816           64         247.838     71016448      8877056
      610240            1           7.850      1220480       152560
      610240            2           9.152      2440960       305120
      610240            4          17.818      4881920       610240
      610240            8          34.631      9763840      1220480
      610240           16          68.123     19527680      2440960
      610240           32         136.441     39055360      4881920
      610240           64         272.684     78110720      9763840
      671232            1           8.243      1342464       167808
      671232            2          10.027      2684928       335616
      671232            4          19.277      5369856       671232
      671232            8          37.607     10739712      1342464
      671232           16          74.685     21479424      2684928
      671232           32         149.813     42958848      5369856
      671232           64         300.056     85917696     10739712
      738304            1           9.524      1476608       184576
      738304            2          11.113      2953216       369152
      738304            4          21.205      5906432       738304
      738304            8          41.451     11812864      1476608
      738304           16          82.403     23625728      2953216
      738304           32         165.149     47251456      5906432
      738304           64         329.979     94502912     11812864
      812096            1          10.195      1624192       203024
      812096            2          11.994      3248384       406048
      812096            4          26.695      6496768       812096
      812096            8          45.702     12993536      1624192
      812096           16          90.070     25987072      3248384
      812096           32         181.233     51974144      6496768
      812096           64         360.718    103948288     12993536
      893248            1          12.180      1786496       223312
      893248            2          13.170      3572992       446624
      893248            4          25.497      7145984       893248
      893248            8          50.203     14291968      1786496
      893248           16          99.504     28583936      3572992
      893248           32         197.957     57167872      7145984
      893248           64         396.335    114335744     14291968
      982528            1          12.450      1965056       245632
      982528            2          14.425      3930112       491264
      982528            4          27.959      7860224       982528
      982528            8          54.962     15720448      1965056
      982528           16         109.032     31440896      3930112
      982528           32         217.762     62881792      7860224
     1080768            1          14.175      2161536       270192
     1080768            2          15.697      4323072       540384
     1080768            4          30.597      8646144      1080768
     1080768            8          60.327     17292288      2161536
     1080768           16         119.560     34584576      4323072
     1080768           32         239.222     69169152      8646144
     1188800            1          15.471      2377600       297200
     1188800            2          17.175      4755200       594400
     1188800            4          33.479      9510400      1188800
     1188800            8          65.701     19020800      2377600
     1188800           16         131.348     38041600      4755200
     1188800           32         262.976     76083200      9510400
     1307648            1          16.791      2615296       326912
     1307648            2          18.931      5230592       653824
     1307648            4          36.551     10461184      1307648
     1307648            8          73.407     20922368      2615296
     1307648           16         146.604     41844736      5230592
     1307648           32         292.972     83689472     10461184
     1438400            1          18.408      2876800       359600
     1438400            2          20.721      5753600       719200
     1438400            4          41.658     11507200      1438400
     1438400            8          83.239     23014400      2876800
     1438400           16         166.451     46028800      5753600
     1438400           32         336.167     92057600     11507200
     1582208            1          19.689      3164416       395552
     1582208            2          23.543      6328832       791104
     1582208            4          47.440     12657664      1582208
     1582208            8          94.715     25315328      3164416
     1582208           16         189.189     50630656      6328832
     1582208           32         378.782    101261312     12657664
     1740416            1          22.202      3480832       435104
     1740416            2          25.944      6961664       870208
     1740416            4          52.118     13923328      1740416
     1740416            8         104.280     27846656      3480832
     1740416           16         208.536     55693312      6961664
     1740416           32         416.943    111386624     13923328
     1914432            1          24.313      3828864       478608
     1914432            2          29.600      7657728       957216
     1914432            4          57.931     15315456      1914432
     1914432            8         116.045     30630912      3828864
     1914432           16         231.513     61261824      7657728
     1914432           32         463.058    122523648     15315456
     2105856            1          27.267      4211712       526464
     2105856            2          33.007      8423424      1052928
     2105856            4          66.337     16846848      2105856
     2105856            8         132.402     33693696      4211712
     2105856           16         264.424     67387392      8423424
     2316416            1          30.569      4632832       579104
     2316416            2          37.739      9265664      1158208
     2316416            4          76.051     18531328      2316416
     2316416            8         151.663     37062656      4632832
     2316416           16         303.325     74125312      9265664
     2548032            1          35.154      5096064       637008
     2548032            2          54.483     10192128      1274016
     2548032            4          87.046     20384256      2548032
     2548032            8         174.701     40768512      5096064
     2548032           16         350.143     81537024     10192128
     2802816            1          39.229      5605632       700704
     2802816            2          49.286     11211264      1401408
     2802816            4          98.437     22422528      2802816
     2802816            8         196.948     44845056      5605632
     2802816           16         394.338     89690112     11211264
     3083072            1          44.809      6166144       770768
     3083072            2          55.208     12332288      1541536
     3083072            4         108.653     24664576      3083072
     3083072            8         217.590     49329152      6166144
     3083072           16         435.084     98658304     12332288
     3391360            1          48.185      6782720       847840
     3391360            2          60.990     13565440      1695680
     3391360            4         121.121     27130880      3391360
     3391360            8         240.940     54261760      6782720
     3391360           16         480.189    108523520     13565440
     3730496            1          53.682      7460992       932624
     3730496            2          67.225     14921984      1865248
     3730496            4         133.299     29843968      3730496
     3730496            8         264.989     59687936      7460992
     3730496           16         531.917    119375872     14921984
     4103488            1          59.712      8206976      1025872
     4103488            2          73.498     16413952      2051744
     4103488            4         146.201     32827904      4103488
     4103488            8         290.381     65655808      8206976
     4513792            1          66.405      9027584      1128448
     4513792            2          80.767     18055168      2256896
     4513792            4         160.713     36110336      4513792
     4513792            8         320.117     72220672      9027584
     4965120            1          72.213      9930240      1241280
     4965120            2          88.783     19860480      2482560
     4965120            4         176.339     39720960      4965120
     4965120            8         351.943     79441920      9930240
     5461632            1          79.601     10923264      1365408
     5461632            2          97.504     21846528      2730816
     5461632            4         194.074     43693056      5461632
     5461632            8         386.771     87386112     10923264
     6007744            1          86.819     12015488      1501936
     6007744            2         107.230     24030976      3003872
     6007744            4         213.624     48061952      6007744
     6007744            8         425.851     96123904     12015488
     6608512            1          97.577     13217024      1652128
     6608512            2         133.508     26434048      3304256
     6608512            4         234.373     52868096      6608512
     6608512            8         468.011    105736192     13217024
     7269312            1         104.382     14538624      1817328
     7269312            2         129.603     29077248      3634656
     7269312            4         257.854     58154496      7269312
     7269312            8         514.207    116308992     14538624
     7996224            1         115.165     15992448      1999056
     7996224            2         142.286     31984896      3998112
     7996224            4         283.410     63969792      7996224
     8795840            1         128.211     17591680      2198960
     8795840            2         156.151     35183360      4397920
     8795840            4         311.802     70366720      8795840
     9675392            1         140.397     19350784      2418848
     9675392            2         171.503     38701568      4837696
     9675392            4         342.732     77403136      9675392
    10642880            1         155.223     21285760      2660720
    10642880            2         189.299     42571520      5321440
    10642880            4         399.822     85143040     10642880
    11707136            1         171.953     23414272      2926784
    11707136            2         217.466     46828544      5853568
    11707136            4         415.495     93657088     11707136
    12877824            1         190.617     25755648      3219456
    12877824            2         230.569     51511296      6438912
    12877824            4         460.775    103022592     12877824
    14165568            1         209.888     28331136      3541392
    14165568            2         255.427     56662272      7082784
    14165568            4         508.675    113324544     14165568
    15582080            1         233.534     31164160      3895520
    15582080            2         289.514     62328320      7791040
    15582080            4         595.252    124656640     15582080
    17140288            1         259.177     34280576      4285072
    17140288            2         360.124     68561152      8570144
    18854272            1         300.228     37708544      4713568
    18854272            2         567.403     75417088      9427136
    20739648            1         420.339     41479296      5184912
    20739648            2         954.336     82958592     10369824
    22813568            1         637.336     45627136      5703392
    22813568            2        1668.785     91254272     11406784
    25094912            1        1008.601     50189824      6273728
    25094912            2        2511.319    100379648     12547456
    27604352            1        1441.680     55208704      6901088
    27604352            2        3377.689    110417408     13802176
    30364736            1        1909.857     60729472      7591184
    30364736            2        4265.079    121458944     15182368
    33401152            1        2369.066     66802304      8350288
    36741248            1        2785.398     73482496      9185312
    40415360            1        3174.388     80830720     10103840
    44456896            1        3522.737     88913792     11114224
    48902528            1        3892.884     97805056     12225632
    53792768            1        4294.987    107585536     13448192
    59172032            1        4737.815    118344064     14793008

META_DATA
MPI_PROCS      1
OPENMP_THREADS 8
FLOPS          2
ERT_VERSION  1.0.0
TIMESTAMP_DATA  1594866802.15
HOSTNAME  ('apollo-PowerEdge-R430', [], ['127.0.1.1'])
UNAME  ('Linux', 'apollo-PowerEdge-R430', '4.19.129-0419129-generic', '#202006220433 SMP Mon Jun 22 09:12:54 UTC 2020', 'x86_64', 'x86_64')
CONFIG  {'ERT_WORKING_SET_MIN': ['1'], 'ERT_CFLAGS': ['-O3'], 'ERT_CC': ['gcc'], 'ERT_MPI_CFLAGS': [], 'ERT_MPI_LDFLAGS': [], 'ERT_MEMORY_MAX': ['62497788'], 'ERT_PROCS_THREADS': ['8'], 'ERT_LDFLAGS': [], 'ERT_LDLIBS': [], 'ERT_SPEC_GBYTES_DRAM': ['1.0'], 'ERT_RUN': ['export', 'KMP_AFFINITY=scatter;', 'export', 'OMP_NUM_THREADS=ERT_OPENMP_THREADS;', 'ERT_CODE'], 'ERT_FLOPS': ['1,2,4,8,16'], 'ERT_OPENMP_CFLAGS': ['-fopenmp'], 'ERT_SPEC_GFLOPS': ['1.0'], 'ERT_MPI': ['False'], 'ERT_TRIALS_MIN': ['1'], 'ERT_DRIVER': ['driver1'], 'ERT_RESULTS': ['Results.x86'], 'ERT_OPENMP': ['True'], 'ERT_MPI_PROCS': ['1'], 'ERT_KERNEL': ['kernel1'], 'ERT_OPENMP_THREADS': ['1-32'], 'ERT_LD': ['gcc'], 'ERT_NUM_EXPERIMENTS': ['6'], 'ERT_OPENMP_LDFLAGS': ['-fopenmp'], 'ERT_ALIGN': ['32'], 'ERT_GNUPLOT': ['gnuplot']}
