          64            1           1.499          128           16
          64            2           0.781          256           32
          64            4           0.791          512           64
          64            8           0.768         1024          128
          64           16           0.778         2048          256
          64           32           0.834         4096          512
          64           64           1.018         8192         1024
          64          128           1.355        16384         2048
          64          256           2.176        32768         4096
          64          512           3.354        65536         8192
          64         1024           5.918       131072        16384
          64         2048          11.966       262144        32768
          64         4096          24.239       524288        65536
          64         8192          48.845      1048576       131072
          64        16384          98.169      2097152       262144
          64        32768         196.579      4194304       524288
          64        65536         393.437      8388608      1048576
          64       131072         787.077     16777216      2097152
          64       262144        1574.368     33554432      4194304
          64       524288        3152.435     67108864      8388608
         128            1           0.750          256           32
         128            2           0.751          512           64
         128            4           0.748         1024          128
         128            8           0.760         2048          256
         128           16           0.777         4096          512
         128           32           0.846         8192         1024
         128           64           1.014        16384         2048
         128          128           1.362        32768         4096
         128          256           2.023        65536         8192
         128          512           3.366       131072        16384
         128         1024           5.861       262144        32768
         128         2048          12.031       524288        65536
         128         4096          24.245      1048576       131072
         128         8192          48.995      2097152       262144
         128        16384          98.089      4194304       524288
         128        32768         196.552      8388608      1048576
         128        65536         393.369     16777216      2097152
         128       131072         790.948     33554432      4194304
         128       262144        1574.456     67108864      8388608
         192            1           0.750          384           48
         192            2           0.782          768           96
         192            4           0.773         1536          192
         192            8           0.784         3072          384
         192           16           0.801         6144          768
         192           32           0.886        12288         1536
         192           64           1.034        24576         3072
         192          128           1.383        49152         6144
         192          256           2.037        98304        12288
         192          512           3.518       196608        24576
         192         1024           5.883       393216        49152
         192         2048          12.278       786432        98304
         192         4096          24.265      1572864       196608
         192         8192          48.907      3145728       393216
         192        16384          98.144      6291456       786432
         192        32768         196.831     12582912      1572864
         192        65536         393.335     25165824      3145728
         192       131072         787.138     50331648      6291456
         192       262144        1407.079    100663296     12582912
         256            1           0.770          512           64
         256            2           0.764         1024          128
         256            4           0.754         2048          256
         256            8           0.772         4096          512
         256           16           0.804         8192         1024
         256           32           0.872        16384         2048
         256           64           1.028        32768         4096
         256          128           1.367        65536         8192
         256          256           2.036       131072        16384
         256          512           3.365       262144        32768
         256         1024           6.045       524288        65536
         256         2048          11.393      1048576       131072
         256         4096          22.100      2097152       262144
         256         8192          43.492      4194304       524288
         256        16384          86.277      8388608      1048576
         256        32768         171.863     16777216      2097152
         256        65536         343.024     33554432      4194304
         256       131072         685.349     67108864      8388608
         320            1           0.728          640           80
         320            2           0.750         1280          160
         320            4           0.761         2560          320
         320            8           0.785         5120          640
         320           16           0.808        10240         1280
         320           32           0.893        20480         2560
         320           64           1.070        40960         5120
         320          128           1.373        81920        10240
         320          256           2.047       163840        20480
         320          512           3.378       327680        40960
         320         1024           6.059       655360        81920
         320         2048          11.400      1310720       163840
         320         4096          22.098      2621440       327680
         320         8192          43.508      5242880       655360
         320        16384          86.289     10485760      1310720
         320        32768         171.871     20971520      2621440
         320        65536         343.035     41943040      5242880
         320       131072         692.396     83886080     10485760
         384            1           0.872          768           96
         384            2           0.776         1536          192
         384            4           0.790         3072          384
         384            8           0.784         6144          768
         384           16           0.801        12288         1536
         384           32           0.894        24576         3072
         384           64           1.051        49152         6144
         384          128           1.382        98304        12288
         384          256           2.054       196608        24576
         384          512           3.382       393216        49152
         384         1024           6.154       786432        98304
         384         2048          11.416      1572864       196608
         384         4096          22.207      3145728       393216
         384         8192          43.518      6291456       786432
         384        16384          86.482     12582912      1572864
         384        32768         171.901     25165824      3145728
         384        65536         343.159     50331648      6291456
         384       131072         685.529    100663296     12582912
         448            1           0.879          896          112
         448            2           0.788         1792          224
         448            4           0.766         3584          448
         448            8           0.802         7168          896
         448           16           1.010        14336         1792
         448           32           0.933        28672         3584
         448           64           1.103        57344         7168
         448          128           1.500       114688        14336
         448          256           2.203       229376        28672
         448          512           3.440       458752        57344
         448         1024           6.078       917504       114688
         448         2048          11.571      1835008       229376
         448         4096          22.167      3670016       458752
         448         8192          43.556      7340032       917504
         448        16384          86.389     14680064      1835008
         448        32768         171.946     29360128      3670016
         448        65536         343.088     58720256      7340032
         448       131072         685.499    117440512     14680064
         512            1           0.851         1024          128
         512            2           0.777         2048          256
         512            4           0.908         4096          512
         512            8           0.774         8192         1024
         512           16           0.837        16384         2048
         512           32           0.954        32768         4096
         512           64           1.245        65536         8192
         512          128           1.412       131072        16384
         512          256           2.076       262144        32768
         512          512           3.411       524288        65536
         512         1024           6.126      1048576       131072
         512         2048          11.456      2097152       262144
         512         4096          22.176      4194304       524288
         512         8192          43.595      8388608      1048576
         512        16384          85.548     16777216      2097152
         512        32768         171.902     33554432      4194304
         512        65536         343.099     67108864      8388608
         576            1           0.756         1152          144
         576            2           0.759         2304          288
         576            4           0.771         4608          576
         576            8           0.775         9216         1152
         576           16           0.849        18432         2304
         576           32           0.944        36864         4608
         576           64           1.147        73728         9216
         576          128           1.507       147456        18432
         576          256           2.222       294912        36864
         576          512           3.672       589824        73728
         576         1024           6.585      1179648       147456
         576         2048          12.368      2359296       294912
         576         4096          24.002      4718592       589824
         576         8192          47.187      9437184      1179648
         576        16384          93.569     18874368      2359296
         576        32768         192.240     37748736      4718592
         576        65536         371.640     75497472      9437184
         640            1           0.780         1280          160
         640            2           0.791         2560          320
         640            4           0.776         5120          640
         640            8           0.808        10240         1280
         640           16           0.858        20480         2560
         640           32           0.960        40960         5120
         640           64           1.161        81920        10240
         640          128           1.556       163840        20480
         640          256           2.344       327680        40960
         640          512           3.923       655360        81920
         640         1024           7.044      1310720       163840
         640         2048          13.350      2621440       327680
         640         4096          25.830      5242880       655360
         640         8192          50.808     10485760      1310720
         640        16384         100.750     20971520      2621440
         640        32768         200.608     41943040      5242880
         640        65536         400.290     83886080     10485760
         704            1           0.729         1408          176
         704            2           0.758         2816          352
         704            4           0.770         5632          704
         704            8           0.802        11264         1408
         704           16           0.858        22528         2816
         704           32           0.979        45056         5632
         704           64           1.177        90112        11264
         704          128           1.683       180224        22528
         704          256           2.527       360448        45056
         704          512           4.356       720896        90112
         704         1024           7.942      1441792       180224
         704         2048          15.185      2883584       360448
         704         4096          29.419      5767168       720896
         704         8192          57.957     11534336      1441792
         704        16384         115.019     23068672      2883584
         704        32768         229.132     46137344      5767168
         704        65536         457.316     92274688     11534336
         768            1           0.760         1536          192
         768            2           0.769         3072          384
         768            4           0.760         6144          768
         768            8           0.796        12288         1536
         768           16           0.854        24576         3072
         768           32           0.983        49152         6144
         768           64           1.197        98304        12288
         768          128           1.642       196608        24576
         768          256           2.559       393216        49152
         768          512           4.347       786432        98304
         768         1024           7.889      1572864       196608
         768         2048          15.146      3145728       393216
         768         4096          29.436      6291456       786432
         768         8192          57.911     12582912      1572864
         768        16384         114.957     25165824      3145728
         768        32768         229.113     50331648      6291456
         768        65536         457.362    100663296     12582912
         832            1           0.846         1664          208
         832            2           0.768         3328          416
         832            4           0.773         6656          832
         832            8           0.799        13312         1664
         832           16           0.866        26624         3328
         832           32           1.078        53248         6656
         832           64           1.232       106496        13312
         832          128           1.741       212992        26624
         832          256           2.746       425984        53248
         832          512           4.769       851968       106496
         832         1024           8.891      1703936       212992
         832         2048          16.961      3407872       425984
         832         4096          32.972      6815744       851968
         832         8192          65.089     13631488      1703936
         832        16384         129.250     27262976      3407872
         832        32768         257.667     54525952      6815744
         832        65536         520.729    109051904     13631488
         896            1           0.738         1792          224
         896            2           0.748         3584          448
         896            4           0.798         7168          896
         896            8           0.788        14336         1792
         896           16           0.855        28672         3584
         896           32           1.002        57344         7168
         896           64           1.252       114688        14336
         896          128           1.732       229376        28672
         896          256           2.806       458752        57344
         896          512           4.834       917504       114688
         896         1024           8.770      1835008       229376
         896         2048          16.925      3670016       458752
         896         4096          32.957      7340032       917504
         896         8192          65.072     14680064      1835008
         896        16384         129.263     29360128      3670016
         896        32768         257.623     58720256      7340032
         896        65536         514.432    117440512     14680064
         960            1           0.763         1920          240
         960            2           0.752         3840          480
         960            4           0.801         7680          960
         960            8           0.818        15360         1920
         960           16           0.881        30720         3840
         960           32           1.036        61440         7680
         960           64           1.340       122880        15360
         960          128           1.872       245760        30720
         960          256           2.975       491520        61440
         960          512           5.220       983040       122880
         960         1024           9.680      1966080       245760
         960         2048          18.710      3932160       491520
         960         4096          36.542      7864320       983040
         960         8192          72.225     15728640      1966080
         960        16384         143.526     31457280      3932160
         960        32768         286.186     62914560      7864320
        1024            1           0.742         2048          256
        1024            2           0.752         4096          512
        1024            4           0.788         8192         1024
        1024            8           0.801        16384         2048
        1024           16           0.877        32768         4096
        1024           32           1.034        65536         8192
        1024           64           1.318       131072        16384
        1024          128           1.873       262144        32768
        1024          256           2.982       524288        65536
        1024          512           5.230      1048576       131072
        1024         1024           9.680      2097152       262144
        1024         2048          18.708      4194304       524288
        1024         4096          36.566      8388608      1048576
        1024         8192          72.195     16777216      2097152
        1024        16384         143.511     33554432      4194304
        1024        32768         286.201     67108864      8388608
        1088            1           0.938         2176          272
        1088            2           0.758         4352          544
        1088            4           0.769         8704         1088
        1088            8           0.812        17408         2176
        1088           16           0.904        34816         4352
        1088           32           1.067        69632         8704
        1088           64           1.344       139264        17408
        1088          128           1.970       278528        34816
        1088          256           3.204       557056        69632
        1088          512           5.658      1114112       139264
        1088         1024          10.602      2228224       278528
        1088         2048          20.472      4456448       557056
        1088         4096          40.130      8912896      1114112
        1088         8192          79.342     17825792      2228224
        1088        16384         157.772     35651584      4456448
        1088        32768         314.691     71303168      8912896
        1152            1           0.743         2304          288
        1152            2           0.765         4608          576
        1152            4           0.771         9216         1152
        1152            8           0.808        18432         2304
        1152           16           0.882        36864         4608
        1152           32           1.065        73728         9216
        1152           64           1.361       147456        18432
        1152          128           1.961       294912        36864
        1152          256           3.202       589824        73728
        1152          512           5.813      1179648       147456
        1152         1024          10.577      2359296       294912
        1152         2048          20.502      4718592       589824
        1152         4096          40.104      9437184      1179648
        1152         8192          79.327     18874368      2359296
        1152        16384         157.780     37748736      4718592
        1152        32768         314.689     75497472      9437184
        1216            1           0.751         2432          304
        1216            2           0.772         4864          608
        1216            4           0.945         9728         1216
        1216            8           0.836        19456         2432
        1216           16           0.898        38912         4864
        1216           32           1.090        77824         9728
        1216           64           1.393       155648        19456
        1216          128           2.083       311296        38912
        1216          256           3.579       622592        77824
        1216          512           6.097      1245184       155648
        1216         1024          11.565      2490368       311296
        1216         2048          22.260      4980736       622592
        1216         4096          46.020      9961472      1245184
        1216         8192          86.479     19922944      2490368
        1216        16384         172.021     39845888      4980736
        1216        32768         343.222     79691776      9961472
        1280            1           0.744         2560          320
        1280            2           0.764         5120          640
        1280            4           0.766        10240         1280
        1280            8           0.824        20480         2560
        1280           16           0.907        40960         5120
        1280           32           1.086        81920        10240
        1280           64           1.410       163840        20480
        1280          128           2.073       327680        40960
        1280          256           3.437       655360        81920
        1280          512           6.123      1310720       163840
        1280         1024          11.456      2621440       327680
        1280         2048          22.307      5242880       655360
        1280         4096          43.666     10485760      1310720
        1280         8192          86.479     20971520      2621440
        1280        16384         172.076     41943040      5242880
        1280        32768         343.242     83886080     10485760
        1408            1           0.744         2816          352
        1408            2           0.766         5632          704
        1408            4           0.803        11264         1408
        1408            8           0.849        22528         2816
        1408           16           1.063        45056         5632
        1408           32           1.116        90112        11264
        1408           64           1.465       180224        22528
        1408          128           2.185       360448        45056
        1408          256           3.764       720896        90112
        1408          512           6.566      1441792       180224
        1408         1024          12.590      2883584       360448
        1408         2048          24.079      5767168       720896
        1408         4096          47.223     11534336      1441792
        1408         8192          93.686     23068672      2883584
        1408        16384         186.321     46137344      5767168
        1408        32768         371.719     92274688     11534336
        1536            1           0.772         3072          384
        1536            2           0.784         6144          768
        1536            4           0.991        12288         1536
        1536            8           0.864        24576         3072
        1536           16           0.912        49152         6144
        1536           32           1.145        98304        12288
        1536           64           1.618       196608        24576
        1536          128           2.301       393216        49152
        1536          256           3.922       786432        98304
        1536          512           7.168      1572864       196608
        1536         1024          13.362      3145728       393216
        1536         2048          25.829      6291456       786432
        1536         4096          50.816     12582912      1572864
        1536         8192         100.720     25165824      3145728
        1536        16384         200.567     50331648      6291456
        1536        32768         400.291    100663296     12582912
        1664            1           0.741         3328          416
        1664            2           0.777         6656          832
        1664            4           1.025        13312         1664
        1664            8           0.825        26624         3328
        1664           16           0.967        53248         6656
        1664           32           1.155       106496        13312
        1664           64           1.567       212992        26624
        1664          128           2.419       425984        53248
        1664          256           4.119       851968       106496
        1664          512           7.580      1703936       212992
        1664         1024          14.221      3407872       425984
        1664         2048          27.620      6815744       851968
        1664         4096          54.366     13631488      1703936
        1664         8192         107.852     27262976      3407872
        1664        16384         214.816     54525952      6815744
        1664        32768         428.774    109051904     13631488
        1792            1           0.740         3584          448
        1792            2           0.797         7168          896
        1792            4           0.812        14336         1792
        1792            8           0.858        28672         3584
        1792           16           0.969        57344         7168
        1792           32           1.273       114688        14336
        1792           64           1.615       229376        28672
        1792          128           2.531       458752        57344
        1792          256           4.299       917504       114688
        1792          512           7.952      1835008       229376
        1792         1024          15.103      3670016       458752
        1792         2048          29.368      7340032       917504
        1792         4096          62.366     14680064      1835008
        1792         8192         114.968     29360128      3670016
        1792        16384         229.097     58720256      7340032
        1792        32768         457.292    117440512     14680064
        1920            1           0.977         3840          480
        1920            2           0.774         7680          960
        1920            4           0.833        15360         1920
        1920            8           0.858        30720         3840
        1920           16           0.986        61440         7680
        1920           32           1.210       122880        15360
        1920           64           1.697       245760        30720
        1920          128           2.630       491520        61440
        1920          256           4.532       983040       122880
        1920          512           8.328      1966080       245760
        1920         1024          16.018      3932160       491520
        1920         2048          31.216      7864320       983040
        1920         4096          61.477     15728640      1966080
        1920         8192         122.210     31457280      3932160
        1920        16384         243.368     62914560      7864320
        2112            1           0.838         4224          528
        2112            2           0.899         8448         1056
        2112            4           0.808        16896         2112
        2112            8           0.908        33792         4224
        2112           16           1.026        67584         8448
        2112           32           1.446       135168        16896
        2112           64           1.806       270336        33792
        2112          128           2.996       540672        67584
        2112          256           4.989      1081344       135168
        2112          512           9.225      2162688       270336
        2112         1024          17.870      4325376       540672
        2112         2048          34.749      8650752      1081344
        2112         4096          68.632     17301504      2162688
        2112         8192         136.380     34603008      4325376
        2112        16384         271.879     69206016      8650752
        2304            1           0.857         4608          576
        2304            2           0.816         9216         1152
        2304            4           0.859        18432         2304
        2304            8           0.897        36864         4608
        2304           16           1.021        73728         9216
        2304           32           1.304       147456        18432
        2304           64           1.852       294912        36864
        2304          128           2.976       589824        73728
        2304          256           5.218      1179648       147456
        2304          512           9.669      2359296       294912
        2304         1024          18.703      4718592       589824
        2304         2048          36.526      9437184      1179648
        2304         4096          72.301     18874368      2359296
        2304         8192         143.513     37748736      4718592
        2304        16384         286.213     75497472      9437184
        2496            1           0.785         4992          624
        2496            2           0.796         9984         1248
        2496            4           0.905        19968         2496
        2496            8           1.026        39936         4992
        2496           16           1.052        79872         9984
        2496           32           1.559       159744        19968
        2496           64           1.960       319488        39936
        2496          128           3.210       638976        79872
        2496          256           5.695      1277952       159744
        2496          512          10.679      2555904       319488
        2496         1024          20.493      5111808       638976
        2496         2048          40.135     10223616      1277952
        2496         4096          79.353     20447232      2555904
        2496         8192         157.788     40894464      5111808
        2496        16384         314.740     81788928     10223616
        2688            1           0.765         5376          672
        2688            2           0.809        10752         1344
        2688            4           0.829        21504         2688
        2688            8           0.917        43008         5376
        2688           16           1.210        86016        10752
        2688           32           1.476       172032        21504
        2688           64           2.001       344064        43008
        2688          128           3.348       688128        86016
        2688          256           6.011      1376256       172032
        2688          512          10.993      2752512       344064
        2688         1024          21.549      5505024       688128
        2688         2048          41.889     11010048      1376256
        2688         4096          82.888     22020096      2752512
        2688         8192         165.128     44040192      5505024
        2688        16384         328.908     88080384     11010048
        2944            1           0.769         5888          736
        2944            2           0.813        11776         1472
        2944            4           0.853        23552         2944
        2944            8           0.902        47104         5888
        2944           16           1.078        94208        11776
        2944           32           1.434       188416        23552
        2944           64           2.135       376832        47104
        2944          128           3.536       753664        94208
        2944          256           6.318      1507328       188416
        2944          512          11.880      3014656       376832
        2944         1024          23.148      6029312       753664
        2944         2048          49.838     12058624      1507328
        2944         4096          89.996     24117248      3014656
        2944         8192         179.156     48234496      6029312
        2944        16384         357.438     96468992     12058624
        3200            1           0.767         6400          800
        3200            2           0.806        12800         1600
        3200            4           0.986        25600         3200
        3200            8           1.067        51200         6400
        3200           16           1.113       102400        12800
        3200           32           1.482       204800        25600
        3200           64           2.239       409600        51200
        3200          128           3.758       819200       102400
        3200          256           6.876      1638400       204800
        3200          512          12.898      3276800       409600
        3200         1024          25.107      6553600       819200
        3200         2048          48.990     13107200      1638400
        3200         4096          97.137     26214400      3276800
        3200         8192         193.563     52428800      6553600
        3200        16384         386.122    104857600     13107200
        3520            1           1.205         7040          880
        3520            2           0.827        14080         1760
        3520            4           0.879        28160         3520
        3520            8           0.946        56320         7040
        3520           16           1.140       112640        14080
        3520           32           1.589       225280        28160
        3520           64           2.415       450560        56320
        3520          128           4.177       901120       112640
        3520          256           7.442      1802240       225280
        3520          512          14.123      3604480       450560
        3520         1024          27.630      7208960       901120
        3520         2048          54.425     14417920      1802240
        3520         4096         107.862     28835840      3604480
        3520         8192         214.849     57671680      7208960
        3520        16384         428.794    115343360     14417920
        3840            1           0.921         7680          960
        3840            2           0.856        15360         1920
        3840            4           0.890        30720         3840
        3840            8           1.051        61440         7680
        3840           16           1.248       122880        15360
        3840           32           1.641       245760        30720
        3840           64           2.519       491520        61440
        3840          128           4.400       983040       122880
        3840          256           7.882      1966080       245760
        3840          512          15.107      3932160       491520
        3840         1024          29.410      7864320       983040
        3840         2048          58.001     15728640      1966080
        3840         4096         114.968     31457280      3932160
        3840         8192         229.074     62914560      7864320
        4224            1           0.921         8448         1056
        4224            2           0.840        16896         2112
        4224            4           0.894        33792         4224
        4224            8           1.077        67584         8448
        4224           16           1.501       135168        16896
        4224           32           2.111       270336        33792
        4224           64           3.286       540672        67584
        4224          128           5.618      1081344       135168
        4224          256          10.447      2162688       270336
        4224          512          20.344      4325376       540672
        4224         1024          39.637      8650752      1081344
        4224         2048          78.385     17301504      2162688
        4224         4096         155.910     34603008      4325376
        4224         8192         310.945     69206016      8650752
        4608            1           0.762         9216         1152
        4608            2           0.811        18432         2304
        4608            4           0.929        36864         4608
        4608            8           1.053        73728         9216
        4608           16           1.276       147456        18432
        4608           32           1.801       294912        36864
        4608           64           2.877       589824        73728
        4608          128           4.979      1179648       147456
        4608          256           9.214      2359296       294912
        4608          512          17.816      4718592       589824
        4608         1024          34.754      9437184      1179648
        4608         2048          68.623     18874368      2359296
        4608         4096         136.390     37748736      4718592
        4608         8192         279.987     75497472      9437184
        5056            1           0.791        10112         1264
        5056            2           0.849        20224         2528
        5056            4           0.950        40448         5056
        5056            8           1.077        80896        10112
        5056           16           1.463       161792        20224
        5056           32           2.128       323584        40448
        5056           64           3.515       647168        80896
        5056          128           5.468      1294336       161792
        5056          256          11.080      2588672       323584
        5056          512          22.087      5177344       647168
        5056         1024          44.306     10354688      1294336
        5056         2048          88.328     20709376      2588672
        5056         4096         176.715     41418752      5177344
        5056         8192         353.601     82837504     10354688
        5504            1           0.775        11008         1376
        5504            2           0.841        22016         2752
        5504            4           0.964        44032         5504
        5504            8           1.290        88064        11008
        5504           16           1.685       176128        22016
        5504           32           2.267       352256        44032
        5504           64           3.117       704512        88064
        5504          128           5.908      1409024       176128
        5504          256          11.860      2818048       352256
        5504          512          23.795      5636096       704512
        5504         1024          47.517     11272192      1409024
        5504         2048          94.991     22544384      2818048
        5504         4096         190.047     45088768      5636096
        5504         8192         380.013     90177536     11272192
        6016            1           0.786        12032         1504
        6016            2           0.844        24064         3008
        6016            4           1.060        48128         6016
        6016            8           1.254        96256        12032
        6016           16           1.581       192512        24064
        6016           32           2.354       385024        48128
        6016           64           3.959       770048        96256
        6016          128           7.139      1540096       192512
        6016          256          13.590      3080192       385024
        6016          512          26.296      6160384       770048
        6016         1024          51.680     12320768      1540096
        6016         2048         102.547     24641536      3080192
        6016         4096         203.193     49283072      6160384
        6016         8192         406.974     98566144     12320768
        6592            1           0.829        13184         1648
        6592            2           0.847        26368         3296
        6592            4           0.962        52736         6592
        6592            8           1.187       105472        13184
        6592           16           1.650       210944        26368
        6592           32           2.481       421888        52736
        6592           64           4.167       843776       105472
        6592          128           7.539      1687552       210944
        6592          256          14.278      3375104       421888
        6592          512          27.935      6750208       843776
        6592         1024          54.973     13500416      1687552
        6592         2048         109.089     27000832      3375104
        6592         4096         217.285     54001664      6750208
        6592         8192         433.644    108003328     13500416
        7232            1           0.794        14464         1808
        7232            2           0.848        28928         3616
        7232            4           0.961        57856         7232
        7232            8           1.214       115712        14464
        7232           16           1.675       231424        28928
        7232           32           2.594       462848        57856
        7232           64           4.361       925696       115712
        7232          128           8.082      1851392       231424
        7232          256          15.411      3702784       462848
        7232          512          29.895      7405568       925696
        7232         1024          59.092     14811136      1851392
        7232         2048         116.614     29622272      3702784
        7232         4096         233.616     59244544      7405568
        7232         8192         469.599    118489088     14811136
        7936            1           0.799        15872         1984
        7936            2           0.864        31744         3968
        7936            4           1.111        63488         7936
        7936            8           1.332       126976        15872
        7936           16           1.782       253952        31744
        7936           32           2.782       507904        63488
        7936           64           4.707      1015808       126976
        7936          128           8.604      2031616       253952
        7936          256          16.475      4063232       507904
        7936          512          32.166      8126464      1015808
        7936         1024          63.429     16252928      2031616
        7936         2048         125.973     32505856      4063232
        7936         4096         251.038     65011712      8126464
        8704            1           0.833        17408         2176
        8704            2           0.848        34816         4352
        8704            4           1.136        69632         8704
        8704            8           1.318       139264        17408
        8704           16           1.978       278528        34816
        8704           32           2.929       557056        69632
        8704           64           4.995      1114112       139264
        8704          128           9.231      2228224       278528
        8704          256          17.959      4456448       557056
        8704          512          34.675      8912896      1114112
        8704         1024          68.440     17825792      2228224
        8704         2048         135.995     35651584      4456448
        8704         4096         271.058     71303168      8912896
        9536            1           0.804        19072         2384
        9536            2           0.893        38144         4768
        9536            4           1.040        76288         9536
        9536            8           1.317       152576        19072
        9536           16           1.900       305152        38144
        9536           32           3.068       610304        76288
        9536           64           5.308      1220608       152576
        9536          128           9.822      2441216       305152
        9536          256          18.959      4882432       610304
        9536          512          37.038      9764864      1220608
        9536         1024          73.171     19529728      2441216
        9536         2048         144.841     39059456      4882432
        9536         4096         289.909     78118912      9764864
       10432            1           0.802        20864         2608
       10432            2           0.871        41728         5216
       10432            4           1.041        83456        10432
       10432            8           1.342       166912        20864
       10432           16           2.000       333824        41728
       10432           32           3.208       667648        83456
       10432           64           5.647      1335296       166912
       10432          128          10.502      2670592       333824
       10432          256          20.197      5341184       667648
       10432          512          39.779     10682368      1335296
       10432         1024          78.546     21364736      2670592
       10432         2048         156.204     42729472      5341184
       10432         4096         311.860     85458944     10682368
       11456            1           0.811        22912         2864
       11456            2           0.884        45824         5728
       11456            4           1.054        91648        11456
       11456            8           1.398       183296        22912
       11456           16           2.084       366592        45824
       11456           32           3.395       733184        91648
       11456           64           6.006      1466368       183296
       11456          128          11.296      2932736       366592
       11456          256          21.870      5865472       733184
       11456          512          42.891     11730944      1466368
       11456         1024          84.775     23461888      2932736
       11456         2048         168.663     46923776      5865472
       11456         4096         336.798     93847552     11730944
       12544            1           0.818        25088         3136
       12544            2           0.917        50176         6272
       12544            4           1.104       100352        12544
       12544            8           1.476       200704        25088
       12544           16           2.204       401408        50176
       12544           32           3.624       802816       100352
       12544           64           6.464      1605632       200704
       12544          128          12.137      3211264       401408
       12544          256          23.617      6422528       802816
       12544          512          46.310     12845056      1605632
       12544         1024          91.672     25690112      3211264
       12544         2048         182.451     51380224      6422528
       12544         4096         368.287    102760448     12845056
       13760            1           0.821        27520         3440
       13760            2           0.918        55040         6880
       13760            4           1.143       110080        13760
       13760            8           1.497       220160        27520
       13760           16           2.330       440320        55040
       13760           32           3.843       880640       110080
       13760           64           7.008      1761280       220160
       13760          128          13.013      3522560       440320
       13760          256          25.439      7045120       880640
       13760          512          49.814     14090240      1761280
       13760         1024          98.541     28180480      3522560
       13760         2048         196.310     56360960      7045120
       13760         4096         391.382    112721920     14090240
       15104            1           0.848        30208         3776
       15104            2           1.163        60416         7552
       15104            4           1.190       120832        15104
       15104            8           1.659       241664        30208
       15104           16           2.445       483328        60416
       15104           32           4.109       966656       120832
       15104           64           7.442      1933312       241664
       15104          128          14.110      3866624       483328
       15104          256          27.432      7733248       966656
       15104          512          54.156     15466496      1933312
       15104         1024         107.413     30932992      3866624
       15104         2048         213.925     61865984      7733248
       15104         4096         426.904    123731968     15466496
       16576            1           0.964        33152         4144
       16576            2           1.120        66304         8288
       16576            4           1.201       132608        16576
       16576            8           1.825       265216        33152
       16576           16           2.619       530432        66304
       16576           32           4.443      1060864       132608
       16576           64           8.203      2121728       265216
       16576          128          15.324      4243456       530432
       16576          256          29.903      8486912      1060864
       16576          512          58.049     16973824      2121728
       16576         1024         115.767     33947648      4243456
       16576         2048         230.914     67895296      8486912
       18176            1           0.850        36352         4544
       18176            2           0.993        72704         9088
       18176            4           1.226       145408        18176
       18176            8           1.720       290816        36352
       18176           16           2.731       581632        72704
       18176           32           4.709      1163264       145408
       18176           64           8.630      2326528       290816
       18176          128          16.459      4653056       581632
       18176          256          32.249      9306112      1163264
       18176          512          63.608     18612224      2326528
       18176         1024         126.346     37224448      4653056
       18176         2048         251.799     74448896      9306112
       19968            1           0.864        39936         4992
       19968            2           0.985        79872         9984
       19968            4           1.269       159744        19968
       19968            8           1.801       319488        39936
       19968           16           2.888       638976        79872
       19968           32           5.017      1277952       159744
       19968           64           9.268      2555904       319488
       19968          128          17.747      5111808       638976
       19968          256          34.744     10223616      1277952
       19968          512          68.821     20447232      2555904
       19968         1024         136.752     40894464      5111808
       19968         2048         272.548     81788928     10223616
       21952            1           0.872        43904         5488
       21952            2           1.010        87808        10976
       21952            4           1.305       175616        21952
       21952            8           1.925       351232        43904
       21952           16           3.088       702464        87808
       21952           32           5.382      1404928       175616
       21952           64          10.018      2809856       351232
       21952          128          19.251      5619712       702464
       21952          256          37.828     11239424      1404928
       21952          512          74.681     22478848      2809856
       21952         1024         148.470     44957696      5619712
       21952         2048         300.090     89915392     11239424
       24128            1           0.895        48256         6032
       24128            2           1.066        96512        12064
       24128            4           1.394       193024        24128
       24128            8           1.996       386048        48256
       24128           16           3.282       772096        96512
       24128           32           5.933      1544192       193024
       24128           64          10.883      3088384       386048
       24128          128          20.959      6176768       772096
       24128          256          41.155     12353536      1544192
       24128          512          81.405     24707072      3088384
       24128         1024         162.242     49414144      6176768
       24128         2048         322.907     98828288     12353536
       26496            1           0.903        52992         6624
       26496            2           1.303       105984        13248
       26496            4           1.471       211968        26496
       26496            8           2.136       423936        52992
       26496           16           3.510       847872       105984
       26496           32           6.288      1695744       211968
       26496           64          11.875      3391488       423936
       26496          128          22.777      6782976       847872
       26496          256          44.744     13565952      1695744
       26496          512          88.795     27131904      3391488
       26496         1024         176.717     54263808      6782976
       26496         2048         352.524    108527616     13565952
       29120            1           0.917        58240         7280
       29120            2           1.102       116480        14560
       29120            4           1.488       232960        29120
       29120            8           2.253       465920        58240
       29120           16           3.875       931840       116480
       29120           32           6.782      1863680       232960
       29120           64          12.816      3727360       465920
       29120          128          24.762      7454720       931840
       29120          256          48.727     14909440      1863680
       29120          512          96.743     29818880      3727360
       29120         1024         192.583     59637760      7454720
       29120         2048         384.001    119275520     14909440
       32000            1           0.933        64000         8000
       32000            2           1.123       128000        16000
       32000            4           1.549       256000        32000
       32000            8           2.391       512000        64000
       32000           16           4.054      1024000       128000
       32000           32           7.350      2048000       256000
       32000           64          13.902      4096000       512000
       32000          128          26.967      8192000      1024000
       32000          256          53.263     16384000      2048000
       32000          512         105.584     32768000      4096000
       32000         1024         210.270     65536000      8192000
       35200            1           1.097        70400         8800
       35200            2           1.182       140800        17600
       35200            4           1.842       281600        35200
       35200            8           2.539       563200        70400
       35200           16           4.392      1126400       140800
       35200           32           7.935      2252800       281600
       35200           64          15.102      4505600       563200
       35200          128          29.414      9011200      1126400
       35200          256          58.025     18022400      2252800
       35200          512         115.373     36044800      4505600
       35200         1024         229.822     72089600      9011200
       38720            1           1.055        77440         9680
       38720            2           1.227       154880        19360
       38720            4           1.748       309760        38720
       38720            8           2.710       619520        77440
       38720           16           4.697      1239040       154880
       38720           32           8.609      2478080       309760
       38720           64          16.442      4956160       619520
       38720          128          32.067      9912320      1239040
       38720          256          63.332     19824640      2478080
       38720          512         126.066     39649280      4956160
       38720         1024         251.001     79298560      9912320
       42560            1           1.036        85120        10640
       42560            2           1.259       170240        21280
       42560            4           1.818       340480        42560
       42560            8           2.895       680960        85120
       42560           16           5.050      1361920       170240
       42560           32           9.334      2723840       340480
       42560           64          17.872      5447680       680960
       42560          128          35.012     10895360      1361920
       42560          256          69.226     21790720      2723840
       42560          512         143.545     43581440      5447680
       42560         1024         274.095     87162880     10895360
       46784            1           1.034        93568        11696
       46784            2           1.311       187136        23392
       46784            4           1.895       374272        46784
       46784            8           3.148       748544        93568
       46784           16           5.458      1497088       187136
       46784           32          10.136      2994176       374272
       46784           64          19.513      5988352       748544
       46784          128          38.171     11976704      1497088
       46784          256          75.935     23953408      2994176
       46784          512         151.118     47906816      5988352
       46784         1024         301.337     95813632     11976704
       51456            1           1.064       102912        12864
       51456            2           1.379       205824        25728
       51456            4           2.050       411648        51456
       51456            8           3.319       823296       102912
       51456           16           5.923      1646592       205824
       51456           32          11.058      3293184       411648
       51456           64          21.309      6586368       823296
       51456          128          41.860     13172736      1646592
       51456          256          82.907     26345472      3293184
       51456          512         165.166     52690944      6586368
       51456         1024         329.380    105381888     13172736
       56576            1           1.127       113152        14144
       56576            2           1.584       226304        28288
       56576            4           2.135       452608        56576
       56576            8           3.617       905216       113152
       56576           16           6.399      1810432       226304
       56576           32          12.028      3620864       452608
       56576           64          23.274      7241728       905216
       56576          128          45.768     14483456      1810432
       56576          256          90.731     28966912      3620864
       56576          512         180.808     57933824      7241728
       56576         1024         360.677    115867648     14483456
       62208            1           1.116       124416        15552
       62208            2           1.483       248832        31104
       62208            4           2.274       497664        62208
       62208            8           3.834       995328       124416
       62208           16           6.947      1990656       248832
       62208           32          13.302      3981312       497664
       62208           64          25.446      7962624       995328
       62208          128          50.093     15925248      1990656
       62208          256          99.607     31850496      3981312
       62208          512         198.107     63700992      7962624
       68416            1           1.431       136832        17104
       68416            2           1.588       273664        34208
       68416            4           2.439       547328        68416
       68416            8           4.123      1094656       136832
       68416           16           7.529      2189312       273664
       68416           32          14.289      4378624       547328
       68416           64          27.849      8757248      1094656
       68416          128          54.888     17514496      2189312
       68416          256         108.624     35028992      4378624
       68416          512         216.568     70057984      8757248
       75200            1           1.322       150400        18800
       75200            2           1.664       300800        37600
       75200            4           2.584       601600        75200
       75200            8           4.441      1203200       150400
       75200           16           8.157      2406400       300800
       75200           32          15.554      4812800       601600
       75200           64          30.387      9625600      1203200
       75200          128          59.910     19251200      2406400
       75200          256         119.217     38502400      4812800
       75200          512         237.797     77004800      9625600
       82688            1           1.266       165376        20672
       82688            2           1.750       330752        41344
       82688            4           2.765       661504        82688
       82688            8           4.818      1323008       165376
       82688           16           8.900      2646016       330752
       82688           32          17.002      5292032       661504
       82688           64          33.260     10584064      1323008
       82688          128          65.687     21168128      2646016
       82688          256         135.134     42336256      5292032
       82688          512         260.384     84672512     10584064
       90944            1           1.294       181888        22736
       90944            2           1.851       363776        45472
       90944            4           2.965       727552        90944
       90944            8           5.273      1455104       181888
       90944           16           9.667      2910208       363776
       90944           32          18.557      5820416       727552
       90944           64          36.393     11640832      1455104
       90944          128          71.933     23281664      2910208
       90944          256         143.233     46563328      5820416
       90944          512         285.310     93126656     11640832
      100032            1           1.452       200064        25008
      100032            2           1.951       400128        50016
      100032            4           3.185       800256       100032
      100032            8           5.716      1600512       200064
      100032           16          10.521      3201024       400128
      100032           32          20.320      6402048       800256
      100032           64          39.910     12804096      1600512
      100032          128          79.026     25608192      3201024
      100032          256         157.215     51216384      6402048
      100032          512         313.551    102432768     12804096
      110016            1           1.625       220032        27504
      110016            2           2.082       440064        55008
      110016            4           3.411       880128       110016
      110016            8           6.113      1760256       220032
      110016           16          11.468      3520512       440064
      110016           32          22.227      7041024       880128
      110016           64          43.659     14082048      1760256
      110016          128          86.593     28164096      3520512
      110016          256         171.994     56328192      7041024
      110016          512         343.081    112656384     14082048
      120960            1           1.688       241920        30240
      120960            2           2.284       483840        60480
      120960            4           3.707       967680       120960
      120960            8           6.685      1935360       241920
      120960           16          12.536      3870720       483840
      120960           32          24.278      7741440       967680
      120960           64          47.937     15482880      1935360
      120960          128          94.793     30965760      3870720
      120960          256         188.894     61931520      7741440
      120960          512         376.885    123863040     15482880
      133056            1           1.440       266112        33264
      133056            2           2.405       532224        66528
      133056            4           3.974      1064448       133056
      133056            8           7.191      2128896       266112
      133056           16          13.679      4257792       532224
      133056           32          26.587      8515584      1064448
      133056           64          52.409     17031168      2128896
      133056          128         104.144     34062336      4257792
      133056          256         207.430     68124672      8515584
      146304            1           1.998       292608        36576
      146304            2           2.507       585216        73152
      146304            4           4.291      1170432       146304
      146304            8           7.883      2340864       292608
      146304           16          14.937      4681728       585216
      146304           32          29.112      9363456      1170432
      146304           64          57.453     18726912      2340864
      146304          128         114.083     37453824      4681728
      146304          256         227.327     74907648      9363456
      160896            1           1.875       321792        40224
      160896            2           2.696       643584        80448
      160896            4           4.626      1287168       160896
      160896            8           8.539      2574336       321792
      160896           16          16.332      5148672       643584
      160896           32          44.164     10297344      1287168
      160896           64          62.978     20594688      2574336
      160896          128         125.208     41189376      5148672
      160896          256         249.633     82378752     10297344
      176960            1           2.388       353920        44240
      176960            2           2.909       707840        88480
      176960            4           5.037      1415680       176960
      176960            8           9.298      2831360       353920
      176960           16          17.875      5662720       707840
      176960           32          34.955     11325440      1415680
      176960           64          69.156     22650880      2831360
      176960          128         137.501     45301760      5662720
      176960          256         274.071     90603520     11325440
      194624            1           2.117       389248        48656
      194624            2           3.145       778496        97312
      194624            4           5.479      1556992       194624
      194624            8          10.336      3113984       389248
      194624           16          19.551      6227968       778496
      194624           32          38.330     12455936      1556992
      194624           64          75.886     24911872      3113984
      194624          128         150.977     49823744      6227968
      194624          256         301.123     99647488     12455936
      214080            1           2.913       428160        53520
      214080            2           3.388       856320       107040
      214080            4           5.984      1712640       214080
      214080            8          11.206      3425280       428160
      214080           16          21.473      6850560       856320
      214080           32          42.103     13701120      1712640
      214080           64          83.350     27402240      3425280
      214080          128         165.801     54804480      6850560
      214080          256         330.834    109608960     13701120
      235456            1           2.983       470912        58864
      235456            2           3.773       941824       117728
      235456            4           6.557      1883648       235456
      235456            8          12.229      3767296       470912
      235456           16          23.585      7534592       941824
      235456           32          46.280     15069184      1883648
      235456           64          91.556     30138368      3767296
      235456          128         182.492     60276736      7534592
      235456          256         363.421    120553472     15069184
      258944            1           2.687       517888        64736
      258944            2           4.083      1035776       129472
      258944            4           7.217      2071552       258944
      258944            8          13.445      4143104       517888
      258944           16          26.016      8286208      1035776
      258944           32          50.834     16572416      2071552
      258944           64         100.579     33144832      4143104
      258944          128         200.148     66289664      8286208
      284800            1           3.545       569600        71200
      284800            2           4.638      1139200       142400
      284800            4           8.595      2278400       284800
      284800            8          15.662      4556800       569600
      284800           16          31.041      9113600      1139200
      284800           32          62.317     18227200      2278400
      284800           64         124.903     36454400      4556800
      284800          128         252.527     72908800      9113600
      313280            1           3.297       626560        78320
      313280            2           5.116      1253120       156640
      313280            4           9.459      2506240       313280
      313280            8          18.256      5012480       626560
      313280           16          35.453     10024960      1253120
      313280           32          70.184     20049920      2506240
      313280           64         140.613     40099840      5012480
      313280          128         280.934     80199680     10024960
      344576            1           4.313       689152        86144
      344576            2           5.531      1378304       172288
      344576            4          10.353      2756608       344576
      344576            8          19.737      5513216       689152
      344576           16          38.444     11026432      1378304
      344576           32          77.011     22052864      2756608
      344576           64         154.268     44105728      5513216
      344576          128         308.731     88211456     11026432
      379008            1           4.126       758016        94752
      379008            2           6.000      1516032       189504
      379008            4          11.294      3032064       379008
      379008            8          21.416      6064128       758016
      379008           16          42.212     12128256      1516032
      379008           32          84.971     24256512      3032064
      379008           64         169.596     48513024      6064128
      379008          128         339.179     97026048     12128256
      416896            1           5.013       833792       104224
      416896            2           6.515      1667584       208448
      416896            4          12.022      3335168       416896
      416896            8          23.774      6670336       833792
      416896           16          46.938     13340672      1667584
      416896           32          93.132     26681344      3335168
      416896           64         186.303     53362688      6670336
      416896          128         373.086    106725376     13340672
      458560            1           5.489       917120       114640
      458560            2           7.088      1834240       229280
      458560            4          13.411      3668480       458560
      458560            8          25.990      7336960       917120
      458560           16          51.455     14673920      1834240
      458560           32         102.647     29347840      3668480
      458560           64         205.086     58695680      7336960
      458560          128         410.537    117391360     14673920
      504384            1           6.707      1008768       126096
      504384            2           7.880      2017536       252192
      504384            4          14.506      4035072       504384
      504384            8          28.130      8070144      1008768
      504384           16          56.390     16140288      2017536
      504384           32         112.663     32280576      4035072
      504384           64         232.742     64561152      8070144
      554816            1           6.585      1109632       138704
      554816            2           8.449      2219264       277408
      554816            4          16.176      4438528       554816
      554816            8          31.522      8877056      1109632
      554816           16          61.984     17754112      2219264
      554816           32         123.895     35508224      4438528
      554816           64         248.163     71016448      8877056
      610240            1           7.284      1220480       152560
      610240            2           9.215      2440960       305120
      610240            4          17.718      4881920       610240
      610240            8          34.580      9763840      1220480
      610240           16          68.037     19527680      2440960
      610240           32         136.183     39055360      4881920
      610240           64         272.689     78110720      9763840
      671232            1           8.773      1342464       167808
      671232            2          10.070      2684928       335616
      671232            4          19.432      5369856       671232
      671232            8          37.946     10739712      1342464
      671232           16          74.839     21479424      2684928
      671232           32         149.917     42958848      5369856
      671232           64         299.714     85917696     10739712
      738304            1           9.491      1476608       184576
      738304            2          11.020      2953216       369152
      738304            4          21.393      5906432       738304
      738304            8          41.652     11812864      1476608
      738304           16          82.471     23625728      2953216
      738304           32         164.732     47251456      5906432
      738304           64         329.851     94502912     11812864
      812096            1          10.808      1624192       203024
      812096            2          12.020      3248384       406048
      812096            4          23.347      6496768       812096
      812096            8          45.879     12993536      1624192
      812096           16          90.534     25987072      3248384
      812096           32         180.775     51974144      6496768
      812096           64         361.953    103948288     12993536
      893248            1          11.813      1786496       223312
      893248            2          13.186      3572992       446624
      893248            4          25.496      7145984       893248
      893248            8          50.260     14291968      1786496
      893248           16          99.285     28583936      3572992
      893248           32         198.540     57167872      7145984
      893248           64         397.183    114335744     14291968
      982528            1          13.001      1965056       245632
      982528            2          14.436      3930112       491264
      982528            4          27.900      7860224       982528
      982528            8          57.739     15720448      1965056
      982528           16         108.683     31440896      3930112
      982528           32         217.641     62881792      7860224
     1080768            1          14.157      2161536       270192
     1080768            2          15.658      4323072       540384
     1080768            4          30.526      8646144      1080768
     1080768            8          60.313     17292288      2161536
     1080768           16         119.519     34584576      4323072
     1080768           32         238.986     69169152      8646144
     1188800            1          15.295      2377600       297200
     1188800            2          17.182      4755200       594400
     1188800            4          33.490      9510400      1188800
     1188800            8          66.392     19020800      2377600
     1188800           16         131.353     38041600      4755200
     1188800           32         263.178     76083200      9510400
     1307648            1          16.388      2615296       326912
     1307648            2          19.144      5230592       653824
     1307648            4          37.063     10461184      1307648
     1307648            8          74.372     20922368      2615296
     1307648           16         149.234     41844736      5230592
     1307648           32         298.427     83689472     10461184
     1438400            1          18.162      2876800       359600
     1438400            2          20.762      5753600       719200
     1438400            4          41.531     11507200      1438400
     1438400            8          83.578     23014400      2876800
     1438400           16         167.112     46028800      5753600
     1438400           32         334.293     92057600     11507200
     1582208            1          20.323      3164416       395552
     1582208            2          23.305      6328832       791104
     1582208            4          45.624     12657664      1582208
     1582208            8          91.401     25315328      3164416
     1582208           16         182.696     50630656      6328832
     1582208           32         365.668    101261312     12657664
     1740416            1          22.164      3480832       435104
     1740416            2          26.050      6961664       870208
     1740416            4          51.001     13923328      1740416
     1740416            8         100.418     27846656      3480832
     1740416           16         201.409     55693312      6961664
     1740416           32         406.691    111386624     13923328
     1914432            1          25.056      3828864       478608
     1914432            2          29.248      7657728       957216
     1914432            4          56.947     15315456      1914432
     1914432            8         114.611     30630912      3828864
     1914432           16         229.127     61261824      7657728
     1914432           32         457.733    122523648     15315456
     2105856            1          27.107      4211712       526464
     2105856            2          33.653      8423424      1052928
     2105856            4          65.758     16846848      2105856
     2105856            8         131.407     33693696      4211712
     2105856           16         259.791     67387392      8423424
     2316416            1          31.140      4632832       579104
     2316416            2          37.986      9265664      1158208
     2316416            4          74.708     18531328      2316416
     2316416            8         149.257     37062656      4632832
     2316416           16         298.807     74125312      9265664
     2548032            1          34.224      5096064       637008
     2548032            2          43.448     10192128      1274016
     2548032            4          87.322     20384256      2548032
     2548032            8         175.010     40768512      5096064
     2548032           16         350.629     81537024     10192128
     2802816            1          39.315      5605632       700704
     2802816            2          48.626     11211264      1401408
     2802816            4          97.305     22422528      2802816
     2802816            8         194.727     44845056      5605632
     2802816           16         389.573     89690112     11211264
     3083072            1          43.645      6166144       770768
     3083072            2          54.166     12332288      1541536
     3083072            4         108.419     24664576      3083072
     3083072            8         221.059     49329152      6166144
     3083072           16         435.280     98658304     12332288
     3391360            1          48.639      6782720       847840
     3391360            2          60.666     13565440      1695680
     3391360            4         120.500     27130880      3391360
     3391360            8         240.017     54261760      6782720
     3391360           16         479.747    108523520     13565440
     3730496            1          55.151      7460992       932624
     3730496            2          66.862     14921984      1865248
     3730496            4         132.977     29843968      3730496
     3730496            8         264.019     59687936      7460992
     3730496           16         527.477    119375872     14921984
     4103488            1          60.488      8206976      1025872
     4103488            2          73.336     16413952      2051744
     4103488            4         145.620     32827904      4103488
     4103488            8         290.013     65655808      8206976
     4513792            1          65.475      9027584      1128448
     4513792            2          80.830     18055168      2256896
     4513792            4         159.659     36110336      4513792
     4513792            8         319.064     72220672      9027584
     4965120            1          72.705      9930240      1241280
     4965120            2          95.540     19860480      2482560
     4965120            4         175.635     39720960      4965120
     4965120            8         351.166     79441920      9930240
     5461632            1          80.451     10923264      1365408
     5461632            2          97.265     21846528      2730816
     5461632            4         193.910     43693056      5461632
     5461632            8         386.328     87386112     10923264
     6007744            1          87.335     12015488      1501936
     6007744            2         107.144     24030976      3003872
     6007744            4         212.650     48061952      6007744
     6007744            8         425.455     96123904     12015488
     6608512            1          96.513     13217024      1652128
     6608512            2         117.264     26434048      3304256
     6608512            4         233.470     52868096      6608512
     6608512            8         467.304    105736192     13217024
     7269312            1         106.754     14538624      1817328
     7269312            2         129.259     29077248      3634656
     7269312            4         257.258     58154496      7269312
     7269312            8         527.639    116308992     14538624
     7996224            1         119.006     15992448      1999056
     7996224            2         158.816     31984896      3998112
     7996224            4         297.838     63969792      7996224
     8795840            1         129.726     17591680      2198960
     8795840            2         156.163     35183360      4397920
     8795840            4         311.421     70366720      8795840
     9675392            1         143.244     19350784      2418848
     9675392            2         171.627     38701568      4837696
     9675392            4         342.238     77403136      9675392
    10642880            1         156.783     21285760      2660720
    10642880            2         188.639     42571520      5321440
    10642880            4         377.759     85143040     10642880
    11707136            1         171.907     23414272      2926784
    11707136            2         208.551     46828544      5853568
    11707136            4         417.522     93657088     11707136
    12877824            1         190.621     25755648      3219456
    12877824            2         231.561     51511296      6438912
    12877824            4         466.817    103022592     12877824
    14165568            1         211.308     28331136      3541392
    14165568            2         257.994     56662272      7082784
    14165568            4         512.431    113324544     14165568
    15582080            1         232.775     31164160      3895520
    15582080            2         294.078     62328320      7791040
    15582080            4         587.438    124656640     15582080
    17140288            1         261.570     34280576      4285072
    17140288            2         365.752     68561152      8570144
    18854272            1         309.577     37708544      4713568
    18854272            2         608.761     75417088      9427136
    20739648            1         447.775     41479296      5184912
    20739648            2        1089.578     82958592     10369824
    22813568            1         708.448     45627136      5703392
    22813568            2        1675.503     91254272     11406784
    25094912            1        1034.265     50189824      6273728
    25094912            2        2502.771    100379648     12547456
    27604352            1        1474.699     55208704      6901088
    27604352            2        3404.516    110417408     13802176
    30364736            1        1918.625     60729472      7591184
    30364736            2        4250.098    121458944     15182368
    33401152            1        2369.887     66802304      8350288
    36741248            1        2769.186     73482496      9185312
    40415360            1        3144.132     80830720     10103840
    44456896            1        3504.241     88913792     11114224
    48902528            1        3888.945     97805056     12225632
    53792768            1        4275.399    107585536     13448192
    59172032            1        4724.887    118344064     14793008

META_DATA
MPI_PROCS      1
OPENMP_THREADS 8
FLOPS          2
ERT_VERSION  1.0.0
TIMESTAMP_DATA  1594866801.84
HOSTNAME  ('apollo-PowerEdge-R430', [], ['127.0.1.1'])
UNAME  ('Linux', 'apollo-PowerEdge-R430', '4.19.129-0419129-generic', '#202006220433 SMP Mon Jun 22 09:12:54 UTC 2020', 'x86_64', 'x86_64')
CONFIG  {'ERT_WORKING_SET_MIN': ['1'], 'ERT_CFLAGS': ['-O3'], 'ERT_CC': ['gcc'], 'ERT_MPI_CFLAGS': [], 'ERT_MPI_LDFLAGS': [], 'ERT_MEMORY_MAX': ['62497788'], 'ERT_PROCS_THREADS': ['8'], 'ERT_LDFLAGS': [], 'ERT_LDLIBS': [], 'ERT_SPEC_GBYTES_DRAM': ['1.0'], 'ERT_RUN': ['export', 'KMP_AFFINITY=scatter;', 'export', 'OMP_NUM_THREADS=ERT_OPENMP_THREADS;', 'ERT_CODE'], 'ERT_FLOPS': ['1,2,4,8,16'], 'ERT_OPENMP_CFLAGS': ['-fopenmp'], 'ERT_SPEC_GFLOPS': ['1.0'], 'ERT_MPI': ['False'], 'ERT_TRIALS_MIN': ['1'], 'ERT_DRIVER': ['driver1'], 'ERT_RESULTS': ['Results.x86'], 'ERT_OPENMP': ['True'], 'ERT_MPI_PROCS': ['1'], 'ERT_KERNEL': ['kernel1'], 'ERT_OPENMP_THREADS': ['1-32'], 'ERT_LD': ['gcc'], 'ERT_NUM_EXPERIMENTS': ['6'], 'ERT_OPENMP_LDFLAGS': ['-fopenmp'], 'ERT_ALIGN': ['32'], 'ERT_GNUPLOT': ['gnuplot']}
