          64            1           2.819          128           16
          64            2           1.178          256           32
          64            4           1.168          512           64
          64            8           1.126         1024          128
          64           16           1.161         2048          256
          64           32           1.390         4096          512
          64           64           1.522         8192         1024
          64          128           2.040        16384         2048
          64          256           3.225        32768         4096
          64          512           5.180        65536         8192
          64         1024          11.672       131072        16384
          64         2048          20.052       262144        32768
          64         4096          40.780       524288        65536
          64         8192          81.608      1048576       131072
          64        16384         163.625      2097152       262144
          64        32768         327.737      4194304       524288
          64        65536         655.784      8388608      1048576
          64       131072        1311.964     16777216      2097152
          64       262144        2117.362     33554432      4194304
          64       524288        3846.126     67108864      8388608
         128            1           0.758          256           32
         128            2           0.836          512           64
         128            4           0.766         1024          128
         128            8           0.898         2048          256
         128           16           0.780         4096          512
         128           32           0.898         8192         1024
         128           64           1.028        16384         2048
         128          128           1.484        32768         4096
         128          256           2.039        65536         8192
         128          512           3.361       131072        16384
         128         1024           6.037       262144        32768
         128         2048          11.383       524288        65536
         128         4096          22.086      1048576       131072
         128         8192          43.478      2097152       262144
         128        16384          86.270      4194304       524288
         128        32768         171.857      8388608      1048576
         128        65536         343.012     16777216      2097152
         128       131072         685.436     33554432      4194304
         128       262144        1369.971     67108864      8388608
         192            1           0.761          384           48
         192            2           0.751          768           96
         192            4           0.774         1536          192
         192            8           0.821         3072          384
         192           16           0.799         6144          768
         192           32           1.026        12288         1536
         192           64           1.044        24576         3072
         192          128           1.379        49152         6144
         192          256           2.048        98304        12288
         192          512           3.381       196608        24576
         192         1024           6.063       393216        49152
         192         2048          11.410       786432        98304
         192         4096          22.101      1572864       196608
         192         8192          43.586      3145728       393216
         192        16384          86.283      6291456       786432
         192        32768         177.061     12582912      1572864
         192        65536         343.044     25165824      3145728
         192       131072         685.347     50331648      6291456
         192       262144        1369.996    100663296     12582912
         256            1           0.826          512           64
         256            2           0.764         1024          128
         256            4           0.769         2048          256
         256            8           0.786         4096          512
         256           16           0.810         8192         1024
         256           32           0.861        16384         2048
         256           64           1.030        32768         4096
         256          128           1.385        65536         8192
         256          256           2.041       131072        16384
         256          512           3.509       262144        32768
         256         1024           6.044       524288        65536
         256         2048          11.405      1048576       131072
         256         4096          22.101      2097152       262144
         256         8192          43.497      4194304       524288
         256        16384          86.281      8388608      1048576
         256        32768         171.867     16777216      2097152
         256        65536         343.038     33554432      4194304
         256       131072         685.350     67108864      8388608
         320            1           0.749          640           80
         320            2           0.752         1280          160
         320            4           0.756         2560          320
         320            8           0.930         5120          640
         320           16           0.821        10240         1280
         320           32           0.908        20480         2560
         320           64           1.054        40960         5120
         320          128           1.563        81920        10240
         320          256           2.052       163840        20480
         320          512           3.503       327680        40960
         320         1024           6.060       655360        81920
         320         2048          11.416      1310720       163840
         320         4096          22.109      2621440       327680
         320         8192          43.625      5242880       655360
         320        16384          94.110     10485760      1310720
         320        32768         171.894     20971520      2621440
         320        65536         343.040     41943040      5242880
         320       131072         685.357     83886080     10485760
         384            1           0.747          768           96
         384            2           0.848         1536          192
         384            4           0.794         3072          384
         384            8           0.793         6144          768
         384           16           0.828        12288         1536
         384           32           0.902        24576         3072
         384           64           1.050        49152         6144
         384          128           1.542        98304        12288
         384          256           2.052       196608        24576
         384          512           3.542       393216        49152
         384         1024           6.057       786432        98304
         384         2048          11.415      1572864       196608
         384         4096          22.110      3145728       393216
         384         8192          43.520      6291456       786432
         384        16384          86.300     12582912      1572864
         384        32768         171.889     25165824      3145728
         384        65536         343.036     50331648      6291456
         384       131072         685.358    100663296     12582912
         448            1           0.751          896          112
         448            2           0.778         1792          224
         448            4           0.788         3584          448
         448            8           0.805         7168          896
         448           16           0.829        14336         1792
         448           32           0.958        28672         3584
         448           64           1.102        57344         7168
         448          128           1.389       114688        14336
         448          256           2.099       229376        28672
         448          512           3.457       458752        57344
         448         1024           6.121       917504       114688
         448         2048          11.462      1835008       229376
         448         4096          22.390      3670016       458752
         448         8192          43.647      7340032       917504
         448        16384          86.509     14680064      1835008
         448        32768         171.971     29360128      3670016
         448        65536         343.085     58720256      7340032
         448       131072         698.748    117440512     14680064
         512            1           0.849         1024          128
         512            2           0.795         2048          256
         512            4           1.017         4096          512
         512            8           0.893         8192         1024
         512           16           0.990        16384         2048
         512           32           0.924        32768         4096
         512           64           1.093        65536         8192
         512          128           1.404       131072        16384
         512          256           2.128       262144        32768
         512          512           3.505       524288        65536
         512         1024           6.087      1048576       131072
         512         2048          11.515      2097152       262144
         512         4096          22.315      4194304       524288
         512         8192          43.743      8388608      1048576
         512        16384          86.364     16777216      2097152
         512        32768         171.929     33554432      4194304
         512        65536         343.235     67108864      8388608
         576            1           0.733         1152          144
         576            2           0.759         2304          288
         576            4           0.994         4608          576
         576            8           0.801         9216         1152
         576           16           0.854        18432         2304
         576           32           1.003        36864         4608
         576           64           1.247        73728         9216
         576          128           1.547       147456        18432
         576          256           2.227       294912        36864
         576          512           3.757       589824        73728
         576         1024           6.579      1179648       147456
         576         2048          12.370      2359296       294912
         576         4096          24.002      4718592       589824
         576         8192          47.252      9437184      1179648
         576        16384          93.573     18874368      2359296
         576        32768         186.226     37748736      4718592
         576        65536         371.627     75497472      9437184
         640            1           0.731         1280          160
         640            2           0.756         2560          320
         640            4           0.827         5120          640
         640            8           0.808        10240         1280
         640           16           1.001        20480         2560
         640           32           0.967        40960         5120
         640           64           1.297        81920        10240
         640          128           1.540       163840        20480
         640          256           2.517       327680        40960
         640          512           3.870       655360        81920
         640         1024           7.000      1310720       163840
         640         2048          13.357      2621440       327680
         640         4096          25.927      5242880       655360
         640         8192          50.840     10485760      1310720
         640        16384         100.910     20971520      2621440
         640        32768         200.617     41943040      5242880
         640        65536         400.296     83886080     10485760
         704            1           0.733         1408          176
         704            2           0.781         2816          352
         704            4           0.768         5632          704
         704            8           0.805        11264         1408
         704           16           0.861        22528         2816
         704           32           0.988        45056         5632
         704           64           1.331        90112        11264
         704          128           1.641       180224        22528
         704          256           2.528       360448        45056
         704          512           4.545       720896        90112
         704         1024           7.901      1441792       180224
         704         2048          15.148      2883584       360448
         704         4096          29.628      5767168       720896
         704         8192          58.116     11534336      1441792
         704        16384         115.181     23068672      2883584
         704        32768         229.266     46137344      5767168
         704        65536         457.438     92274688     11534336
         768            1           0.828         1536          192
         768            2           0.833         3072          384
         768            4           0.763         6144          768
         768            8           0.802        12288         1536
         768           16           1.021        24576         3072
         768           32           1.010        49152         6144
         768           64           1.188        98304        12288
         768          128           1.730       196608        24576
         768          256           2.523       393216        49152
         768          512           4.408       786432        98304
         768         1024           7.890      1572864       196608
         768         2048          15.121      3145728       393216
         768         4096          29.373      6291456       786432
         768         8192          57.921     12582912      1572864
         768        16384         114.976     25165824      3145728
         768        32768         229.086     50331648      6291456
         768        65536         461.834    100663296     12582912
         832            1           0.745         1664          208
         832            2           0.847         3328          416
         832            4           0.771         6656          832
         832            8           0.947        13312         1664
         832           16           1.057        26624         3328
         832           32           1.035        53248         6656
         832           64           1.434       106496        13312
         832          128           1.736       212992        26624
         832          256           2.931       425984        53248
         832          512           4.809       851968       106496
         832         1024           8.902      1703936       212992
         832         2048          17.007      3407872       425984
         832         4096          33.188      6815744       851968
         832         8192          65.137     13631488      1703936
         832        16384         129.317     27262976      3407872
         832        32768         257.807     54525952      6815744
         832        65536         514.398    109051904     13631488
         896            1           0.745         1792          224
         896            2           0.809         3584          448
         896            4           0.790         7168          896
         896            8           0.993        14336         1792
         896           16           0.904        28672         3584
         896           32           1.074        57344         7168
         896           64           1.252       114688        14336
         896          128           1.759       229376        28672
         896          256           2.759       458752        57344
         896          512           4.807       917504       114688
         896         1024           8.767      1835008       229376
         896         2048          16.932      3670016       458752
         896         4096          32.979      7340032       917504
         896         8192          65.093     14680064      1835008
         896        16384         129.284     29360128      3670016
         896        32768         257.637     58720256      7340032
         896        65536         514.408    117440512     14680064
         960            1           0.902         1920          240
         960            2           0.768         3840          480
         960            4           0.787         7680          960
         960            8           0.803        15360         1920
         960           16           1.073        30720         3840
         960           32           1.111        61440         7680
         960           64           1.300       122880        15360
         960          128           1.992       245760        30720
         960          256           3.013       491520        61440
         960          512           5.225       983040       122880
         960         1024           9.797      1966080       245760
         960         2048          18.822      3932160       491520
         960         4096          36.534      7864320       983040
         960         8192          72.233     15728640      1966080
         960        16384         143.554     31457280      3932160
         960        32768         286.180     62914560      7864320
        1024            1           0.847         2048          256
        1024            2           0.755         4096          512
        1024            4           0.927         8192         1024
        1024            8           0.808        16384         2048
        1024           16           1.035        32768         4096
        1024           32           1.205        65536         8192
        1024           64           1.453       131072        16384
        1024          128           1.868       262144        32768
        1024          256           2.988       524288        65536
        1024          512           5.271      1048576       131072
        1024         1024           9.847      2097152       262144
        1024         2048          18.733      4194304       524288
        1024         4096          36.536      8388608      1048576
        1024         8192          72.196     16777216      2097152
        1024        16384         143.529     33554432      4194304
        1024        32768         286.189     67108864      8388608
        1088            1           0.739         2176          272
        1088            2           0.767         4352          544
        1088            4           0.918         8704         1088
        1088            8           0.933        17408         2176
        1088           16           0.914        34816         4352
        1088           32           1.183        69632         8704
        1088           64           1.473       139264        17408
        1088          128           2.046       278528        34816
        1088          256           3.189       557056        69632
        1088          512           5.712      1114112       139264
        1088         1024          10.684      2228224       278528
        1088         2048          20.525      4456448       557056
        1088         4096          40.128      8912896      1114112
        1088         8192          79.352     17825792      2228224
        1088        16384         161.651     35651584      4456448
        1088        32768         314.718     71303168      8912896
        1152            1           0.740         2304          288
        1152            2           0.778         4608          576
        1152            4           0.815         9216         1152
        1152            8           0.828        18432         2304
        1152           16           0.955        36864         4608
        1152           32           1.073        73728         9216
        1152           64           1.361       147456        18432
        1152          128           1.954       294912        36864
        1152          256           3.199       589824        73728
        1152          512           5.661      1179648       147456
        1152         1024          10.564      2359296       294912
        1152         2048          20.486      4718592       589824
        1152         4096          40.091      9437184      1179648
        1152         8192          79.327     18874368      2359296
        1152        16384         157.777     37748736      4718592
        1152        32768         314.695     75497472      9437184
        1216            1           0.750         2432          304
        1216            2           0.852         4864          608
        1216            4           0.866         9728         1216
        1216            8           1.034        19456         2432
        1216           16           0.938        38912         4864
        1216           32           1.084        77824         9728
        1216           64           1.644       155648        19456
        1216          128           2.220       311296        38912
        1216          256           3.535       622592        77824
        1216          512           6.134      1245184       155648
        1216         1024          11.712      2490368       311296
        1216         2048          22.255      4980736       622592
        1216         4096          43.699      9961472      1245184
        1216         8192          86.481     19922944      2490368
        1216        16384         172.059     39845888      4980736
        1216        32768         343.218     79691776      9961472
        1280            1           0.754         2560          320
        1280            2           0.795         5120          640
        1280            4           0.783        10240         1280
        1280            8           0.828        20480         2560
        1280           16           0.913        40960         5120
        1280           32           1.167        81920        10240
        1280           64           1.494       163840        20480
        1280          128           2.103       327680        40960
        1280          256           3.486       655360        81920
        1280          512           6.106      1310720       163840
        1280         1024          11.452      2621440       327680
        1280         2048          22.290      5242880       655360
        1280         4096          43.694     10485760      1310720
        1280         8192          86.449     20971520      2621440
        1280        16384         172.051     41943040      5242880
        1280        32768         343.438     83886080     10485760
        1408            1           0.738         2816          352
        1408            2           0.752         5632          704
        1408            4           0.878        11264         1408
        1408            8           0.831        22528         2816
        1408           16           0.997        45056         5632
        1408           32           1.126        90112        11264
        1408           64           1.463       180224        22528
        1408          128           2.247       360448        45056
        1408          256           3.753       720896        90112
        1408          512           6.543      1441792       180224
        1408         1024          12.447      2883584       360448
        1408         2048          24.048      5767168       720896
        1408         4096          47.216     11534336      1441792
        1408         8192          93.577     23068672      2883584
        1408        16384         186.290     46137344      5767168
        1408        32768         371.737     92274688     11534336
        1536            1           0.735         3072          384
        1536            2           0.869         6144          768
        1536            4           0.814        12288         1536
        1536            8           0.847        24576         3072
        1536           16           0.944        49152         6144
        1536           32           1.139        98304        12288
        1536           64           1.520       196608        24576
        1536          128           2.375       393216        49152
        1536          256           3.923       786432        98304
        1536          512           6.977      1572864       196608
        1536         1024          13.337      3145728       393216
        1536         2048          25.844      6291456       786432
        1536         4096          50.800     12582912      1572864
        1536         8192         100.690     25165824      3145728
        1536        16384         200.562     50331648      6291456
        1536        32768         405.169    100663296     12582912
        1664            1           0.844         3328          416
        1664            2           0.771         6656          832
        1664            4           0.841        13312         1664
        1664            8           0.849        26624         3328
        1664           16           0.952        53248         6656
        1664           32           1.154       106496        13312
        1664           64           1.570       212992        26624
        1664          128           2.397       425984        53248
        1664          256           4.079       851968       106496
        1664          512           7.427      1703936       212992
        1664         1024          14.218      3407872       425984
        1664         2048          27.635      6815744       851968
        1664         4096          54.362     13631488      1703936
        1664         8192         107.829     27262976      3407872
        1664        16384         214.806     54525952      6815744
        1664        32768         428.777    109051904     13631488
        1792            1           0.736         3584          448
        1792            2           0.788         7168          896
        1792            4           0.828        14336         1792
        1792            8           0.850        28672         3584
        1792           16           0.964        57344         7168
        1792           32           1.176       114688        14336
        1792           64           1.620       229376        28672
        1792          128           2.521       458752        57344
        1792          256           4.308       917504       114688
        1792          512           7.892      1835008       229376
        1792         1024          15.126      3670016       458752
        1792         2048          29.517      7340032       917504
        1792         4096          57.913     14680064      1835008
        1792         8192         114.963     29360128      3670016
        1792        16384         229.072     58720256      7340032
        1792        32768         457.470    117440512     14680064
        1920            1           0.779         3840          480
        1920            2           0.796         7680          960
        1920            4           0.824        15360         1920
        1920            8           0.904        30720         3840
        1920           16           0.987        61440         7680
        1920           32           1.218       122880        15360
        1920           64           1.682       245760        30720
        1920          128           2.781       491520        61440
        1920          256           4.539       983040       122880
        1920          512           8.334      1966080       245760
        1920         1024          16.015      3932160       491520
        1920         2048          31.179      7864320       983040
        1920         4096          61.521     15728640      1966080
        1920         8192         122.296     31457280      3932160
        1920        16384         243.438     62914560      7864320
        2112            1           0.762         4224          528
        2112            2           0.871         8448         1056
        2112            4           0.836        16896         2112
        2112            8           1.000        33792         4224
        2112           16           1.016        67584         8448
        2112           32           1.351       135168        16896
        2112           64           1.804       270336        33792
        2112          128           2.914       540672        67584
        2112          256           5.006      1081344       135168
        2112          512           9.300      2162688       270336
        2112         1024          17.981      4325376       540672
        2112         2048          34.749      8650752      1081344
        2112         4096          68.625     17301504      2162688
        2112         8192         136.380     34603008      4325376
        2112        16384         271.957     69206016      8650752
        2304            1           0.761         4608          576
        2304            2           0.905         9216         1152
        2304            4           0.968        18432         2304
        2304            8           0.888        36864         4608
        2304           16           1.218        73728         9216
        2304           32           1.406       147456        18432
        2304           64           1.851       294912        36864
        2304          128           2.985       589824        73728
        2304          256           5.260      1179648       147456
        2304          512           9.793      2359296       294912
        2304         1024          18.702      4718592       589824
        2304         2048          36.728      9437184      1179648
        2304         4096          72.197     18874368      2359296
        2304         8192         143.500     37748736      4718592
        2304        16384         286.140     75497472      9437184
        2496            1           0.760         4992          624
        2496            2           0.810         9984         1248
        2496            4           0.854        19968         2496
        2496            8           0.905        39936         4992
        2496           16           1.053        79872         9984
        2496           32           1.353       159744        19968
        2496           64           1.964       319488        39936
        2496          128           3.194       638976        79872
        2496          256           5.658      1277952       159744
        2496          512          10.667      2555904       319488
        2496         1024          20.500      5111808       638976
        2496         2048          40.117     10223616      1277952
        2496         4096          79.333     20447232      2555904
        2496         8192         160.608     40894464      5111808
        2496        16384         314.645     81788928     10223616
        2688            1           0.941         5376          672
        2688            2           0.798        10752         1344
        2688            4           0.841        21504         2688
        2688            8           0.924        43008         5376
        2688           16           1.080        86016        10752
        2688           32           1.376       172032        21504
        2688           64           2.024       344064        43008
        2688          128           3.311       688128        86016
        2688          256           5.869      1376256       172032
        2688          512          10.993      2752512       344064
        2688         1024          21.363      5505024       688128
        2688         2048          41.874     11010048      1376256
        2688         4096          82.870     22020096      2752512
        2688         8192         165.107     44040192      5505024
        2688        16384         328.930     88080384     11010048
        2944            1           0.742         5888          736
        2944            2           0.903        11776         1472
        2944            4           0.843        23552         2944
        2944            8           0.923        47104         5888
        2944           16           1.087        94208        11776
        2944           32           1.429       188416        23552
        2944           64           2.137       376832        47104
        2944          128           3.530       753664        94208
        2944          256           6.317      1507328       188416
        2944          512          11.888      3014656       376832
        2944         1024          23.140      6029312       753664
        2944         2048          45.447     12058624      1507328
        2944         4096          90.028     24117248      3014656
        2944         8192         179.157     48234496      6029312
        2944        16384         357.502     96468992     12058624
        3200            1           0.756         6400          800
        3200            2           0.974        12800         1600
        3200            4           0.868        25600         3200
        3200            8           0.925        51200         6400
        3200           16           1.117       102400        12800
        3200           32           1.561       204800        25600
        3200           64           2.374       409600        51200
        3200          128           3.738       819200       102400
        3200          256           6.871      1638400       204800
        3200          512          12.879      3276800       409600
        3200         1024          24.938      6553600       819200
        3200         2048          48.998     13107200      1638400
        3200         4096          97.246     26214400      3276800
        3200         8192         193.422     52428800      6553600
        3200        16384         385.978    104857600     13107200
        3520            1           0.789         7040          880
        3520            2           0.915        14080         1760
        3520            4           0.878        28160         3520
        3520            8           0.997        56320         7040
        3520           16           1.161       112640        14080
        3520           32           1.732       225280        28160
        3520           64           2.485       450560        56320
        3520          128           4.088       901120       112640
        3520          256           7.453      1802240       225280
        3520          512          14.222      3604480       450560
        3520         1024          27.846      7208960       901120
        3520         2048          54.348     14417920      1802240
        3520         4096         107.997     28835840      3604480
        3520         8192         215.046     57671680      7208960
        3520        16384         428.982    115343360     14417920
        3840            1           0.887         7680          960
        3840            2           0.813        15360         1920
        3840            4           0.908        30720         3840
        3840            8           0.964        61440         7680
        3840           16           1.237       122880        15360
        3840           32           1.842       245760        30720
        3840           64           2.525       491520        61440
        3840          128           4.314       983040       122880
        3840          256           8.080      1966080       245760
        3840          512          15.136      3932160       491520
        3840         1024          29.410      7864320       983040
        3840         2048          57.936     15728640      1966080
        3840         4096         114.981     31457280      3932160
        3840         8192         233.646     62914560      7864320
        4224            1           0.811         8448         1056
        4224            2           0.822        16896         2112
        4224            4           0.897        33792         4224
        4224            8           1.175        67584         8448
        4224           16           1.418       135168        16896
        4224           32           1.965       270336        33792
        4224           64           3.192       540672        67584
        4224          128           5.798      1081344       135168
        4224          256          10.469      2162688       270336
        4224          512          20.273      4325376       540672
        4224         1024          39.646      8650752      1081344
        4224         2048          78.408     17301504      2162688
        4224         4096         155.920     34603008      4325376
        4224         8192         310.947     69206016      8650752
        4608            1           0.829         9216         1152
        4608            2           0.821        18432         2304
        4608            4           0.906        36864         4608
        4608            8           1.149        73728         9216
        4608           16           1.282       147456        18432
        4608           32           1.805       294912        36864
        4608           64           3.014       589824        73728
        4608          128           5.001      1179648       147456
        4608          256           9.396      2359296       294912
        4608          512          17.813      4718592       589824
        4608         1024          34.774      9437184      1179648
        4608         2048          68.648     18874368      2359296
        4608         4096         136.369     37748736      4718592
        4608         8192         272.125     75497472      9437184
        5056            1           0.791        10112         1264
        5056            2           0.878        20224         2528
        5056            4           1.088        40448         5056
        5056            8           1.083        80896        10112
        5056           16           1.453       161792        20224
        5056           32           2.010       323584        40448
        5056           64           3.201       647168        80896
        5056          128           5.336      1294336       161792
        5056          256          10.927      2588672       323584
        5056          512          21.927      5177344       647168
        5056         1024          44.072     10354688      1294336
        5056         2048          88.248     20709376      2588672
        5056         4096         176.726     41418752      5177344
        5056         8192         354.261     82837504     10354688
        5504            1           0.789        11008         1376
        5504            2           0.841        22016         2752
        5504            4           0.964        44032         5504
        5504            8           1.129        88064        11008
        5504           16           1.507       176128        22016
        5504           32           2.246       352256        44032
        5504           64           3.097       704512        88064
        5504          128           6.646      1409024       176128
        5504          256          12.182      2818048       352256
        5504          512          24.448      5636096       704512
        5504         1024          47.620     11272192      1409024
        5504         2048          95.149     22544384      2818048
        5504         4096         190.205     45088768      5636096
        5504         8192         379.970     90177536     11272192
        6016            1           0.890        12032         1504
        6016            2           0.840        24064         3008
        6016            4           0.946        48128         6016
        6016            8           1.137        96256        12032
        6016           16           1.569       192512        24064
        6016           32           2.377       385024        48128
        6016           64           3.976       770048        96256
        6016          128           7.160      1540096       192512
        6016          256          13.491      3080192       385024
        6016          512          26.298      6160384       770048
        6016         1024          51.669     12320768      1540096
        6016         2048         102.549     24641536      3080192
        6016         4096         203.932     49283072      6160384
        6016         8192         407.443     98566144     12320768
        6592            1           0.816        13184         1648
        6592            2           0.844        26368         3296
        6592            4           1.093        52736         6592
        6592            8           1.207       105472        13184
        6592           16           1.679       210944        26368
        6592           32           2.476       421888        52736
        6592           64           4.149       843776       105472
        6592          128           7.619      1687552       210944
        6592          256          14.378      3375104       421888
        6592          512          28.055      6750208       843776
        6592         1024          54.908     13500416      1687552
        6592         2048         108.851     27000832      3375104
        6592         4096         221.305     54001664      6750208
        6592         8192         432.611    108003328     13500416
        7232            1           0.778        14464         1808
        7232            2           0.825        28928         3616
        7232            4           0.966        57856         7232
        7232            8           1.197       115712        14464
        7232           16           1.686       231424        28928
        7232           32           2.600       462848        57856
        7232           64           4.431       925696       115712
        7232          128           8.049      1851392       231424
        7232          256          15.327      3702784       462848
        7232          512          30.010      7405568       925696
        7232         1024          59.134     14811136      1851392
        7232         2048         116.889     29622272      3702784
        7232         4096         233.193     59244544      7405568
        7232         8192         467.641    118489088     14811136
        7936            1           0.783        15872         1984
        7936            2           1.038        31744         3968
        7936            4           1.209        63488         7936
        7936            8           1.397       126976        15872
        7936           16           1.772       253952        31744
        7936           32           2.736       507904        63488
        7936           64           4.708      1015808       126976
        7936          128           8.716      2031616       253952
        7936          256          16.441      4063232       507904
        7936          512          32.286      8126464      1015808
        7936         1024          63.449     16252928      2031616
        7936         2048         125.972     32505856      4063232
        7936         4096         251.046     65011712      8126464
        8704            1           0.798        17408         2176
        8704            2           0.945        34816         4352
        8704            4           1.043        69632         8704
        8704            8           1.450       139264        17408
        8704           16           1.831       278528        34816
        8704           32           2.979       557056        69632
        8704           64           5.080      1114112       139264
        8704          128           9.241      2228224       278528
        8704          256          17.784      4456448       557056
        8704          512          34.871      8912896      1114112
        8704         1024          68.395     17825792      2228224
        8704         2048         135.980     35651584      4456448
        8704         4096         271.038     71303168      8912896
        9536            1           0.806        19072         2384
        9536            2           0.898        38144         4768
        9536            4           1.071        76288         9536
        9536            8           1.370       152576        19072
        9536           16           1.907       305152        38144
        9536           32           3.138       610304        76288
        9536           64           5.292      1220608       152576
        9536          128           9.897      2441216       305152
        9536          256          18.952      4882432       610304
        9536          512          37.010      9764864      1220608
        9536         1024          73.112     19529728      2441216
        9536         2048         145.015     39059456      4882432
        9536         4096         289.904     78118912      9764864
       10432            1           0.807        20864         2608
       10432            2           1.124        41728         5216
       10432            4           1.139        83456        10432
       10432            8           1.406       166912        20864
       10432           16           2.076       333824        41728
       10432           32           3.369       667648        83456
       10432           64           5.635      1335296       166912
       10432          128          10.666      2670592       333824
       10432          256          20.264      5341184       667648
       10432          512          39.694     10682368      1335296
       10432         1024          78.474     21364736      2670592
       10432         2048         156.022     42729472      5341184
       10432         4096         311.132     85458944     10682368
       11456            1           0.806        22912         2864
       11456            2           0.988        45824         5728
       11456            4           1.066        91648        11456
       11456            8           1.403       183296        22912
       11456           16           2.081       366592        45824
       11456           32           3.460       733184        91648
       11456           64           6.149      1466368       183296
       11456          128          11.272      2932736       366592
       11456          256          21.764      5865472       733184
       11456          512          42.812     11730944      1466368
       11456         1024          88.941     23461888      2932736
       11456         2048         168.668     46923776      5865472
       11456         4096         335.790     93847552     11730944
       12544            1           0.808        25088         3136
       12544            2           0.911        50176         6272
       12544            4           1.123       100352        12544
       12544            8           1.469       200704        25088
       12544           16           2.197       401408        50176
       12544           32           3.734       802816       100352
       12544           64           6.453      1605632       200704
       12544          128          12.158      3211264       401408
       12544          256          23.609      6422528       802816
       12544          512          46.341     12845056      1605632
       12544         1024          91.695     25690112      3211264
       12544         2048         182.497     51380224      6422528
       12544         4096         364.003    102760448     12845056
       13760            1           0.826        27520         3440
       13760            2           1.034        55040         6880
       13760            4           1.140       110080        13760
       13760            8           1.513       220160        27520
       13760           16           2.308       440320        55040
       13760           32           4.063       880640       110080
       13760           64           6.880      1761280       220160
       13760          128          12.994      3522560       440320
       13760          256          25.197      7045120       880640
       13760          512          49.717     14090240      1761280
       13760         1024          98.513     28180480      3522560
       13760         2048         196.127     56360960      7045120
       13760         4096         391.389    112721920     14090240
       15104            1           0.841        30208         3776
       15104            2           0.940        60416         7552
       15104            4           1.161       120832        15104
       15104            8           1.579       241664        30208
       15104           16           2.441       483328        60416
       15104           32           4.122       966656       120832
       15104           64           7.449      1933312       241664
       15104          128          14.126      3866624       483328
       15104          256          27.560      7733248       966656
       15104          512          54.167     15466496      1933312
       15104         1024         107.422     30932992      3866624
       15104         2048         213.928     61865984      7733248
       15104         4096         426.936    123731968     15466496
       16576            1           0.843        33152         4144
       16576            2           1.065        66304         8288
       16576            4           1.203       132608        16576
       16576            8           1.655       265216        33152
       16576           16           2.570       530432        66304
       16576           32           4.386      1060864       132608
       16576           64           7.946      2121728       265216
       16576          128          15.175      4243456       530432
       16576          256          29.547      8486912      1060864
       16576          512          57.852     16973824      2121728
       16576         1024         116.262     33947648      4243456
       16576         2048         230.719     67895296      8486912
       18176            1           0.851        36352         4544
       18176            2           0.979        72704         9088
       18176            4           1.253       145408        18176
       18176            8           1.729       290816        36352
       18176           16           2.729       581632        72704
       18176           32           4.700      1163264       145408
       18176           64           8.637      2326528       290816
       18176          128          16.578      4653056       581632
       18176          256          32.163      9306112      1163264
       18176          512          63.641     18612224      2326528
       18176         1024         126.370     37224448      4653056
       18176         2048         254.386     74448896      9306112
       19968            1           0.863        39936         4992
       19968            2           0.992        79872         9984
       19968            4           1.260       159744        19968
       19968            8           1.816       319488        39936
       19968           16           2.906       638976        79872
       19968           32           5.028      1277952       159744
       19968           64           9.289      2555904       319488
       19968          128          17.781      5111808       638976
       19968          256          34.876     10223616      1277952
       19968          512          68.844     20447232      2555904
       19968         1024         136.741     40894464      5111808
       19968         2048         272.565     81788928     10223616
       21952            1           0.881        43904         5488
       21952            2           1.025        87808        10976
       21952            4           1.329       175616        21952
       21952            8           1.935       351232        43904
       21952           16           3.084       702464        87808
       21952           32           5.410      1404928       175616
       21952           64          10.031      2809856       351232
       21952          128          19.262      5619712       702464
       21952          256          37.820     11239424      1404928
       21952          512          74.685     22478848      2809856
       21952         1024         148.465     44957696      5619712
       21952         2048         296.000     89915392     11239424
       24128            1           0.975        48256         6032
       24128            2           1.029        96512        12064
       24128            4           1.379       193024        24128
       24128            8           2.014       386048        48256
       24128           16           3.290       772096        96512
       24128           32           5.819      1544192       193024
       24128           64          10.859      3088384       386048
       24128          128          20.942      6176768       772096
       24128          256          41.190     12353536      1544192
       24128          512          81.380     24707072      3088384
       24128         1024         162.060     49414144      6176768
       24128         2048         322.743     98828288     12353536
       26496            1           0.918        52992         6624
       26496            2           1.082       105984        13248
       26496            4           1.439       211968        26496
       26496            8           2.123       423936        52992
       26496           16           3.531       847872       105984
       26496           32           6.283      1695744       211968
       26496           64          11.766      3391488       423936
       26496          128          22.790      6782976       847872
       26496          256          44.763     13565952      1695744
       26496          512          88.828     27131904      3391488
       26496         1024         176.728     54263808      6782976
       26496         2048         352.534    108527616     13565952
       29120            1           0.937        58240         7280
       29120            2           1.113       116480        14560
       29120            4           1.486       232960        29120
       29120            8           2.244       465920        58240
       29120           16           3.770       931840       116480
       29120           32           6.784      1863680       232960
       29120           64          12.786      3727360       465920
       29120          128          24.756      7454720       931840
       29120          256          48.834     14909440      1863680
       29120          512          96.748     29818880      3727360
       29120         1024         192.526     59637760      7454720
       29120         2048         384.058    119275520     14909440
       32000            1           1.040        64000         8000
       32000            2           1.137       128000        16000
       32000            4           1.559       256000        32000
       32000            8           2.392       512000        64000
       32000           16           4.137      1024000       128000
       32000           32           7.430      2048000       256000
       32000           64          13.979      4096000       512000
       32000          128          27.087      8192000      1024000
       32000          256          53.160     16384000      2048000
       32000          512         105.619     32768000      4096000
       32000         1024         210.368     65536000      8192000
       35200            1           1.006        70400         8800
       35200            2           1.178       140800        17600
       35200            4           1.629       281600        35200
       35200            8           2.542       563200        70400
       35200           16           4.393      1126400       140800
       35200           32           8.034      2252800       281600
       35200           64          15.110      4505600       563200
       35200          128          29.416      9011200      1126400
       35200          256          62.935     18022400      2252800
       35200          512         115.289     36044800      4505600
       35200         1024         229.823     72089600      9011200
       38720            1           0.998        77440         9680
       38720            2           1.220       154880        19360
       38720            4           1.777       309760        38720
       38720            8           2.717       619520        77440
       38720           16           4.840      1239040       154880
       38720           32           8.600      2478080       309760
       38720           64          16.433      4956160       619520
       38720          128          32.051      9912320      1239040
       38720          256          63.476     19824640      2478080
       38720          512         126.063     39649280      4956160
       38720         1024         251.190     79298560      9912320
       42560            1           1.009        85120        10640
       42560            2           1.259       170240        21280
       42560            4           1.808       340480        42560
       42560            8           2.891       680960        85120
       42560           16           5.049      1361920       170240
       42560           32           9.339      2723840       340480
       42560           64          17.891      5447680       680960
       42560          128          35.209     10895360      1361920
       42560          256          69.330     21790720      2723840
       42560          512         137.960     43581440      5447680
       42560         1024         274.585     87162880     10895360
       46784            1           1.054        93568        11696
       46784            2           1.316       187136        23392
       46784            4           1.917       374272        46784
       46784            8           3.132       748544        93568
       46784           16           5.461      1497088       187136
       46784           32          10.152      2994176       374272
       46784           64          19.562      5988352       748544
       46784          128          38.249     11976704      1497088
       46784          256          75.496     23953408      2994176
       46784          512         150.277     47906816      5988352
       46784         1024         301.310     95813632     11976704
       51456            1           1.085       102912        12864
       51456            2           1.373       205824        25728
       51456            4           2.043       411648        51456
       51456            8           3.321       823296       102912
       51456           16           5.910      1646592       205824
       51456           32          11.067      3293184       411648
       51456           64          21.350      6586368       823296
       51456          128          41.869     13172736      1646592
       51456          256          82.926     26345472      3293184
       51456          512         165.248     52690944      6586368
       51456         1024         329.398    105381888     13172736
       56576            1           1.089       113152        14144
       56576            2           1.426       226304        28288
       56576            4           2.143       452608        56576
       56576            8           3.564       905216       113152
       56576           16           6.390      1810432       226304
       56576           32          12.026      3620864       452608
       56576           64          23.347      7241728       905216
       56576          128          45.779     14483456      1810432
       56576          256          90.810     28966912      3620864
       56576          512         180.816     57933824      7241728
       56576         1024         360.532    115867648     14483456
       62208            1           1.269       124416        15552
       62208            2           1.499       248832        31104
       62208            4           2.325       497664        62208
       62208            8           3.836       995328       124416
       62208           16           7.042      1990656       248832
       62208           32          13.148      3981312       497664
       62208           64          25.450      7962624       995328
       62208          128          50.109     15925248      1990656
       62208          256          99.435     31850496      3981312
       62208          512         198.122     63700992      7962624
       68416            1           1.351       136832        17104
       68416            2           1.583       273664        34208
       68416            4           2.458       547328        68416
       68416            8           4.138      1094656       136832
       68416           16           7.523      2189312       273664
       68416           32          16.463      4378624       547328
       68416           64          27.689      8757248      1094656
       68416          128          54.740     17514496      2189312
       68416          256         108.892     35028992      4378624
       68416          512         216.538     70057984      8757248
       75200            1           1.313       150400        18800
       75200            2           1.654       300800        37600
       75200            4           2.581       601600        75200
       75200            8           4.448      1203200       150400
       75200           16           8.148      2406400       300800
       75200           32          15.716      4812800       601600
       75200           64          30.397      9625600      1203200
       75200          128          60.004     19251200      2406400
       75200          256         119.346     38502400      4812800
       75200          512         237.384     77004800      9625600
       82688            1           1.330       165376        20672
       82688            2           1.857       330752        41344
       82688            4           2.776       661504        82688
       82688            8           4.811      1323008       165376
       82688           16           8.913      2646016       330752
       82688           32          17.011      5292032       661504
       82688           64          33.305     10584064      1323008
       82688          128          65.830     21168128      2646016
       82688          256         130.774     42336256      5292032
       82688          512         260.459     84672512     10584064
       90944            1           1.333       181888        22736
       90944            2           1.854       363776        45472
       90944            4           2.962       727552        90944
       90944            8           5.206      1455104       181888
       90944           16           9.677      2910208       363776
       90944           32          18.563      5820416       727552
       90944           64          36.319     11640832      1455104
       90944          128          71.845     23281664      2910208
       90944          256         142.886     46563328      5820416
       90944          512         285.505     93126656     11640832
      100032            1           1.472       200064        25008
      100032            2           1.941       400128        50016
      100032            4           3.168       800256       100032
      100032            8           5.634      1600512       200064
      100032           16          10.531      3201024       400128
      100032           32          20.328      6402048       800256
      100032           64          39.874     12804096      1600512
      100032          128          79.014     25608192      3201024
      100032          256         157.086     51216384      6402048
      100032          512         314.926    102432768     12804096
      110016            1           1.243       220032        27504
      110016            2           2.075       440064        55008
      110016            4           3.421       880128       110016
      110016            8           6.101      1760256       220032
      110016           16          11.480      3520512       440064
      110016           32          22.204      7041024       880128
      110016           64          43.622     14082048      1760256
      110016          128          86.579     28164096      3520512
      110016          256         172.203     56328192      7041024
      110016          512         344.093    112656384     14082048
      120960            1           1.089       241920        30240
      120960            2           2.220       483840        60480
      120960            4           3.705       967680       120960
      120960            8           6.651      1935360       241920
      120960           16          12.531      3870720       483840
      120960           32          24.476      7741440       967680
      120960           64          47.964     15482880      1935360
      120960          128          94.879     30965760      3870720
      120960          256         188.992     61931520      7741440
      120960          512         386.577    123863040     15482880
      133056            1           1.371       266112        33264
      133056            2           2.490       532224        66528
      133056            4           3.970      1064448       133056
      133056            8           7.207      2128896       266112
      133056           16          13.687      4257792       532224
      133056           32          26.592      8515584      1064448
      133056           64          52.419     17031168      2128896
      133056          128         104.149     34062336      4257792
      133056          256         207.283     68124672      8515584
      146304            1           1.468       292608        36576
      146304            2           2.510       585216        73152
      146304            4           4.288      1170432       146304
      146304            8           7.835      2340864       292608
      146304           16          14.946      4681728       585216
      146304           32          29.123      9363456      1170432
      146304           64          57.441     18726912      2340864
      146304          128         114.098     37453824      4681728
      146304          256         227.606     74907648      9363456
      160896            1           1.804       321792        40224
      160896            2           2.692       643584        80448
      160896            4           4.656      1287168       160896
      160896            8           8.532      2574336       321792
      160896           16          16.340      5148672       643584
      160896           32          31.912     10297344      1287168
      160896           64          63.036     20594688      2574336
      160896          128         125.238     41189376      5148672
      160896          256         249.745     82378752     10297344
      176960            1           2.134       353920        44240
      176960            2           3.017       707840        88480
      176960            4           5.048      1415680       176960
      176960            8           9.500      2831360       353920
      176960           16          17.878      5662720       707840
      176960           32          34.963     11325440      1415680
      176960           64          69.119     22650880      2831360
      176960          128         137.472     45301760      5662720
      176960          256         274.209     90603520     11325440
      194624            1           2.472       389248        48656
      194624            2           3.122       778496        97312
      194624            4           5.459      1556992       194624
      194624            8          10.352      3113984       389248
      194624           16          19.629      6227968       778496
      194624           32          38.343     12455936      1556992
      194624           64          75.893     24911872      3113984
      194624          128         151.035     49823744      6227968
      194624          256         301.126     99647488     12455936
      214080            1           2.576       428160        53520
      214080            2           3.391       856320       107040
      214080            4           6.103      1712640       214080
      214080            8          11.140      3425280       428160
      214080           16          21.625      6850560       856320
      214080           32          42.115     13701120      1712640
      214080           64          83.451     27402240      3425280
      214080          128         165.835     54804480      6850560
      214080          256         330.829    109608960     13701120
      235456            1           2.403       470912        58864
      235456            2           3.746       941824       117728
      235456            4           6.572      1883648       235456
      235456            8          12.225      3767296       470912
      235456           16          23.573      7534592       941824
      235456           32          46.233     15069184      1883648
      235456           64          91.601     30138368      3767296
      235456          128         182.279     60276736      7534592
      235456          256         368.327    120553472     15069184
      258944            1           3.191       517888        64736
      258944            2           4.083      1035776       129472
      258944            4           7.415      2071552       258944
      258944            8          13.450      4143104       517888
      258944           16          25.929      8286208      1035776
      258944           32          50.829     16572416      2071552
      258944           64         100.603     33144832      4143104
      258944          128         200.126     66289664      8286208
      284800            1           3.432       569600        71200
      284800            2           4.643      1139200       142400
      284800            4           8.450      2278400       284800
      284800            8          16.037      4556800       569600
      284800           16          30.997      9113600      1139200
      284800           32          61.977     18227200      2278400
      284800           64         124.341     36454400      4556800
      284800          128         248.897     72908800      9113600
      313280            1           3.333       626560        78320
      313280            2           5.128      1253120       156640
      313280            4           9.540      2506240       313280
      313280            8          18.074      5012480       626560
      313280           16          35.091     10024960      1253120
      313280           32          70.040     20049920      2506240
      313280           64         140.553     40099840      5012480
      313280          128         280.486     80199680     10024960
      344576            1           3.687       689152        86144
      344576            2           5.515      1378304       172288
      344576            4          10.257      2756608       344576
      344576            8          19.862      5513216       689152
      344576           16          38.421     11026432      1378304
      344576           32          77.235     22052864      2756608
      344576           64         154.523     44105728      5513216
      344576          128         308.478     88211456     11026432
      379008            1           4.338       758016        94752
      379008            2           5.988      1516032       189504
      379008            4          11.370      3032064       379008
      379008            8          21.658      6064128       758016
      379008           16          42.210     12128256      1516032
      379008           32          84.671     24256512      3032064
      379008           64         169.703     48513024      6064128
      379008          128         339.655     97026048     12128256
      416896            1           4.808       833792       104224
      416896            2           6.559      1667584       208448
      416896            4          12.290      3335168       416896
      416896            8          23.811      6670336       833792
      416896           16          46.587     13340672      1667584
      416896           32          93.164     26681344      3335168
      416896           64         186.652     53362688      6670336
      416896          128         373.438    106725376     13340672
      458560            1           5.272       917120       114640
      458560            2           7.117      1834240       229280
      458560            4          13.155      3668480       458560
      458560            8          26.263      7336960       917120
      458560           16          51.073     14673920      1834240
      458560           32         105.157     29347840      3668480
      458560           64         204.774     58695680      7336960
      458560          128         409.621    117391360     14673920
      504384            1           6.046      1008768       126096
      504384            2           7.796      2017536       252192
      504384            4          14.618      4035072       504384
      504384            8          28.486      8070144      1008768
      504384           16          56.128     16140288      2017536
      504384           32         112.486     32280576      4035072
      504384           64         225.247     64561152      8070144
      554816            1           6.353      1109632       138704
      554816            2           8.587      2219264       277408
      554816            4          16.115      4438528       554816
      554816            8          31.379      8877056      1109632
      554816           16          61.734     17754112      2219264
      554816           32         123.654     35508224      4438528
      554816           64         247.549     71016448      8877056
      610240            1           7.387      1220480       152560
      610240            2           9.189      2440960       305120
      610240            4          17.617      4881920       610240
      610240            8          34.400      9763840      1220480
      610240           16          67.922     19527680      2440960
      610240           32         136.032     39055360      4881920
      610240           64         272.559     78110720      9763840
      671232            1           7.938      1342464       167808
      671232            2          10.057      2684928       335616
      671232            4          19.429      5369856       671232
      671232            8          37.839     10739712      1342464
      671232           16          74.648     21479424      2684928
      671232           32         149.813     42958848      5369856
      671232           64         299.072     85917696     10739712
      738304            1           9.178      1476608       184576
      738304            2          10.970      2953216       369152
      738304            4          21.166      5906432       738304
      738304            8          41.735     11812864      1476608
      738304           16          82.231     23625728      2953216
      738304           32         164.352     47251456      5906432
      738304           64         329.280     94502912     11812864
      812096            1          10.412      1624192       203024
      812096            2          12.028      3248384       406048
      812096            4          23.233      6496768       812096
      812096            8          45.707     12993536      1624192
      812096           16          90.491     25987072      3248384
      812096           32         180.845     51974144      6496768
      812096           64         364.225    103948288     12993536
      893248            1          11.486      1786496       223312
      893248            2          13.091      3572992       446624
      893248            4          25.397      7145984       893248
      893248            8          50.136     14291968      1786496
      893248           16          98.853     28583936      3572992
      893248           32         197.933     57167872      7145984
      893248           64         395.893    114335744     14291968
      982528            1          12.560      1965056       245632
      982528            2          14.358      3930112       491264
      982528            4          27.844      7860224       982528
      982528            8          54.526     15720448      1965056
      982528           16         108.738     31440896      3930112
      982528           32         217.597     62881792      7860224
     1080768            1          14.060      2161536       270192
     1080768            2          15.701      4323072       540384
     1080768            4          30.536      8646144      1080768
     1080768            8          60.053     17292288      2161536
     1080768           16         120.396     34584576      4323072
     1080768           32         241.128     69169152      8646144
     1188800            1          15.714      2377600       297200
     1188800            2          17.289      4755200       594400
     1188800            4          33.651      9510400      1188800
     1188800            8          66.274     19020800      2377600
     1188800           16         132.582     38041600      4755200
     1188800           32         265.520     76083200      9510400
     1307648            1          17.033      2615296       326912
     1307648            2          18.836      5230592       653824
     1307648            4          38.219     10461184      1307648
     1307648            8          76.353     20922368      2615296
     1307648           16         151.881     41844736      5230592
     1307648           32         302.778     83689472     10461184
     1438400            1          18.026      2876800       359600
     1438400            2          20.574      5753600       719200
     1438400            4          41.395     11507200      1438400
     1438400            8          83.017     23014400      2876800
     1438400           16         165.968     46028800      5753600
     1438400           32         332.326     92057600     11507200
     1582208            1          20.004      3164416       395552
     1582208            2          23.242      6328832       791104
     1582208            4          45.573     12657664      1582208
     1582208            8          96.018     25315328      3164416
     1582208           16         182.327     50630656      6328832
     1582208           32         364.026    101261312     12657664
     1740416            1          22.224      3480832       435104
     1740416            2          25.695      6961664       870208
     1740416            4          51.421     13923328      1740416
     1740416            8         102.625     27846656      3480832
     1740416           16         205.343     55693312      6961664
     1740416           32         410.720    111386624     13923328
     1914432            1          25.877      3828864       478608
     1914432            2          29.844      7657728       957216
     1914432            4          59.959     15315456      1914432
     1914432            8         119.410     30630912      3828864
     1914432           16         239.169     61261824      7657728
     1914432           32         478.134    122523648     15315456
     2105856            1          28.344      4211712       526464
     2105856            2          33.386      8423424      1052928
     2105856            4          66.434     16846848      2105856
     2105856            8         133.130     33693696      4211712
     2105856           16         266.165     67387392      8423424
     2316416            1          31.894      4632832       579104
     2316416            2          37.153      9265664      1158208
     2316416            4          74.350     18531328      2316416
     2316416            8         148.920     37062656      4632832
     2316416           16         297.914     74125312      9265664
     2548032            1          34.262      5096064       637008
     2548032            2          43.484     10192128      1274016
     2548032            4          85.115     20384256      2548032
     2548032            8         169.120     40768512      5096064
     2548032           16         343.122     81537024     10192128
     2802816            1          39.021      5605632       700704
     2802816            2          48.322     11211264      1401408
     2802816            4          95.784     22422528      2802816
     2802816            8         191.820     44845056      5605632
     2802816           16         383.387     89690112     11211264
     3083072            1          43.948      6166144       770768
     3083072            2          53.510     12332288      1541536
     3083072            4         107.260     24664576      3083072
     3083072            8         215.141     49329152      6166144
     3083072           16         429.993     98658304     12332288
     3391360            1          47.721      6782720       847840
     3391360            2          60.546     13565440      1695680
     3391360            4         119.547     27130880      3391360
     3391360            8         239.155     54261760      6782720
     3391360           16         478.698    108523520     13565440
     3730496            1          54.599      7460992       932624
     3730496            2          66.710     14921984      1865248
     3730496            4         132.251     29843968      3730496
     3730496            8         264.435     59687936      7460992
     3730496           16         529.067    119375872     14921984
     4103488            1          60.331      8206976      1025872
     4103488            2          73.495     16413952      2051744
     4103488            4         151.813     32827904      4103488
     4103488            8         290.735     65655808      8206976
     4513792            1          65.094      9027584      1128448
     4513792            2          80.647     18055168      2256896
     4513792            4         160.064     36110336      4513792
     4513792            8         320.263     72220672      9027584
     4965120            1          72.953      9930240      1241280
     4965120            2          88.939     19860480      2482560
     4965120            4         176.444     39720960      4965120
     4965120            8         352.047     79441920      9930240
     5461632            1          79.549     10923264      1365408
     5461632            2          97.474     21846528      2730816
     5461632            4         193.433     43693056      5461632
     5461632            8         386.980     87386112     10923264
     6007744            1          87.826     12015488      1501936
     6007744            2         107.193     24030976      3003872
     6007744            4         213.254     48061952      6007744
     6007744            8         425.630     96123904     12015488
     6608512            1          95.965     13217024      1652128
     6608512            2         117.516     26434048      3304256
     6608512            4         233.993     52868096      6608512
     6608512            8         477.845    105736192     13217024
     7269312            1         105.794     14538624      1817328
     7269312            2         129.442     29077248      3634656
     7269312            4         257.225     58154496      7269312
     7269312            8         514.631    116308992     14538624
     7996224            1         115.412     15992448      1999056
     7996224            2         141.403     31984896      3998112
     7996224            4         282.825     63969792      7996224
     8795840            1         128.579     17591680      2198960
     8795840            2         156.365     35183360      4397920
     8795840            4         311.141     70366720      8795840
     9675392            1         142.087     19350784      2418848
     9675392            2         171.733     38701568      4837696
     9675392            4         342.344     77403136      9675392
    10642880            1         157.167     21285760      2660720
    10642880            2         188.470     42571520      5321440
    10642880            4         376.667     85143040     10642880
    11707136            1         177.184     23414272      2926784
    11707136            2         207.387     46828544      5853568
    11707136            4         415.463     93657088     11707136
    12877824            1         189.122     25755648      3219456
    12877824            2         233.199     51511296      6438912
    12877824            4         462.401    103022592     12877824
    14165568            1         208.599     28331136      3541392
    14165568            2         262.455     56662272      7082784
    14165568            4         519.034    113324544     14165568
    15582080            1         235.112     31164160      3895520
    15582080            2         305.388     62328320      7791040
    15582080            4         599.372    124656640     15582080
    17140288            1         264.935     34280576      4285072
    17140288            2         394.727     68561152      8570144
    18854272            1         317.701     37708544      4713568
    18854272            2         533.069     75417088      9427136
    20739648            1         408.582     41479296      5184912
    20739648            2         904.418     82958592     10369824
    22813568            1         615.052     45627136      5703392
    22813568            2        1641.993     91254272     11406784
    25094912            1        1023.685     50189824      6273728
    25094912            2        2522.531    100379648     12547456
    27604352            1        1474.090     55208704      6901088
    27604352            2        3441.337    110417408     13802176
    30364736            1        1917.210     60729472      7591184
    30364736            2        4245.563    121458944     15182368
    33401152            1        2356.592     66802304      8350288
    36741248            1        2780.065     73482496      9185312
    40415360            1        3142.306     80830720     10103840
    44456896            1        3510.465     88913792     11114224
    48902528            1        3894.436     97805056     12225632
    53792768            1        4260.861    107585536     13448192
    59172032            1        4725.625    118344064     14793008

META_DATA
MPI_PROCS      1
OPENMP_THREADS 8
FLOPS          2
ERT_VERSION  1.0.0
TIMESTAMP_DATA  1594866801.53
HOSTNAME  ('apollo-PowerEdge-R430', [], ['127.0.1.1'])
UNAME  ('Linux', 'apollo-PowerEdge-R430', '4.19.129-0419129-generic', '#202006220433 SMP Mon Jun 22 09:12:54 UTC 2020', 'x86_64', 'x86_64')
CONFIG  {'ERT_WORKING_SET_MIN': ['1'], 'ERT_CFLAGS': ['-O3'], 'ERT_CC': ['gcc'], 'ERT_MPI_CFLAGS': [], 'ERT_MPI_LDFLAGS': [], 'ERT_MEMORY_MAX': ['62497788'], 'ERT_PROCS_THREADS': ['8'], 'ERT_LDFLAGS': [], 'ERT_LDLIBS': [], 'ERT_SPEC_GBYTES_DRAM': ['1.0'], 'ERT_RUN': ['export', 'KMP_AFFINITY=scatter;', 'export', 'OMP_NUM_THREADS=ERT_OPENMP_THREADS;', 'ERT_CODE'], 'ERT_FLOPS': ['1,2,4,8,16'], 'ERT_OPENMP_CFLAGS': ['-fopenmp'], 'ERT_SPEC_GFLOPS': ['1.0'], 'ERT_MPI': ['False'], 'ERT_TRIALS_MIN': ['1'], 'ERT_DRIVER': ['driver1'], 'ERT_RESULTS': ['Results.x86'], 'ERT_OPENMP': ['True'], 'ERT_MPI_PROCS': ['1'], 'ERT_KERNEL': ['kernel1'], 'ERT_OPENMP_THREADS': ['1-32'], 'ERT_LD': ['gcc'], 'ERT_NUM_EXPERIMENTS': ['6'], 'ERT_OPENMP_LDFLAGS': ['-fopenmp'], 'ERT_ALIGN': ['32'], 'ERT_GNUPLOT': ['gnuplot']}
