          64            1           1.828          128           16
          64            2           0.795          256           32
          64            4           0.783          512           64
          64            8           0.764         1024          128
          64           16           0.761         2048          256
          64           32           0.849         4096          512
          64           64           1.126         8192         1024
          64          128           1.562        16384         2048
          64          256           2.015        32768         4096
          64          512           3.350        65536         8192
          64         1024           6.053       131072        16384
          64         2048          11.476       262144        32768
          64         4096          23.136       524288        65536
          64         8192          46.532      1048576       131072
          64        16384         108.016      2097152       262144
          64        32768         187.178      4194304       524288
          64        65536         374.724      8388608      1048576
          64       131072         749.478     16777216      2097152
          64       262144        1499.443     33554432      4194304
          64       524288        3001.671     67108864      8388608
         128            1           0.841          256           32
         128            2           0.760          512           64
         128            4           0.772         1024          128
         128            8           0.838         2048          256
         128           16           0.824         4096          512
         128           32           0.857         8192         1024
         128           64           1.022        16384         2048
         128          128           1.366        32768         4096
         128          256           2.040        65536         8192
         128          512           3.364       131072        16384
         128         1024           6.080       262144        32768
         128         2048          11.419       524288        65536
         128         4096          23.102      1048576       131072
         128         8192          46.573      2097152       262144
         128        16384          93.467      4194304       524288
         128        32768         187.121      8388608      1048576
         128        65536         374.544     16777216      2097152
         128       131072         749.668     33554432      4194304
         128       262144        1475.733     67108864      8388608
         192            1           0.799          384           48
         192            2           0.771          768           96
         192            4           0.942         1536          192
         192            8           0.854         3072          384
         192           16           0.868         6144          768
         192           32           0.957        12288         1536
         192           64           1.038        24576         3072
         192          128           1.381        49152         6144
         192          256           2.153        98304        12288
         192          512           3.375       196608        24576
         192         1024           6.247       393216        49152
         192         2048          11.399       786432        98304
         192         4096          22.097      1572864       196608
         192         8192          43.494      3145728       393216
         192        16384          86.289      6291456       786432
         192        32768         171.959     12582912      1572864
         192        65536         343.029     25165824      3145728
         192       131072         685.353     50331648      6291456
         192       262144        1369.992    100663296     12582912
         256            1           0.847          512           64
         256            2           0.761         1024          128
         256            4           0.757         2048          256
         256            8           0.778         4096          512
         256           16           0.811         8192         1024
         256           32           0.871        16384         2048
         256           64           1.030        32768         4096
         256          128           1.364        65536         8192
         256          256           2.038       131072        16384
         256          512           3.376       262144        32768
         256         1024           6.042       524288        65536
         256         2048          11.391      1048576       131072
         256         4096          22.088      2097152       262144
         256         8192          43.489      4194304       524288
         256        16384          86.279      8388608      1048576
         256        32768         180.928     16777216      2097152
         256        65536         343.034     33554432      4194304
         256       131072         685.352     67108864      8388608
         320            1           0.764          640           80
         320            2           0.750         1280          160
         320            4           0.767         2560          320
         320            8           0.764         5120          640
         320           16           0.798        10240         1280
         320           32           0.884        20480         2560
         320           64           1.064        40960         5120
         320          128           1.372        81920        10240
         320          256           2.046       163840        20480
         320          512           3.382       327680        40960
         320         1024           6.054       655360        81920
         320         2048          11.405      1310720       163840
         320         4096          22.093      2621440       327680
         320         8192          43.496      5242880       655360
         320        16384          86.290     10485760      1310720
         320        32768         171.873     20971520      2621440
         320        65536         343.033     41943040      5242880
         320       131072         685.354     83886080     10485760
         384            1           0.748          768           96
         384            2           0.762         1536          192
         384            4           0.770         3072          384
         384            8           0.782         6144          768
         384           16           0.828        12288         1536
         384           32           0.888        24576         3072
         384           64           1.061        49152         6144
         384          128           1.374        98304        12288
         384          256           2.047       196608        24576
         384          512           3.382       393216        49152
         384         1024           6.063       786432        98304
         384         2048          11.405      1572864       196608
         384         4096          22.102      3145728       393216
         384         8192          43.499      6291456       786432
         384        16384          86.299     12582912      1572864
         384        32768         171.865     25165824      3145728
         384        65536         343.032     50331648      6291456
         384       131072         685.371    100663296     12582912
         448            1           0.834          896          112
         448            2           0.774         1792          224
         448            4           0.791         3584          448
         448            8           0.784         7168          896
         448           16           0.837        14336         1792
         448           32           0.935        28672         3584
         448           64           1.107        57344         7168
         448          128           1.389       114688        14336
         448          256           2.098       229376        28672
         448          512           3.477       458752        57344
         448         1024           6.071       917504       114688
         448         2048          11.459      1835008       229376
         448         4096          31.473      3670016       458752
         448         8192          43.577      7340032       917504
         448        16384          86.339     14680064      1835008
         448        32768         171.948     29360128      3670016
         448        65536         343.317     58720256      7340032
         448       131072         685.401    117440512     14680064
         512            1           0.920         1024          128
         512            2           0.831         2048          256
         512            4           0.761         4096          512
         512            8           0.829         8192         1024
         512           16           0.929        16384         2048
         512           32           0.936        32768         4096
         512           64           1.131        65536         8192
         512          128           1.516       131072        16384
         512          256           2.155       262144        32768
         512          512           3.482       524288        65536
         512         1024           6.090      1048576       131072
         512         2048          11.442      2097152       262144
         512         4096          22.198      4194304       524288
         512         8192          43.676      8388608      1048576
         512        16384          86.352     16777216      2097152
         512        32768         171.257     33554432      4194304
         512        65536         342.278     67108864      8388608
         576            1           0.729         1152          144
         576            2           0.867         2304          288
         576            4           0.764         4608          576
         576            8           0.797         9216         1152
         576           16           1.033        18432         2304
         576           32           0.949        36864         4608
         576           64           1.320        73728         9216
         576          128           1.571       147456        18432
         576          256           2.272       294912        36864
         576          512           3.854       589824        73728
         576         1024           6.576      1179648       147456
         576         2048          12.368      2359296       294912
         576         4096          24.069      4718592       589824
         576         8192          47.186      9437184      1179648
         576        16384          93.570     18874368      2359296
         576        32768         186.262     37748736      4718592
         576        65536         371.674     75497472      9437184
         640            1           0.734         1280          160
         640            2           0.749         2560          320
         640            4           0.761         5120          640
         640            8           0.792        10240         1280
         640           16           0.938        20480         2560
         640           32           0.936        40960         5120
         640           64           1.239        81920        10240
         640          128           1.493       163840        20480
         640          256           2.304       327680        40960
         640          512           3.996       655360        81920
         640         1024           6.994      1310720       163840
         640         2048          13.387      2621440       327680
         640         4096          25.966      5242880       655360
         640         8192          50.801     10485760      1310720
         640        16384         100.718     20971520      2621440
         640        32768         200.594     41943040      5242880
         640        65536         400.239     83886080     10485760
         704            1           0.756         1408          176
         704            2           0.741         2816          352
         704            4           0.763         5632          704
         704            8           0.803        11264         1408
         704           16           0.864        22528         2816
         704           32           0.968        45056         5632
         704           64           1.185        90112        11264
         704          128           1.642       180224        22528
         704          256           2.527       360448        45056
         704          512           4.324       720896        90112
         704         1024           7.892      1441792       180224
         704         2048          15.171      2883584       360448
         704         4096          29.381      5767168       720896
         704         8192          57.913     11534336      1441792
         704        16384         114.974     23068672      2883584
         704        32768         234.360     46137344      5767168
         704        65536         457.409     92274688     11534336
         768            1           0.901         1536          192
         768            2           0.827         3072          384
         768            4           0.814         6144          768
         768            8           0.986        12288         1536
         768           16           0.859        24576         3072
         768           32           0.988        49152         6144
         768           64           1.297        98304        12288
         768          128           1.680       196608        24576
         768          256           2.600       393216        49152
         768          512           4.361       786432        98304
         768         1024           7.921      1572864       196608
         768         2048          15.223      3145728       393216
         768         4096          29.583      6291456       786432
         768         8192          57.923     12582912      1572864
         768        16384         114.966     25165824      3145728
         768        32768         229.070     50331648      6291456
         768        65536         457.409    100663296     12582912
         832            1           0.753         1664          208
         832            2           0.965         3328          416
         832            4           0.770         6656          832
         832            8           0.868        13312         1664
         832           16           0.888        26624         3328
         832           32           1.004        53248         6656
         832           64           1.235       106496        13312
         832          128           1.755       212992        26624
         832          256           2.751       425984        53248
         832          512           4.772       851968       106496
         832         1024           8.937      1703936       212992
         832         2048          16.941      3407872       425984
         832         4096          32.962      6815744       851968
         832         8192          65.041     13631488      1703936
         832        16384         129.264     27262976      3407872
         832        32768         257.634     54525952      6815744
         832        65536         514.447    109051904     13631488
         896            1           0.726         1792          224
         896            2           0.959         3584          448
         896            4           0.773         7168          896
         896            8           0.954        14336         1792
         896           16           0.868        28672         3584
         896           32           1.003        57344         7168
         896           64           1.439       114688        14336
         896          128           1.745       229376        28672
         896          256           2.759       458752        57344
         896          512           4.797       917504       114688
         896         1024           8.793      1835008       229376
         896         2048          17.057      3670016       458752
         896         4096          32.929      7340032       917504
         896         8192          65.087     14680064      1835008
         896        16384         129.272     29360128      3670016
         896        32768         257.617     58720256      7340032
         896        65536         514.357    117440512     14680064
         960            1           0.890         1920          240
         960            2           0.747         3840          480
         960            4           0.765         7680          960
         960            8           0.799        15360         1920
         960           16           0.879        30720         3840
         960           32           1.033        61440         7680
         960           64           1.317       122880        15360
         960          128           1.870       245760        30720
         960          256           2.973       491520        61440
         960          512           5.215       983040       122880
         960         1024           9.676      1966080       245760
         960         2048          18.720      3932160       491520
         960         4096          36.522      7864320       983040
         960         8192          72.188     15728640      1966080
         960        16384         147.892     31457280      3932160
         960        32768         286.123     62914560      7864320
        1024            1           0.742         2048          256
        1024            2           0.751         4096          512
        1024            4           0.768         8192         1024
        1024            8           0.815        16384         2048
        1024           16           0.875        32768         4096
        1024           32           1.021        65536         8192
        1024           64           1.313       131072        16384
        1024          128           1.870       262144        32768
        1024          256           2.996       524288        65536
        1024          512           5.218      1048576       131072
        1024         1024           9.670      2097152       262144
        1024         2048          18.705      4194304       524288
        1024         4096          36.539      8388608      1048576
        1024         8192          72.197     16777216      2097152
        1024        16384         143.508     33554432      4194304
        1024        32768         286.137     67108864      8388608
        1088            1           0.946         2176          272
        1088            2           0.751         4352          544
        1088            4           0.796         8704         1088
        1088            8           0.813        17408         2176
        1088           16           0.893        34816         4352
        1088           32           1.049        69632         8704
        1088           64           1.339       139264        17408
        1088          128           1.965       278528        34816
        1088          256           3.212       557056        69632
        1088          512           5.651      1114112       139264
        1088         1024          10.668      2228224       278528
        1088         2048          20.483      4456448       557056
        1088         4096          40.093      8912896      1114112
        1088         8192          79.307     17825792      2228224
        1088        16384         157.769     35651584      4456448
        1088        32768         314.669     71303168      8912896
        1152            1           0.941         2304          288
        1152            2           0.753         4608          576
        1152            4           0.771         9216         1152
        1152            8           0.820        18432         2304
        1152           16           0.907        36864         4608
        1152           32           1.070        73728         9216
        1152           64           1.361       147456        18432
        1152          128           1.978       294912        36864
        1152          256           3.200       589824        73728
        1152          512           5.670      1179648       147456
        1152         1024          10.575      2359296       294912
        1152         2048          20.494      4718592       589824
        1152         4096          40.104      9437184      1179648
        1152         8192          79.352     18874368      2359296
        1152        16384         157.785     37748736      4718592
        1152        32768         314.668     75497472      9437184
        1216            1           0.751         2432          304
        1216            2           0.765         4864          608
        1216            4           0.810         9728         1216
        1216            8           0.827        19456         2432
        1216           16           0.901        38912         4864
        1216           32           1.083        77824         9728
        1216           64           1.406       155648        19456
        1216          128           2.081       311296        38912
        1216          256           3.412       622592        77824
        1216          512           6.101      1245184       155648
        1216         1024          11.574      2490368       311296
        1216         2048          22.290      4980736       622592
        1216         4096          43.685      9961472      1245184
        1216         8192          86.490     19922944      2490368
        1216        16384         172.032     39845888      4980736
        1216        32768         343.182     79691776      9961472
        1280            1           0.731         2560          320
        1280            2           0.752         5120          640
        1280            4           0.775        10240         1280
        1280            8           0.821        20480         2560
        1280           16           0.907        40960         5120
        1280           32           1.112        81920        10240
        1280           64           1.409       163840        20480
        1280          128           2.080       327680        40960
        1280          256           3.431       655360        81920
        1280          512           6.095      1310720       163840
        1280         1024          11.446      2621440       327680
        1280         2048          22.262      5242880       655360
        1280         4096          43.660     10485760      1310720
        1280         8192          86.480     20971520      2621440
        1280        16384         172.066     41943040      5242880
        1280        32768         343.194     83886080     10485760
        1408            1           0.738         2816          352
        1408            2           0.911         5632          704
        1408            4           0.888        11264         1408
        1408            8           0.833        22528         2816
        1408           16           0.916        45056         5632
        1408           32           1.088        90112        11264
        1408           64           1.516       180224        22528
        1408          128           2.166       360448        45056
        1408          256           3.632       720896        90112
        1408          512           6.536      1441792       180224
        1408         1024          12.631      2883584       360448
        1408         2048          24.048      5767168       720896
        1408         4096          47.224     11534336      1441792
        1408         8192          93.600     23068672      2883584
        1408        16384         188.903     46137344      5767168
        1408        32768         371.841     92274688     11534336
        1536            1           0.756         3072          384
        1536            2           0.788         6144          768
        1536            4           0.924        12288         1536
        1536            8           0.973        24576         3072
        1536           16           0.938        49152         6144
        1536           32           1.276        98304        12288
        1536           64           1.607       196608        24576
        1536          128           2.430       393216        49152
        1536          256           4.038       786432        98304
        1536          512           7.107      1572864       196608
        1536         1024          13.434      3145728       393216
        1536         2048          25.879      6291456       786432
        1536         4096          50.805     12582912      1572864
        1536         8192         100.697     25165824      3145728
        1536        16384         200.551     50331648      6291456
        1536        32768         400.240    100663296     12582912
        1664            1           0.876         3328          416
        1664            2           0.772         6656          832
        1664            4           0.802        13312         1664
        1664            8           0.838        26624         3328
        1664           16           0.944        53248         6656
        1664           32           1.158       106496        13312
        1664           64           1.568       212992        26624
        1664          128           2.388       425984        53248
        1664          256           4.100       851968       106496
        1664          512           7.435      1703936       212992
        1664         1024          14.217      3407872       425984
        1664         2048          27.622      6815744       851968
        1664         4096          54.342     13631488      1703936
        1664         8192         107.832     27262976      3407872
        1664        16384         214.824     54525952      6815744
        1664        32768         428.783    109051904     13631488
        1792            1           0.745         3584          448
        1792            2           0.791         7168          896
        1792            4           0.828        14336         1792
        1792            8           0.863        28672         3584
        1792           16           0.960        57344         7168
        1792           32           1.183       114688        14336
        1792           64           1.618       229376        28672
        1792          128           2.521       458752        57344
        1792          256           4.304       917504       114688
        1792          512           7.871      1835008       229376
        1792         1024          15.105      3670016       458752
        1792         2048          29.380      7340032       917504
        1792         4096          57.906     14680064      1835008
        1792         8192         114.954     29360128      3670016
        1792        16384         229.072     58720256      7340032
        1792        32768         457.271    117440512     14680064
        1920            1           0.810         3840          480
        1920            2           0.775         7680          960
        1920            4           0.809        15360         1920
        1920            8           0.854        30720         3840
        1920           16           0.988        61440         7680
        1920           32           1.217       122880        15360
        1920           64           1.684       245760        30720
        1920          128           2.614       491520        61440
        1920          256           4.538       983040       122880
        1920          512           8.328      1966080       245760
        1920         1024          16.054      3932160       491520
        1920         2048          31.189      7864320       983040
        1920         4096          61.481     15728640      1966080
        1920         8192         122.133     31457280      3932160
        1920        16384         243.320     62914560      7864320
        2112            1           0.926         4224          528
        2112            2           0.940         8448         1056
        2112            4           0.943        16896         2112
        2112            8           1.083        33792         4224
        2112           16           1.002        67584         8448
        2112           32           1.360       135168        16896
        2112           64           1.802       270336        33792
        2112          128           2.853       540672        67584
        2112          256           4.976      1081344       135168
        2112          512           9.310      2162688       270336
        2112         1024          17.794      4325376       540672
        2112         2048          34.756      8650752      1081344
        2112         4096          68.682     17301504      2162688
        2112         8192         141.184     34603008      4325376
        2112        16384         271.872     69206016      8650752
        2304            1           0.764         4608          576
        2304            2           0.797         9216         1152
        2304            4           0.802        18432         2304
        2304            8           0.884        36864         4608
        2304           16           1.023        73728         9216
        2304           32           1.293       147456        18432
        2304           64           1.856       294912        36864
        2304          128           2.961       589824        73728
        2304          256           5.209      1179648       147456
        2304          512           9.669      2359296       294912
        2304         1024          18.697      4718592       589824
        2304         2048          36.540      9437184      1179648
        2304         4096          72.188     18874368      2359296
        2304         8192         143.508     37748736      4718592
        2304        16384         286.164     75497472      9437184
        2496            1           0.922         4992          624
        2496            2           0.799         9984         1248
        2496            4           0.836        19968         2496
        2496            8           0.907        39936         4992
        2496           16           1.046        79872         9984
        2496           32           1.340       159744        19968
        2496           64           2.065       319488        39936
        2496          128           3.188       638976        79872
        2496          256           5.650      1277952       159744
        2496          512          10.758      2555904       319488
        2496         1024          20.511      5111808       638976
        2496         2048          40.104     10223616      1277952
        2496         4096          79.326     20447232      2555904
        2496         8192         157.783     40894464      5111808
        2496        16384         314.659     81788928     10223616
        2688            1           0.773         5376          672
        2688            2           0.961        10752         1344
        2688            4           0.947        21504         2688
        2688            8           1.034        43008         5376
        2688           16           1.075        86016        10752
        2688           32           1.477       172032        21504
        2688           64           2.192       344064        43008
        2688          128           3.307       688128        86016
        2688          256           6.018      1376256       172032
        2688          512          11.001      2752512       344064
        2688         1024          21.368      5505024       688128
        2688         2048          41.861     11010048      1376256
        2688         4096          82.875     22020096      2752512
        2688         8192         164.899     44040192      5505024
        2688        16384         328.905     88080384     11010048
        2944            1           0.768         5888          736
        2944            2           0.808        11776         1472
        2944            4           0.848        23552         2944
        2944            8           0.901        47104         5888
        2944           16           1.089        94208        11776
        2944           32           1.427       188416        23552
        2944           64           2.128       376832        47104
        2944          128           3.524       753664        94208
        2944          256           6.319      1507328       188416
        2944          512          12.000      3014656       376832
        2944         1024          23.143      6029312       753664
        2944         2048          45.431     12058624      1507328
        2944         4096          90.002     24117248      3014656
        2944         8192         179.155     48234496      6029312
        2944        16384         357.447     96468992     12058624
        3200            1           0.777         6400          800
        3200            2           0.799        12800         1600
        3200            4           0.850        25600         3200
        3200            8           0.926        51200         6400
        3200           16           1.117       102400        12800
        3200           32           1.489       204800        25600
        3200           64           2.241       409600        51200
        3200          128           3.753       819200       102400
        3200          256           6.767      1638400       204800
        3200          512          12.891      3276800       409600
        3200         1024          24.928      6553600       819200
        3200         2048          48.991     13107200      1638400
        3200         4096          97.134     26214400      3276800
        3200         8192         193.417     52428800      6553600
        3200        16384         385.969    104857600     13107200
        3520            1           0.785         7040          880
        3520            2           0.811        14080         1760
        3520            4           0.881        28160         3520
        3520            8           0.949        56320         7040
        3520           16           1.157       112640        14080
        3520           32           1.570       225280        28160
        3520           64           2.401       450560        56320
        3520          128           4.088       901120       112640
        3520          256           7.433      1802240       225280
        3520          512          14.240      3604480       450560
        3520         1024          27.624      7208960       901120
        3520         2048          57.447     14417920      1802240
        3520         4096         107.889     28835840      3604480
        3520         8192         214.835     57671680      7208960
        3520        16384         428.774    115343360     14417920
        3840            1           0.850         7680          960
        3840            2           0.833        15360         1920
        3840            4           1.075        30720         3840
        3840            8           1.083        61440         7680
        3840           16           1.181       122880        15360
        3840           32           1.718       245760        30720
        3840           64           2.586       491520        61440
        3840          128           4.386       983040       122880
        3840          256           7.877      1966080       245760
        3840          512          15.117      3932160       491520
        3840         1024          29.559      7864320       983040
        3840         2048          57.911     15728640      1966080
        3840         4096         114.966     31457280      3932160
        3840         8192         229.075     62914560      7864320
        4224            1           1.114         8448         1056
        4224            2           0.814        16896         2112
        4224            4           0.894        33792         4224
        4224            8           1.067        67584         8448
        4224           16           1.370       135168        16896
        4224           32           1.961       270336        33792
        4224           64           3.125       540672        67584
        4224          128           5.613      1081344       135168
        4224          256          10.452      2162688       270336
        4224          512          20.260      4325376       540672
        4224         1024          39.627      8650752      1081344
        4224         2048          78.402     17301504      2162688
        4224         4096         155.905     34603008      4325376
        4224         8192         310.932     69206016      8650752
        4608            1           0.808         9216         1152
        4608            2           0.808        18432         2304
        4608            4           0.957        36864         4608
        4608            8           1.102        73728         9216
        4608           16           1.382       147456        18432
        4608           32           1.836       294912        36864
        4608           64           2.852       589824        73728
        4608          128           5.119      1179648       147456
        4608          256           9.212      2359296       294912
        4608          512          17.788      4718592       589824
        4608         1024          34.737      9437184      1179648
        4608         2048          68.610     18874368      2359296
        4608         4096         136.357     37748736      4718592
        4608         8192         271.874     75497472      9437184
        5056            1           0.790        10112         1264
        5056            2           0.838        20224         2528
        5056            4           0.923        40448         5056
        5056            8           1.079        80896        10112
        5056           16           1.439       161792        20224
        5056           32           1.911       323584        40448
        5056           64           3.092       647168        80896
        5056          128           5.422      1294336       161792
        5056          256          10.111      2588672       323584
        5056          512          19.588      5177344       647168
        5056         1024          38.296     10354688      1294336
        5056         2048          75.742     20709376      2588672
        5056         4096         150.638     41418752      5177344
        5056         8192         300.395     82837504     10354688
        5504            1           0.786        11008         1376
        5504            2           0.839        22016         2752
        5504            4           0.917        44032         5504
        5504            8           1.111        88064        11008
        5504           16           1.503       176128        22016
        5504           32           2.000       352256        44032
        5504           64           3.674       704512        88064
        5504          128           5.920      1409024       176128
        5504          256          13.753      2818048       352256
        5504          512          23.749      5636096       704512
        5504         1024          47.682     11272192      1409024
        5504         2048          95.077     22544384      2818048
        5504         4096         190.021     45088768      5636096
        5504         8192         380.046     90177536     11272192
        6016            1           0.886        12032         1504
        6016            2           0.821        24064         3008
        6016            4           0.924        48128         6016
        6016            8           1.147        96256        12032
        6016           16           1.581       192512        24064
        6016           32           2.368       385024        48128
        6016           64           3.952       770048        96256
        6016          128           7.135      1540096       192512
        6016          256          13.478      3080192       385024
        6016          512          26.224      6160384       770048
        6016         1024          57.735     12320768      1540096
        6016         2048         102.484     24641536      3080192
        6016         4096         204.158     49283072      6160384
        6016         8192         406.983     98566144     12320768
        6592            1           0.791        13184         1648
        6592            2           0.990        26368         3296
        6592            4           0.984        52736         6592
        6592            8           1.184       105472        13184
        6592           16           1.605       210944        26368
        6592           32           2.665       421888        52736
        6592           64           4.302       843776       105472
        6592          128           7.534      1687552       210944
        6592          256          14.265      3375104       421888
        6592          512          27.961      6750208       843776
        6592         1024          54.838     13500416      1687552
        6592         2048         108.766     27000832      3375104
        6592         4096         216.330     54001664      6750208
        6592         8192         432.726    108003328     13500416
        7232            1           0.861        14464         1808
        7232            2           0.844        28928         3616
        7232            4           0.956        57856         7232
        7232            8           1.201       115712        14464
        7232           16           1.676       231424        28928
        7232           32           2.601       462848        57856
        7232           64           4.402       925696       115712
        7232          128           7.974      1851392       231424
        7232          256          15.380      3702784       462848
        7232          512          29.883      7405568       925696
        7232         1024          59.076     14811136      1851392
        7232         2048         117.249     29622272      3702784
        7232         4096         232.799     59244544      7405568
        7232         8192         465.910    118489088     14811136
        7936            1           0.961        15872         1984
        7936            2           0.861        31744         3968
        7936            4           0.989        63488         7936
        7936            8           1.279       126976        15872
        7936           16           1.742       253952        31744
        7936           32           2.731       507904        63488
        7936           64           4.694      1015808       126976
        7936          128           8.811      2031616       253952
        7936          256          16.533      4063232       507904
        7936          512          32.174      8126464      1015808
        7936         1024          63.438     16252928      2031616
        7936         2048         126.041     32505856      4063232
        7936         4096         251.022     65011712      8126464
        8704            1           0.791        17408         2176
        8704            2           0.854        34816         4352
        8704            4           1.008        69632         8704
        8704            8           1.310       139264        17408
        8704           16           1.825       278528        34816
        8704           32           2.885       557056        69632
        8704           64           5.123      1114112       139264
        8704          128           9.295      2228224       278528
        8704          256          17.683      4456448       557056
        8704          512          34.676      8912896      1114112
        8704         1024          68.441     17825792      2228224
        8704         2048         135.963     35651584      4456448
        8704         4096         271.025     71303168      8912896
        9536            1           0.805        19072         2384
        9536            2           0.889        38144         4768
        9536            4           1.072        76288         9536
        9536            8           1.505       152576        19072
        9536           16           1.899       305152        38144
        9536           32           3.046       610304        76288
        9536           64           5.436      1220608       152576
        9536          128           9.906      2441216       305152
        9536          256          19.052      4882432       610304
        9536          512          37.098      9764864      1220608
        9536         1024          72.905     19529728      2441216
        9536         2048         149.779     39059456      4882432
        9536         4096         290.568     78118912      9764864
       10432            1           0.806        20864         2608
       10432            2           0.995        41728         5216
       10432            4           1.037        83456        10432
       10432            8           1.409       166912        20864
       10432           16           2.157       333824        41728
       10432           32           3.285       667648        83456
       10432           64           5.638      1335296       166912
       10432          128          10.554      2670592       333824
       10432          256          20.404      5341184       667648
       10432          512          39.683     10682368      1335296
       10432         1024          78.480     21364736      2670592
       10432         2048         156.019     42729472      5341184
       10432         4096         311.132     85458944     10682368
       11456            1           0.868        22912         2864
       11456            2           1.092        45824         5728
       11456            4           1.060        91648        11456
       11456            8           1.464       183296        22912
       11456           16           2.072       366592        45824
       11456           32           3.521       733184        91648
       11456           64           6.004      1466368       183296
       11456          128          11.353      2932736       366592
       11456          256          21.894      5865472       733184
       11456          512          42.796     11730944      1466368
       11456         1024          84.695     23461888      2932736
       11456         2048         168.512     46923776      5865472
       11456         4096         336.090     93847552     11730944
       12544            1           0.827        25088         3136
       12544            2           0.924        50176         6272
       12544            4           1.107       100352        12544
       12544            8           1.487       200704        25088
       12544           16           2.217       401408        50176
       12544           32           3.617       802816       100352
       12544           64           6.462      1605632       200704
       12544          128          12.131      3211264       401408
       12544          256          23.493      6422528       802816
       12544          512          46.258     12845056      1605632
       12544         1024          91.677     25690112      3211264
       12544         2048         182.449     51380224      6422528
       12544         4096         363.990    102760448     12845056
       13760            1           0.832        27520         3440
       13760            2           0.921        55040         6880
       13760            4           1.157       110080        13760
       13760            8           1.536       220160        27520
       13760           16           2.453       440320        55040
       13760           32           3.891       880640       110080
       13760           64           6.892      1761280       220160
       13760          128          12.996      3522560       440320
       13760          256          25.132      7045120       880640
       13760          512          49.898     14090240      1761280
       13760         1024          98.640     28180480      3522560
       13760         2048         196.141     56360960      7045120
       13760         4096         392.184    112721920     14090240
       15104            1           0.832        30208         3776
       15104            2           0.921        60416         7552
       15104            4           1.175       120832        15104
       15104            8           1.600       241664        30208
       15104           16           2.447       483328        60416
       15104           32           4.119       966656       120832
       15104           64           7.443      1933312       241664
       15104          128          14.099      3866624       483328
       15104          256          27.533      7733248       966656
       15104          512          54.170     15466496      1933312
       15104         1024         107.422     30932992      3866624
       15104         2048         213.910     61865984      7733248
       15104         4096         431.184    123731968     15466496
       16576            1           1.072        33152         4144
       16576            2           0.974        66304         8288
       16576            4           1.220       132608        16576
       16576            8           1.646       265216        33152
       16576           16           2.569       530432        66304
       16576           32           4.364      1060864       132608
       16576           64           7.969      2121728       265216
       16576          128          15.118      4243456       530432
       16576          256          29.551      8486912      1060864
       16576          512          58.628     16973824      2121728
       16576         1024         115.494     33947648      4243456
       16576         2048         231.800     67895296      8486912
       18176            1           0.845        36352         4544
       18176            2           1.004        72704         9088
       18176            4           1.212       145408        18176
       18176            8           1.717       290816        36352
       18176           16           2.887       581632        72704
       18176           32           4.701      1163264       145408
       18176           64           8.629      2326528       290816
       18176          128          16.462      4653056       581632
       18176          256          32.152      9306112      1163264
       18176          512          63.697     18612224      2326528
       18176         1024         126.457     37224448      4653056
       18176         2048         251.789     74448896      9306112
       19968            1           0.859        39936         4992
       19968            2           1.092        79872         9984
       19968            4           1.292       159744        19968
       19968            8           1.817       319488        39936
       19968           16           2.889       638976        79872
       19968           32           5.190      1277952       159744
       19968           64           9.368      2555904       319488
       19968          128          17.760      5111808       638976
       19968          256          34.863     10223616      1277952
       19968          512          68.829     20447232      2555904
       19968         1024         136.756     40894464      5111808
       19968         2048         272.555     81788928     10223616
       21952            1           0.868        43904         5488
       21952            2           1.112        87808        10976
       21952            4           1.319       175616        21952
       21952            8           1.923       351232        43904
       21952           16           3.168       702464        87808
       21952           32           5.579      1404928       175616
       21952           64          10.015      2809856       351232
       21952          128          19.264      5619712       702464
       21952          256          37.879     11239424      1404928
       21952          512          74.692     22478848      2809856
       21952         1024         148.494     44957696      5619712
       21952         2048         296.214     89915392     11239424
       24128            1           0.896        48256         6032
       24128            2           1.052        96512        12064
       24128            4           1.416       193024        24128
       24128            8           2.001       386048        48256
       24128           16           3.285       772096        96512
       24128           32           5.810      1544192       193024
       24128           64          10.794      3088384       386048
       24128          128          20.924      6176768       772096
       24128          256          41.015     12353536      1544192
       24128          512          81.251     24707072      3088384
       24128         1024         161.607     49414144      6176768
       24128         2048         323.166     98828288     12353536
       26496            1           0.998        52992         6624
       26496            2           1.077       105984        13248
       26496            4           1.443       211968        26496
       26496            8           2.124       423936        52992
       26496           16           3.515       847872       105984
       26496           32           6.280      1695744       211968
       26496           64          11.769      3391488       423936
       26496          128          22.789      6782976       847872
       26496          256          44.853     13565952      1695744
       26496          512          88.802     27131904      3391488
       26496         1024         176.719     54263808      6782976
       26496         2048         352.522    108527616     13565952
       29120            1           0.927        58240         7280
       29120            2           1.120       116480        14560
       29120            4           1.496       232960        29120
       29120            8           2.248       465920        58240
       29120           16           3.780       931840       116480
       29120           32           6.890      1863680       232960
       29120           64          12.749      3727360       465920
       29120          128          24.795      7454720       931840
       29120          256          48.818     14909440      1863680
       29120          512         109.823     29818880      3727360
       29120         1024         192.964     59637760      7454720
       29120         2048         385.190    119275520     14909440
       32000            1           0.931        64000         8000
       32000            2           1.127       128000        16000
       32000            4           1.549       256000        32000
       32000            8           2.387       512000        64000
       32000           16           4.071      1024000       128000
       32000           32           7.345      2048000       256000
       32000           64          13.906      4096000       512000
       32000          128          26.999      8192000      1024000
       32000          256          53.163     16384000      2048000
       32000          512         105.599     32768000      4096000
       32000         1024         210.277     65536000      8192000
       35200            1           1.246        70400         8800
       35200            2           1.180       140800        17600
       35200            4           1.663       281600        35200
       35200            8           2.554       563200        70400
       35200           16           4.357      1126400       140800
       35200           32           7.881      2252800       281600
       35200           64          15.103      4505600       563200
       35200          128          29.509      9011200      1126400
       35200          256          58.039     18022400      2252800
       35200          512         115.374     36044800      4505600
       35200         1024         229.834     72089600      9011200
       38720            1           1.049        77440         9680
       38720            2           1.336       154880        19360
       38720            4           1.835       309760        38720
       38720            8           2.833       619520        77440
       38720           16           4.691      1239040       154880
       38720           32           8.611      2478080       309760
       38720           64          16.504      4956160       619520
       38720          128          32.061      9912320      1239040
       38720          256          63.452     19824640      2478080
       38720          512         126.050     39649280      4956160
       38720         1024         251.377     79298560      9912320
       42560            1           1.030        85120        10640
       42560            2           1.272       170240        21280
       42560            4           1.800       340480        42560
       42560            8           2.879       680960        85120
       42560           16           5.036      1361920       170240
       42560           32           9.327      2723840       340480
       42560           64          17.897      5447680       680960
       42560          128          35.007     10895360      1361920
       42560          256          69.226     21790720      2723840
       42560          512         137.848     43581440      5447680
       42560         1024         274.150     87162880     10895360
       46784            1           1.026        93568        11696
       46784            2           1.306       187136        23392
       46784            4           1.895       374272        46784
       46784            8           3.092       748544        93568
       46784           16           5.468      1497088       187136
       46784           32          10.145      2994176       374272
       46784           64          19.498      5988352       748544
       46784          128          38.338     11976704      1497088
       46784          256          75.586     23953408      2994176
       46784          512         151.096     47906816      5988352
       46784         1024         300.385     95813632     11976704
       51456            1           1.060       102912        12864
       51456            2           1.379       205824        25728
       51456            4           2.016       411648        51456
       51456            8           3.336       823296       102912
       51456           16           5.916      1646592       205824
       51456           32          11.039      3293184       411648
       51456           64          21.306      6586368       823296
       51456          128          41.870     13172736      1646592
       51456          256          82.930     26345472      3293184
       51456          512         165.153     52690944      6586368
       51456         1024         329.386    105381888     13172736
       56576            1           1.076       113152        14144
       56576            2           1.423       226304        28288
       56576            4           2.132       452608        56576
       56576            8           3.559       905216       113152
       56576           16           6.396      1810432       226304
       56576           32          12.031      3620864       452608
       56576           64          28.149      7241728       905216
       56576          128          45.705     14483456      1810432
       56576          256          90.732     28966912      3620864
       56576          512         180.771     57933824      7241728
       56576         1024         360.596    115867648     14483456
       62208            1           1.195       124416        15552
       62208            2           1.596       248832        31104
       62208            4           2.273       497664        62208
       62208            8           3.822       995328       124416
       62208           16           6.962      1990656       248832
       62208           32          13.131      3981312       497664
       62208           64          25.446      7962624       995328
       62208          128          50.115     15925248      1990656
       62208          256          99.508     31850496      3981312
       62208          512         198.101     63700992      7962624
       68416            1           1.249       136832        17104
       68416            2           1.570       273664        34208
       68416            4           2.443       547328        68416
       68416            8           4.129      1094656       136832
       68416           16           7.521      2189312       273664
       68416           32          14.268      4378624       547328
       68416           64          27.750      8757248      1094656
       68416          128          54.710     17514496      2189312
       68416          256         108.724     35028992      4378624
       68416          512         216.644     70057984      8757248
       75200            1           1.505       150400        18800
       75200            2           1.659       300800        37600
       75200            4           2.590       601600        75200
       75200            8           4.450      1203200       150400
       75200           16           8.164      2406400       300800
       75200           32          15.573      4812800       601600
       75200           64          30.358      9625600      1203200
       75200          128          59.997     19251200      2406400
       75200          256         119.232     38502400      4812800
       75200          512         237.798     77004800      9625600
       82688            1           1.284       165376        20672
       82688            2           1.777       330752        41344
       82688            4           2.943       661504        82688
       82688            8           4.833      1323008       165376
       82688           16           8.886      2646016       330752
       82688           32          17.010      5292032       661504
       82688           64          33.244     10584064      1323008
       82688          128          65.675     21168128      2646016
       82688          256         130.721     42336256      5292032
       82688          512         260.438     84672512     10584064
       90944            1           1.313       181888        22736
       90944            2           1.849       363776        45472
       90944            4           2.982       727552        90944
       90944            8           5.209      1455104       181888
       90944           16           9.692      2910208       363776
       90944           32          18.572      5820416       727552
       90944           64          36.401     11640832      1455104
       90944          128          72.072     23281664      2910208
       90944          256         143.077     46563328      5820416
       90944          512         285.628     93126656     11640832
      100032            1           1.536       200064        25008
      100032            2           1.954       400128        50016
      100032            4           3.173       800256       100032
      100032            8           5.722      1600512       200064
      100032           16          10.519      3201024       400128
      100032           32          20.536      6402048       800256
      100032           64          39.797     12804096      1600512
      100032          128          78.955     25608192      3201024
      100032          256         157.268     51216384      6402048
      100032          512         313.542    102432768     12804096
      110016            1           1.634       220032        27504
      110016            2           2.137       440064        55008
      110016            4           3.409       880128       110016
      110016            8           6.096      1760256       220032
      110016           16          11.483      3520512       440064
      110016           32          22.213      7041024       880128
      110016           64          43.659     14082048      1760256
      110016          128          89.872     28164096      3520512
      110016          256         172.274     56328192      7041024
      110016          512         344.091    112656384     14082048
      120960            1           1.268       241920        30240
      120960            2           2.214       483840        60480
      120960            4           3.701       967680       120960
      120960            8           6.637      1935360       241920
      120960           16          12.522      3870720       483840
      120960           32          24.290      7741440       967680
      120960           64          47.838     15482880      1935360
      120960          128          94.930     30965760      3870720
      120960          256         188.783     61931520      7741440
      120960          512         376.882    123863040     15482880
      133056            1           1.624       266112        33264
      133056            2           2.361       532224        66528
      133056            4           4.015      1064448       133056
      133056            8           7.207      2128896       266112
      133056           16          13.760      4257792       532224
      133056           32          26.595      8515584      1064448
      133056           64          52.511     17031168      2128896
      133056          128         104.145     34062336      4257792
      133056          256         207.492     68124672      8515584
      146304            1           1.751       292608        36576
      146304            2           2.516       585216        73152
      146304            4           4.290      1170432       146304
      146304            8           7.847      2340864       292608
      146304           16          14.943      4681728       585216
      146304           32          29.116      9363456      1170432
      146304           64          57.422     18726912      2340864
      146304          128         114.091     37453824      4681728
      146304          256         227.638     74907648      9363456
      160896            1           1.698       321792        40224
      160896            2           2.693       643584        80448
      160896            4           4.627      1287168       160896
      160896            8           8.566      2574336       321792
      160896           16          16.349      5148672       643584
      160896           32          31.914     10297344      1287168
      160896           64          63.054     20594688      2574336
      160896          128         125.226     41189376      5148672
      160896          256         249.927     82378752     10297344
      176960            1           2.294       353920        44240
      176960            2           3.018       707840        88480
      176960            4           5.042      1415680       176960
      176960            8           9.312      2831360       353920
      176960           16          17.940      5662720       707840
      176960           32          34.973     11325440      1415680
      176960           64          69.083     22650880      2831360
      176960          128         137.636     45301760      5662720
      176960          256         274.224     90603520     11325440
      194624            1           1.970       389248        48656
      194624            2           3.145       778496        97312
      194624            4           5.518      1556992       194624
      194624            8          10.307      3113984       389248
      194624           16          19.683      6227968       778496
      194624           32          38.334     12455936      1556992
      194624           64          75.891     24911872      3113984
      194624          128         151.116     49823744      6227968
      194624          256         301.163     99647488     12455936
      214080            1           2.629       428160        53520
      214080            2           3.402       856320       107040
      214080            4           6.025      1712640       214080
      214080            8          11.162      3425280       428160
      214080           16          24.105      6850560       856320
      214080           32          42.119     13701120      1712640
      214080           64          83.413     27402240      3425280
      214080          128         165.967     54804480      6850560
      214080          256         330.788    109608960     13701120
      235456            1           2.342       470912        58864
      235456            2           3.724       941824       117728
      235456            4           6.540      1883648       235456
      235456            8          12.244      3767296       470912
      235456           16          23.561      7534592       941824
      235456           32          46.242     15069184      1883648
      235456           64          91.678     30138368      3767296
      235456          128         182.289     60276736      7534592
      235456          256         363.786    120553472     15069184
      258944            1           3.052       517888        64736
      258944            2           4.094      1035776       129472
      258944            4           7.219      2071552       258944
      258944            8          13.427      4143104       517888
      258944           16          25.918      8286208      1035776
      258944           32          50.816     16572416      2071552
      258944           64         100.599     33144832      4143104
      258944          128         200.126     66289664      8286208
      284800            1           3.499       569600        71200
      284800            2           4.647      1139200       142400
      284800            4           8.415      2278400       284800
      284800            8          16.219      4556800       569600
      284800           16          31.155      9113600      1139200
      284800           32          61.804     18227200      2278400
      284800           64         123.845     36454400      4556800
      284800          128         247.909     72908800      9113600
      313280            1           3.568       626560        78320
      313280            2           5.122      1253120       156640
      313280            4           9.484      2506240       313280
      313280            8          17.908      5012480       626560
      313280           16          35.717     10024960      1253120
      313280           32          70.056     20049920      2506240
      313280           64         140.430     40099840      5012480
      313280          128         281.117     80199680     10024960
      344576            1           3.918       689152        86144
      344576            2           5.548      1378304       172288
      344576            4          10.330      2756608       344576
      344576            8          19.873      5513216       689152
      344576           16          39.022     11026432      1378304
      344576           32          77.043     22052864      2756608
      344576           64         154.529     44105728      5513216
      344576          128         308.938     88211456     11026432
      379008            1           4.300       758016        94752
      379008            2           6.021      1516032       189504
      379008            4          11.299      3032064       379008
      379008            8          21.790      6064128       758016
      379008           16          42.976     12128256      1516032
      379008           32          84.787     24256512      3032064
      379008           64         169.695     48513024      6064128
      379008          128         353.086     97026048     12128256
      416896            1           5.054       833792       104224
      416896            2           6.575      1667584       208448
      416896            4          12.305      3335168       416896
      416896            8          23.847      6670336       833792
      416896           16          46.930     13340672      1667584
      416896           32          93.071     26681344      3335168
      416896           64         186.365     53362688      6670336
      416896          128         372.844    106725376     13340672
      458560            1           5.585       917120       114640
      458560            2           7.124      1834240       229280
      458560            4          13.459      3668480       458560
      458560            8          26.111      7336960       917120
      458560           16          51.675     14673920      1834240
      458560           32         102.489     29347840      3668480
      458560           64         204.843     58695680      7336960
      458560          128         409.830    117391360     14673920
      504384            1           6.557      1008768       126096
      504384            2           7.742      2017536       252192
      504384            4          14.759      4035072       504384
      504384            8          28.711      8070144      1008768
      504384           16          56.127     16140288      2017536
      504384           32         112.323     32280576      4035072
      504384           64         225.096     64561152      8070144
      554816            1           6.934      1109632       138704
      554816            2           8.419      2219264       277408
      554816            4          16.129      4438528       554816
      554816            8          31.423      8877056      1109632
      554816           16          62.243     17754112      2219264
      554816           32         123.592     35508224      4438528
      554816           64         247.466     71016448      8877056
      610240            1           8.050      1220480       152560
      610240            2           9.186      2440960       305120
      610240            4          17.632      4881920       610240
      610240            8          34.478      9763840      1220480
      610240           16          68.481     19527680      2440960
      610240           32         135.976     39055360      4881920
      610240           64         272.068     78110720      9763840
      671232            1           8.739      1342464       167808
      671232            2          10.018      2684928       335616
      671232            4          19.282      5369856       671232
      671232            8          37.769     10739712      1342464
      671232           16          74.559     21479424      2684928
      671232           32         149.657     42958848      5369856
      671232           64         298.928     85917696     10739712
      738304            1           9.670      1476608       184576
      738304            2          19.738      2953216       369152
      738304            4          21.194      5906432       738304
      738304            8          41.129     11812864      1476608
      738304           16          81.841     23625728      2953216
      738304           32         163.833     47251456      5906432
      738304           64         327.607     94502912     11812864
      812096            1          10.229      1624192       203024
      812096            2          11.979      3248384       406048
      812096            4          23.246      6496768       812096
      812096            8          45.587     12993536      1624192
      812096           16          90.183     25987072      3248384
      812096           32         180.368     51974144      6496768
      812096           64         360.950    103948288     12993536
      893248            1          10.872      1786496       223312
      893248            2          13.112      3572992       446624
      893248            4          25.465      7145984       893248
      893248            8          50.116     14291968      1786496
      893248           16          99.538     28583936      3572992
      893248           32         198.377     57167872      7145984
      893248           64         396.762    114335744     14291968
      982528            1          12.350      1965056       245632
      982528            2          14.629      3930112       491264
      982528            4          28.020      7860224       982528
      982528            8          55.200     15720448      1965056
      982528           16         109.540     31440896      3930112
      982528           32         217.950     62881792      7860224
     1080768            1          13.768      2161536       270192
     1080768            2          15.683      4323072       540384
     1080768            4          30.731      8646144      1080768
     1080768            8          60.468     17292288      2161536
     1080768           16         120.108     34584576      4323072
     1080768           32         240.080     69169152      8646144
     1188800            1          14.969      2377600       297200
     1188800            2          17.130      4755200       594400
     1188800            4          33.607      9510400      1188800
     1188800            8          66.251     19020800      2377600
     1188800           16         131.244     38041600      4755200
     1188800           32         262.837     76083200      9510400
     1307648            1          15.974      2615296       326912
     1307648            2          18.786      5230592       653824
     1307648            4          36.876     10461184      1307648
     1307648            8          72.831     20922368      2615296
     1307648           16         144.840     41844736      5230592
     1307648           32         296.103     83689472     10461184
     1438400            1          17.930      2876800       359600
     1438400            2          20.663      5753600       719200
     1438400            4          40.496     11507200      1438400
     1438400            8          80.129     23014400      2876800
     1438400           16         159.118     46028800      5753600
     1438400           32         318.280     92057600     11507200
     1582208            1          19.662      3164416       395552
     1582208            2          23.085      6328832       791104
     1582208            4          45.097     12657664      1582208
     1582208            8          89.416     25315328      3164416
     1582208           16         177.738     50630656      6328832
     1582208           32         354.808    101261312     12657664
     1740416            1          22.434      3480832       435104
     1740416            2          25.922      6961664       870208
     1740416            4          49.913     13923328      1740416
     1740416            8          98.718     27846656      3480832
     1740416           16         198.022     55693312      6961664
     1740416           32         395.583    111386624     13923328
     1914432            1          23.955      3828864       478608
     1914432            2          29.813      7657728       957216
     1914432            4          57.921     15315456      1914432
     1914432            8         114.483     30630912      3828864
     1914432           16         227.479     61261824      7657728
     1914432           32         455.433    122523648     15315456
     2105856            1          26.933      4211712       526464
     2105856            2          33.655      8423424      1052928
     2105856            4          65.738     16846848      2105856
     2105856            8         130.232     33693696      4211712
     2105856           16         257.783     67387392      8423424
     2316416            1          30.508      4632832       579104
     2316416            2          38.287      9265664      1158208
     2316416            4          82.858     18531328      2316416
     2316416            8         151.950     37062656      4632832
     2316416           16         304.513     74125312      9265664
     2548032            1          34.418      5096064       637008
     2548032            2          42.915     10192128      1274016
     2548032            4          86.796     20384256      2548032
     2548032            8         173.519     40768512      5096064
     2548032           16         347.078     81537024     10192128
     2802816            1          38.896      5605632       700704
     2802816            2          48.936     11211264      1401408
     2802816            4          98.377     22422528      2802816
     2802816            8         197.536     44845056      5605632
     2802816           16         395.604     89690112     11211264
     3083072            1          44.201      6166144       770768
     3083072            2          54.451     12332288      1541536
     3083072            4         108.611     24664576      3083072
     3083072            8         217.723     49329152      6166144
     3083072           16         435.719     98658304     12332288
     3391360            1          48.729      6782720       847840
     3391360            2          60.477     13565440      1695680
     3391360            4         120.043     27130880      3391360
     3391360            8         239.345     54261760      6782720
     3391360           16         479.243    108523520     13565440
     3730496            1          53.409      7460992       932624
     3730496            2          65.805     14921984      1865248
     3730496            4         135.855     29843968      3730496
     3730496            8         263.956     59687936      7460992
     3730496           16         528.031    119375872     14921984
     4103488            1          59.745      8206976      1025872
     4103488            2          72.445     16413952      2051744
     4103488            4         144.945     32827904      4103488
     4103488            8         290.212     65655808      8206976
     4513792            1          65.549      9027584      1128448
     4513792            2          80.717     18055168      2256896
     4513792            4         160.668     36110336      4513792
     4513792            8         320.082     72220672      9027584
     4965120            1          72.344      9930240      1241280
     4965120            2          88.515     19860480      2482560
     4965120            4         176.350     39720960      4965120
     4965120            8         351.244     79441920      9930240
     5461632            1          80.466     10923264      1365408
     5461632            2          97.397     21846528      2730816
     5461632            4         193.405     43693056      5461632
     5461632            8         386.216     87386112     10923264
     6007744            1          86.919     12015488      1501936
     6007744            2         106.953     24030976      3003872
     6007744            4         213.452     48061952      6007744
     6007744            8         431.503     96123904     12015488
     6608512            1          95.761     13217024      1652128
     6608512            2         117.601     26434048      3304256
     6608512            4         234.045     52868096      6608512
     6608512            8         467.551    105736192     13217024
     7269312            1         106.487     14538624      1817328
     7269312            2         128.529     29077248      3634656
     7269312            4         256.988     58154496      7269312
     7269312            8         513.951    116308992     14538624
     7996224            1         117.780     15992448      1999056
     7996224            2         141.999     31984896      3998112
     7996224            4         283.360     63969792      7996224
     8795840            1         129.278     17591680      2198960
     8795840            2         156.484     35183360      4397920
     8795840            4         311.956     70366720      8795840
     9675392            1         142.358     19350784      2418848
     9675392            2         171.684     38701568      4837696
     9675392            4         348.887     77403136      9675392
    10642880            1         158.313     21285760      2660720
    10642880            2         188.596     42571520      5321440
    10642880            4         377.197     85143040     10642880
    11707136            1         172.222     23414272      2926784
    11707136            2         208.336     46828544      5853568
    11707136            4         416.508     93657088     11707136
    12877824            1         190.565     25755648      3219456
    12877824            2         231.921     51511296      6438912
    12877824            4         461.573    103022592     12877824
    14165568            1         209.180     28331136      3541392
    14165568            2         256.700     56662272      7082784
    14165568            4         510.626    113324544     14165568
    15582080            1         232.458     31164160      3895520
    15582080            2         301.259     62328320      7791040
    15582080            4         585.519    124656640     15582080
    17140288            1         259.556     34280576      4285072
    17140288            2         366.922     68561152      8570144
    18854272            1         306.337     37708544      4713568
    18854272            2         558.981     75417088      9427136
    20739648            1         420.761     41479296      5184912
    20739648            2         997.852     82958592     10369824
    22813568            1         697.485     45627136      5703392
    22813568            2        1752.594     91254272     11406784
    25094912            1        1061.790     50189824      6273728
    25094912            2        2517.937    100379648     12547456
    27604352            1        1451.090     55208704      6901088
    27604352            2        3363.622    110417408     13802176
    30364736            1        1916.229     60729472      7591184
    30364736            2        4204.389    121458944     15182368
    33401152            1        2330.722     66802304      8350288
    36741248            1        2748.351     73482496      9185312
    40415360            1        3148.883     80830720     10103840
    44456896            1        3527.456     88913792     11114224
    48902528            1        3873.365     97805056     12225632
    53792768            1        4303.935    107585536     13448192
    59172032            1        4706.744    118344064     14793008

META_DATA
MPI_PROCS      1
OPENMP_THREADS 8
FLOPS          2
ERT_VERSION  1.0.0
TIMESTAMP_DATA  1594866802.3
HOSTNAME  ('apollo-PowerEdge-R430', [], ['127.0.1.1'])
UNAME  ('Linux', 'apollo-PowerEdge-R430', '4.19.129-0419129-generic', '#202006220433 SMP Mon Jun 22 09:12:54 UTC 2020', 'x86_64', 'x86_64')
CONFIG  {'ERT_WORKING_SET_MIN': ['1'], 'ERT_CFLAGS': ['-O3'], 'ERT_CC': ['gcc'], 'ERT_MPI_CFLAGS': [], 'ERT_MPI_LDFLAGS': [], 'ERT_MEMORY_MAX': ['62497788'], 'ERT_PROCS_THREADS': ['8'], 'ERT_LDFLAGS': [], 'ERT_LDLIBS': [], 'ERT_SPEC_GBYTES_DRAM': ['1.0'], 'ERT_RUN': ['export', 'KMP_AFFINITY=scatter;', 'export', 'OMP_NUM_THREADS=ERT_OPENMP_THREADS;', 'ERT_CODE'], 'ERT_FLOPS': ['1,2,4,8,16'], 'ERT_OPENMP_CFLAGS': ['-fopenmp'], 'ERT_SPEC_GFLOPS': ['1.0'], 'ERT_MPI': ['False'], 'ERT_TRIALS_MIN': ['1'], 'ERT_DRIVER': ['driver1'], 'ERT_RESULTS': ['Results.x86'], 'ERT_OPENMP': ['True'], 'ERT_MPI_PROCS': ['1'], 'ERT_KERNEL': ['kernel1'], 'ERT_OPENMP_THREADS': ['1-32'], 'ERT_LD': ['gcc'], 'ERT_NUM_EXPERIMENTS': ['6'], 'ERT_OPENMP_LDFLAGS': ['-fopenmp'], 'ERT_ALIGN': ['32'], 'ERT_GNUPLOT': ['gnuplot']}
