          64            1           1.622          128           16
          64            2           0.762          256           32
          64            4           0.771          512           64
          64            8           0.805         1024          128
          64           16           0.761         2048          256
          64           32           0.904         4096          512
          64           64           1.012         8192         1024
          64          128           1.336        16384         2048
          64          256           2.014        32768         4096
          64          512           3.342        65536         8192
          64         1024           5.644       131072        16384
          64         2048          11.495       262144        32768
          64         4096          23.210       524288        65536
          64         8192          46.574      1048576       131072
          64        16384          93.411      2097152       262144
          64        32768         187.330      4194304       524288
          64        65536         374.736      8388608      1048576
          64       131072         760.052     16777216      2097152
          64       262144        1499.496     33554432      4194304
          64       524288        3003.286     67108864      8388608
         128            1           0.751          256           32
         128            2           0.762          512           64
         128            4           0.759         1024          128
         128            8           0.764         2048          256
         128           16           0.772         4096          512
         128           32           0.867         8192         1024
         128           64           1.024        16384         2048
         128          128           1.362        32768         4096
         128          256           2.026        65536         8192
         128          512           3.365       131072        16384
         128         1024           6.071       262144        32768
         128         2048          11.453       524288        65536
         128         4096          23.121      1048576       131072
         128         8192          46.662      2097152       262144
         128        16384          93.468      4194304       524288
         128        32768         187.150      8388608      1048576
         128        65536         374.657     16777216      2097152
         128       131072         749.552     33554432      4194304
         128       262144        1499.496     67108864      8388608
         192            1           0.759          384           48
         192            2           0.768          768           96
         192            4           0.771         1536          192
         192            8           0.772         3072          384
         192           16           0.802         6144          768
         192           32           0.878        12288         1536
         192           64           1.042        24576         3072
         192          128           1.379        49152         6144
         192          256           2.056        98304        12288
         192          512           3.388       196608        24576
         192         1024           6.261       393216        49152
         192         2048          11.715       786432        98304
         192         4096          23.302      1572864       196608
         192         8192          46.534      3145728       393216
         192        16384          93.610      6291456       786432
         192        32768         194.291     12582912      1572864
         192        65536         383.718     25165824      3145728
         192       131072         685.364     50331648      6291456
         192       262144        1370.003    100663296     12582912
         256            1           0.768          512           64
         256            2           0.773         1024          128
         256            4           0.862         2048          256
         256            8           0.793         4096          512
         256           16           0.806         8192         1024
         256           32           0.869        16384         2048
         256           64           1.028        32768         4096
         256          128           1.369        65536         8192
         256          256           2.045       131072        16384
         256          512           3.387       262144        32768
         256         1024           6.057       524288        65536
         256         2048          11.393      1048576       131072
         256         4096          22.099      2097152       262144
         256         8192          43.496      4194304       524288
         256        16384          86.286      8388608      1048576
         256        32768         171.869     16777216      2097152
         256        65536         343.033     33554432      4194304
         256       131072         685.351     67108864      8388608
         320            1           0.765          640           80
         320            2           0.766         1280          160
         320            4           0.899         2560          320
         320            8           1.000         5120          640
         320           16           0.804        10240         1280
         320           32           0.888        20480         2560
         320           64           1.087        40960         5120
         320          128           1.379        81920        10240
         320          256           2.213       163840        20480
         320          512           3.394       327680        40960
         320         1024           6.165       655360        81920
         320         2048          11.565      1310720       163840
         320         4096          27.668      2621440       327680
         320         8192          43.512      5242880       655360
         320        16384          86.300     10485760      1310720
         320        32768         171.880     20971520      2621440
         320        65536         343.038     41943040      5242880
         320       131072         685.363     83886080     10485760
         384            1           0.770          768           96
         384            2           0.766         1536          192
         384            4           0.792         3072          384
         384            8           0.771         6144          768
         384           16           0.828        12288         1536
         384           32           0.904        24576         3072
         384           64           1.050        49152         6144
         384          128           1.383        98304        12288
         384          256           2.048       196608        24576
         384          512           3.389       393216        49152
         384         1024           6.057       786432        98304
         384         2048          11.407      1572864       196608
         384         4096          22.118      3145728       393216
         384         8192          43.510      6291456       786432
         384        16384          86.294     12582912      1572864
         384        32768         171.896     25165824      3145728
         384        65536         343.046     50331648      6291456
         384       131072         685.359    100663296     12582912
         448            1           0.896          896          112
         448            2           0.765         1792          224
         448            4           0.796         3584          448
         448            8           0.793         7168          896
         448           16           0.842        14336         1792
         448           32           0.953        28672         3584
         448           64           1.146        57344         7168
         448          128           1.439       114688        14336
         448          256           2.104       229376        28672
         448          512           3.446       458752        57344
         448         1024           6.080       917504       114688
         448         2048          11.545      1835008       229376
         448         4096          22.302      3670016       458752
         448         8192          43.699      7340032       917504
         448        16384          86.356     14680064      1835008
         448        32768         172.168     29360128      3670016
         448        65536         343.095     58720256      7340032
         448       131072         687.535    117440512     14680064
         512            1           0.849         1024          128
         512            2           0.868         2048          256
         512            4           0.901         4096          512
         512            8           0.884         8192         1024
         512           16           1.007        16384         2048
         512           32           0.927        32768         4096
         512           64           1.093        65536         8192
         512          128           1.596       131072        16384
         512          256           2.186       262144        32768
         512          512           3.619       524288        65536
         512         1024           6.094      1048576       131072
         512         2048          11.587      2097152       262144
         512         4096          22.145      4194304       524288
         512         8192          43.583      8388608      1048576
         512        16384          86.371     16777216      2097152
         512        32768         171.953     33554432      4194304
         512        65536         343.105     67108864      8388608
         576            1           0.748         1152          144
         576            2           0.920         2304          288
         576            4           0.785         4608          576
         576            8           0.782         9216         1152
         576           16           0.841        18432         2304
         576           32           0.966        36864         4608
         576           64           1.320        73728         9216
         576          128           1.506       147456        18432
         576          256           2.396       294912        36864
         576          512           3.739       589824        73728
         576         1024           6.589      1179648       147456
         576         2048          12.380      2359296       294912
         576         4096          23.980      4718592       589824
         576         8192          47.226      9437184      1179648
         576        16384          93.574     18874368      2359296
         576        32768         186.260     37748736      4718592
         576        65536         371.692     75497472      9437184
         640            1           0.733         1280          160
         640            2           0.748         2560          320
         640            4           0.771         5120          640
         640            8           0.790        10240         1280
         640           16           0.841        20480         2560
         640           32           0.951        40960         5120
         640           64           1.150        81920        10240
         640          128           1.536       163840        20480
         640          256           2.315       327680        40960
         640          512           3.877       655360        81920
         640         1024           6.999      1310720       163840
         640         2048          13.399      2621440       327680
         640         4096          25.834      5242880       655360
         640         8192          50.828     10485760      1310720
         640        16384         100.764     20971520      2621440
         640        32768         200.621     41943040      5242880
         640        65536         400.315     83886080     10485760
         704            1           0.747         1408          176
         704            2           0.775         2816          352
         704            4           0.779         5632          704
         704            8           0.794        11264         1408
         704           16           0.857        22528         2816
         704           32           0.967        45056         5632
         704           64           1.177        90112        11264
         704          128           1.681       180224        22528
         704          256           2.533       360448        45056
         704          512           4.320       720896        90112
         704         1024           7.929      1441792       180224
         704         2048          15.006      2883584       360448
         704         4096          29.424      5767168       720896
         704         8192          57.933     11534336      1441792
         704        16384         115.030     23068672      2883584
         704        32768         230.841     46137344      5767168
         704        65536         457.337     92274688     11534336
         768            1           0.744         1536          192
         768            2           0.763         3072          384
         768            4           0.768         6144          768
         768            8           0.809        12288         1536
         768           16           0.855        24576         3072
         768           32           0.961        49152         6144
         768           64           1.191        98304        12288
         768          128           1.636       196608        24576
         768          256           2.522       393216        49152
         768          512           4.313       786432        98304
         768         1024           7.883      1572864       196608
         768         2048          15.146      3145728       393216
         768         4096          29.394      6291456       786432
         768         8192          57.970     12582912      1572864
         768        16384         114.982     25165824      3145728
         768        32768         229.124     50331648      6291456
         768        65536         464.388    100663296     12582912
         832            1           0.757         1664          208
         832            2           0.777         3328          416
         832            4           0.780         6656          832
         832            8           0.798        13312         1664
         832           16           0.881        26624         3328
         832           32           1.004        53248         6656
         832           64           1.243       106496        13312
         832          128           1.770       212992        26624
         832          256           2.753       425984        53248
         832          512           4.767       851968       106496
         832         1024           8.983      1703936       212992
         832         2048          16.939      3407872       425984
         832         4096          33.067      6815744       851968
         832         8192          65.098     13631488      1703936
         832        16384         129.253     27262976      3407872
         832        32768         257.627     54525952      6815744
         832        65536         514.539    109051904     13631488
         896            1           0.741         1792          224
         896            2           0.843         3584          448
         896            4           0.789         7168          896
         896            8           0.969        14336         1792
         896           16           0.878        28672         3584
         896           32           1.057        57344         7168
         896           64           1.258       114688        14336
         896          128           1.808       229376        28672
         896          256           2.754       458752        57344
         896          512           4.881       917504       114688
         896         1024           8.946      1835008       229376
         896         2048          16.943      3670016       458752
         896         4096          33.001      7340032       917504
         896         8192          65.240     14680064      1835008
         896        16384         129.293     29360128      3670016
         896        32768         257.876     58720256      7340032
         896        65536         514.368    117440512     14680064
         960            1           0.752         1920          240
         960            2           0.764         3840          480
         960            4           0.889         7680          960
         960            8           0.808        15360         1920
         960           16           1.057        30720         3840
         960           32           1.037        61440         7680
         960           64           1.354       122880        15360
         960          128           1.869       245760        30720
         960          256           3.085       491520        61440
         960          512           5.225       983040       122880
         960         1024           9.758      1966080       245760
         960         2048          18.714      3932160       491520
         960         4096          36.649      7864320       983040
         960         8192          72.244     15728640      1966080
         960        16384         143.559     31457280      3932160
         960        32768         286.187     62914560      7864320
        1024            1           0.851         2048          256
        1024            2           0.768         4096          512
        1024            4           0.904         8192         1024
        1024            8           0.816        16384         2048
        1024           16           0.987        32768         4096
        1024           32           1.038        65536         8192
        1024           64           1.484       131072        16384
        1024          128           1.874       262144        32768
        1024          256           3.075       524288        65536
        1024          512           5.225      1048576       131072
        1024         1024           9.738      2097152       262144
        1024         2048          18.714      4194304       524288
        1024         4096          36.566      8388608      1048576
        1024         8192          72.220     16777216      2097152
        1024        16384         143.530     33554432      4194304
        1024        32768         286.175     67108864      8388608
        1088            1           0.741         2176          272
        1088            2           0.778         4352          544
        1088            4           0.894         8704         1088
        1088            8           0.829        17408         2176
        1088           16           1.001        34816         4352
        1088           32           1.062        69632         8704
        1088           64           1.362       139264        17408
        1088          128           1.962       278528        34816
        1088          256           3.211       557056        69632
        1088          512           5.669      1114112       139264
        1088         1024          10.785      2228224       278528
        1088         2048          20.533      4456448       557056
        1088         4096          40.262      8912896      1114112
        1088         8192          82.214     17825792      2228224
        1088        16384         163.995     35651584      4456448
        1088        32768         314.709     71303168      8912896
        1152            1           0.735         2304          288
        1152            2           0.766         4608          576
        1152            4           0.903         9216         1152
        1152            8           0.828        18432         2304
        1152           16           1.025        36864         4608
        1152           32           1.160        73728         9216
        1152           64           1.419       147456        18432
        1152          128           1.972       294912        36864
        1152          256           3.289       589824        73728
        1152          512           5.662      1179648       147456
        1152         1024          10.672      2359296       294912
        1152         2048          20.506      4718592       589824
        1152         4096          40.112      9437184      1179648
        1152         8192          79.369     18874368      2359296
        1152        16384         157.820     37748736      4718592
        1152        32768         314.716     75497472      9437184
        1216            1           0.744         2432          304
        1216            2           0.768         4864          608
        1216            4           0.788         9728         1216
        1216            8           0.828        19456         2432
        1216           16           0.924        38912         4864
        1216           32           1.086        77824         9728
        1216           64           1.417       155648        19456
        1216          128           2.087       311296        38912
        1216          256           3.434       622592        77824
        1216          512           6.112      1245184       155648
        1216         1024          11.573      2490368       311296
        1216         2048          22.272      4980736       622592
        1216         4096          43.719      9961472      1245184
        1216         8192          86.500     19922944      2490368
        1216        16384         172.050     39845888      4980736
        1216        32768         343.243     79691776      9961472
        1280            1           0.750         2560          320
        1280            2           0.764         5120          640
        1280            4           0.788        10240         1280
        1280            8           0.831        20480         2560
        1280           16           0.905        40960         5120
        1280           32           1.082        81920        10240
        1280           64           1.412       163840        20480
        1280          128           2.081       327680        40960
        1280          256           3.430       655360        81920
        1280          512           6.100      1310720       163840
        1280         1024          11.582      2621440       327680
        1280         2048          22.282      5242880       655360
        1280         4096          43.765     10485760      1310720
        1280         8192          86.461     20971520      2621440
        1280        16384         172.052     41943040      5242880
        1280        32768         343.488     83886080     10485760
        1408            1           0.743         2816          352
        1408            2           0.768         5632          704
        1408            4           0.869        11264         1408
        1408            8           0.832        22528         2816
        1408           16           1.009        45056         5632
        1408           32           1.094        90112        11264
        1408           64           1.462       180224        22528
        1408          128           2.381       360448        45056
        1408          256           3.813       720896        90112
        1408          512           6.549      1441792       180224
        1408         1024          12.439      2883584       360448
        1408         2048          24.065      5767168       720896
        1408         4096          47.330     11534336      1441792
        1408         8192          93.605     23068672      2883584
        1408        16384         186.319     46137344      5767168
        1408        32768         371.816     92274688     11534336
        1536            1           0.756         3072          384
        1536            2           0.881         6144          768
        1536            4           0.821        12288         1536
        1536            8           0.838        24576         3072
        1536           16           0.934        49152         6144
        1536           32           1.128        98304        12288
        1536           64           1.520       196608        24576
        1536          128           2.309       393216        49152
        1536          256           3.876       786432        98304
        1536          512           6.989      1572864       196608
        1536         1024          13.383      3145728       393216
        1536         2048          25.860      6291456       786432
        1536         4096          50.832     12582912      1572864
        1536         8192         100.737     25165824      3145728
        1536        16384         200.608     50331648      6291456
        1536        32768         403.476    100663296     12582912
        1664            1           0.744         3328          416
        1664            2           0.815         6656          832
        1664            4           0.825        13312         1664
        1664            8           0.868        26624         3328
        1664           16           0.990        53248         6656
        1664           32           1.233       106496        13312
        1664           64           1.660       212992        26624
        1664          128           2.406       425984        53248
        1664          256           4.239       851968       106496
        1664          512           7.472      1703936       212992
        1664         1024          14.401      3407872       425984
        1664         2048          27.670      6815744       851968
        1664         4096          54.381     13631488      1703936
        1664         8192         107.895     27262976      3407872
        1664        16384         214.864     54525952      6815744
        1664        32768         428.902    109051904     13631488
        1792            1           0.821         3584          448
        1792            2           0.904         7168          896
        1792            4           0.818        14336         1792
        1792            8           0.944        28672         3584
        1792           16           0.965        57344         7168
        1792           32           1.354       114688        14336
        1792           64           1.631       229376        28672
        1792          128           2.511       458752        57344
        1792          256           4.310       917504       114688
        1792          512           7.877      1835008       229376
        1792         1024          15.131      3670016       458752
        1792         2048          29.394      7340032       917504
        1792         4096          57.950     14680064      1835008
        1792         8192         114.983     29360128      3670016
        1792        16384         229.105     58720256      7340032
        1792        32768         457.302    117440512     14680064
        1920            1           0.826         3840          480
        1920            2           0.788         7680          960
        1920            4           0.822        15360         1920
        1920            8           0.873        30720         3840
        1920           16           0.993        61440         7680
        1920           32           1.216       122880        15360
        1920           64           1.700       245760        30720
        1920          128           2.651       491520        61440
        1920          256           4.542       983040       122880
        1920          512           8.343      1966080       245760
        1920         1024          16.029      3932160       491520
        1920         2048          31.226      7864320       983040
        1920         4096          61.544     15728640      1966080
        1920         8192         122.143     31457280      3932160
        1920        16384         243.336     62914560      7864320
        2112            1           0.757         4224          528
        2112            2           0.930         8448         1056
        2112            4           0.843        16896         2112
        2112            8           0.891        33792         4224
        2112           16           1.033        67584         8448
        2112           32           1.348       135168        16896
        2112           64           1.815       270336        33792
        2112          128           3.047       540672        67584
        2112          256           5.163      1081344       135168
        2112          512           9.223      2162688       270336
        2112         1024          17.866      4325376       540672
        2112         2048          34.757      8650752      1081344
        2112         4096          68.628     17301504      2162688
        2112         8192         136.477     34603008      4325376
        2112        16384         271.900     69206016      8650752
        2304            1           0.764         4608          576
        2304            2           0.818         9216         1152
        2304            4           0.851        18432         2304
        2304            8           0.938        36864         4608
        2304           16           1.031        73728         9216
        2304           32           1.499       147456        18432
        2304           64           1.866       294912        36864
        2304          128           2.996       589824        73728
        2304          256           5.213      1179648       147456
        2304          512           9.833      2359296       294912
        2304         1024          18.710      4718592       589824
        2304         2048          36.547      9437184      1179648
        2304         4096          72.212     18874368      2359296
        2304         8192         143.635     37748736      4718592
        2304        16384         285.693     75497472      9437184
        2496            1           0.774         4992          624
        2496            2           0.818         9984         1248
        2496            4           0.920        19968         2496
        2496            8           0.905        39936         4992
        2496           16           1.066        79872         9984
        2496           32           1.424       159744        19968
        2496           64           1.962       319488        39936
        2496          128           3.075       638976        79872
        2496          256           6.333      1277952       159744
        2496          512          12.790      2555904       319488
        2496         1024          26.234      5111808       638976
        2496         2048          52.395     10223616      1277952
        2496         4096         104.155     20447232      2555904
        2496         8192         157.776     40894464      5111808
        2496        16384         314.789     81788928     10223616
        2688            1           0.783         5376          672
        2688            2           0.790        10752         1344
        2688            4           0.891        21504         2688
        2688            8           1.030        43008         5376
        2688           16           1.073        86016        10752
        2688           32           1.387       172032        21504
        2688           64           2.032       344064        43008
        2688          128           3.407       688128        86016
        2688          256           5.924      1376256       172032
        2688          512          11.166      2752512       344064
        2688         1024          21.386      5505024       688128
        2688         2048          41.893     11010048      1376256
        2688         4096          82.896     22020096      2752512
        2688         8192         164.997     44040192      5505024
        2688        16384         328.926     88080384     11010048
        2944            1           0.934         5888          736
        2944            2           0.831        11776         1472
        2944            4           0.858        23552         2944
        2944            8           1.034        47104         5888
        2944           16           1.106        94208        11776
        2944           32           1.439       188416        23552
        2944           64           2.121       376832        47104
        2944          128           3.528       753664        94208
        2944          256           6.330      1507328       188416
        2944          512          12.025      3014656       376832
        2944         1024          23.157      6029312       753664
        2944         2048          45.472     12058624      1507328
        2944         4096          90.037     24117248      3014656
        2944         8192         179.289     48234496      6029312
        2944        16384         357.469     96468992     12058624
        3200            1           0.842         6400          800
        3200            2           0.787        12800         1600
        3200            4           0.838        25600         3200
        3200            8           0.931        51200         6400
        3200           16           1.124       102400        12800
        3200           32           1.632       204800        25600
        3200           64           2.233       409600        51200
        3200          128           3.790       819200       102400
        3200          256           6.765      1638400       204800
        3200          512          12.797      3276800       409600
        3200         1024          24.949      6553600       819200
        3200         2048          49.021     13107200      1638400
        3200         4096          97.160     26214400      3276800
        3200         8192         193.473     52428800      6553600
        3200        16384         385.983    104857600     13107200
        3520            1           0.782         7040          880
        3520            2           0.827        14080         1760
        3520            4           0.892        28160         3520
        3520            8           0.954        56320         7040
        3520           16           1.177       112640        14080
        3520           32           1.579       225280        28160
        3520           64           2.400       450560        56320
        3520          128           4.176       901120       112640
        3520          256           7.430      1802240       225280
        3520          512          14.246      3604480       450560
        3520         1024          27.623      7208960       901120
        3520         2048          54.478     14417920      1802240
        3520         4096         107.872     28835840      3604480
        3520         8192         214.835     57671680      7208960
        3520        16384         428.786    115343360     14417920
        3840            1           0.881         7680          960
        3840            2           0.844        15360         1920
        3840            4           0.878        30720         3840
        3840            8           0.969        61440         7680
        3840           16           1.226       122880        15360
        3840           32           1.639       245760        30720
        3840           64           2.526       491520        61440
        3840          128           4.314       983040       122880
        3840          256           8.033      1966080       245760
        3840          512          15.137      3932160       491520
        3840         1024          29.414      7864320       983040
        3840         2048          57.931     15728640      1966080
        3840         4096         114.989     31457280      3932160
        3840         8192         233.463     62914560      7864320
        4224            1           0.792         8448         1056
        4224            2           0.806        16896         2112
        4224            4           1.118        33792         4224
        4224            8           1.082        67584         8448
        4224           16           1.384       135168        16896
        4224           32           1.970       270336        33792
        4224           64           3.186       540672        67584
        4224          128           5.611      1081344       135168
        4224          256          10.487      2162688       270336
        4224          512          20.289      4325376       540672
        4224         1024          39.656      8650752      1081344
        4224         2048          78.503     17301504      2162688
        4224         4096         155.931     34603008      4325376
        4224         8192         310.954     69206016      8650752
        4608            1           0.837         9216         1152
        4608            2           0.828        18432         2304
        4608            4           0.895        36864         4608
        4608            8           1.004        73728         9216
        4608           16           1.274       147456        18432
        4608           32           1.805       294912        36864
        4608           64           2.981       589824        73728
        4608          128           5.003      1179648       147456
        4608          256           9.236      2359296       294912
        4608          512          17.907      4718592       589824
        4608         1024          34.771      9437184      1179648
        4608         2048          68.649     18874368      2359296
        4608         4096         136.408     37748736      4718592
        4608         8192         271.907     75497472      9437184
        5056            1           0.811        10112         1264
        5056            2           1.039        20224         2528
        5056            4           1.150        40448         5056
        5056            8           1.203        80896        10112
        5056           16           1.453       161792        20224
        5056           32           2.251       323584        40448
        5056           64           3.253       647168        80896
        5056          128           5.409      1294336       161792
        5056          256          11.060      2588672       323584
        5056          512          21.976      5177344       647168
        5056         1024          43.930     10354688      1294336
        5056         2048          88.025     20709376      2588672
        5056         4096         176.443     41418752      5177344
        5056         8192         354.285     82837504     10354688
        5504            1           0.782        11008         1376
        5504            2           0.837        22016         2752
        5504            4           0.960        44032         5504
        5504            8           1.114        88064        11008
        5504           16           1.514       176128        22016
        5504           32           2.254       352256        44032
        5504           64           3.002       704512        88064
        5504          128           6.809      1409024       176128
        5504          256          11.804      2818048       352256
        5504          512          23.871      5636096       704512
        5504         1024          47.478     11272192      1409024
        5504         2048          94.989     22544384      2818048
        5504         4096         189.954     45088768      5636096
        5504         8192         380.038     90177536     11272192
        6016            1           0.790        12032         1504
        6016            2           0.835        24064         3008
        6016            4           1.064        48128         6016
        6016            8           1.153        96256        12032
        6016           16           1.572       192512        24064
        6016           32           2.370       385024        48128
        6016           64           4.046       770048        96256
        6016          128           7.240      1540096       192512
        6016          256          13.616      3080192       385024
        6016          512          26.293      6160384       770048
        6016         1024          51.780     12320768      1540096
        6016         2048         102.426     24641536      3080192
        6016         4096         203.927     49283072      6160384
        6016         8192         406.945     98566144     12320768
        6592            1           0.806        13184         1648
        6592            2           0.853        26368         3296
        6592            4           1.049        52736         6592
        6592            8           1.288       105472        13184
        6592           16           1.610       210944        26368
        6592           32           2.462       421888        52736
        6592           64           4.321       843776       105472
        6592          128           7.591      1687552       210944
        6592          256          14.399      3375104       421888
        6592          512          27.989      6750208       843776
        6592         1024          54.899     13500416      1687552
        6592         2048         108.795     27000832      3375104
        6592         4096         225.342     54001664      6750208
        6592         8192         433.086    108003328     13500416
        7232            1           0.808        14464         1808
        7232            2           0.844        28928         3616
        7232            4           0.969        57856         7232
        7232            8           1.223       115712        14464
        7232           16           1.677       231424        28928
        7232           32           2.609       462848        57856
        7232           64           4.426       925696       115712
        7232          128           8.053      1851392       231424
        7232          256          15.420      3702784       462848
        7232          512          29.909      7405568       925696
        7232         1024          58.881     14811136      1851392
        7232         2048         116.855     29622272      3702784
        7232         4096         233.392     59244544      7405568
        7232         8192         466.279    118489088     14811136
        7936            1           0.798        15872         1984
        7936            2           0.867        31744         3968
        7936            4           0.979        63488         7936
        7936            8           1.235       126976        15872
        7936           16           1.795       253952        31744
        7936           32           2.736       507904        63488
        7936           64           4.804      1015808       126976
        7936          128           8.606      2031616       253952
        7936          256          16.487      4063232       507904
        7936          512          32.195      8126464      1015808
        7936         1024          63.451     16252928      2031616
        7936         2048         125.983     32505856      4063232
        7936         4096         251.213     65011712      8126464
        8704            1           0.894        17408         2176
        8704            2           0.873        34816         4352
        8704            4           1.010        69632         8704
        8704            8           1.288       139264        17408
        8704           16           1.867       278528        34816
        8704           32           2.899       557056        69632
        8704           64           5.065      1114112       139264
        8704          128           9.231      2228224       278528
        8704          256          17.924      4456448       557056
        8704          512          34.709      8912896      1114112
        8704         1024          68.401     17825792      2228224
        8704         2048         135.986     35651584      4456448
        8704         4096         271.039     71303168      8912896
        9536            1           0.920        19072         2384
        9536            2           0.888        38144         4768
        9536            4           1.046        76288         9536
        9536            8           1.418       152576        19072
        9536           16           1.918       305152        38144
        9536           32           3.044       610304        76288
        9536           64           5.309      1220608       152576
        9536          128           9.830      2441216       305152
        9536          256          19.025      4882432       610304
        9536          512          37.027      9764864      1220608
        9536         1024          72.920     19529728      2441216
        9536         2048         145.348     39059456      4882432
        9536         4096         289.541     78118912      9764864
       10432            1           0.813        20864         2608
       10432            2           0.882        41728         5216
       10432            4           1.151        83456        10432
       10432            8           1.360       166912        20864
       10432           16           2.184       333824        41728
       10432           32           3.221       667648        83456
       10432           64           5.675      1335296       166912
       10432          128          10.441      2670592       333824
       10432          256          20.188      5341184       667648
       10432          512          39.696     10682368      1335296
       10432         1024          78.487     21364736      2670592
       10432         2048         156.238     42729472      5341184
       10432         4096         310.922     85458944     10682368
       11456            1           0.818        22912         2864
       11456            2           1.019        45824         5728
       11456            4           1.057        91648        11456
       11456            8           1.556       183296        22912
       11456           16           2.083       366592        45824
       11456           32           3.554       733184        91648
       11456           64          11.629      1466368       183296
       11456          128          11.223      2932736       366592
       11456          256          21.877      5865472       733184
       11456          512          42.815     11730944      1466368
       11456         1024          84.829     23461888      2932736
       11456         2048         168.533     46923776      5865472
       11456         4096         336.585     93847552     11730944
       12544            1           0.823        25088         3136
       12544            2           0.940        50176         6272
       12544            4           1.128       100352        12544
       12544            8           1.476       200704        25088
       12544           16           2.198       401408        50176
       12544           32           3.633       802816       100352
       12544           64           6.535      1605632       200704
       12544          128          12.141      3211264       401408
       12544          256          23.621      6422528       802816
       12544          512          46.308     12845056      1605632
       12544         1024          91.691     25690112      3211264
       12544         2048         182.474     51380224      6422528
       12544         4096         364.005    102760448     12845056
       13760            1           0.847        27520         3440
       13760            2           1.010        55040         6880
       13760            4           1.119       110080        13760
       13760            8           1.516       220160        27520
       13760           16           2.326       440320        55040
       13760           32           3.833       880640       110080
       13760           64           6.890      1761280       220160
       13760          128          13.061      3522560       440320
       13760          256          25.325      7045120       880640
       13760          512          49.734     14090240      1761280
       13760         1024          98.550     28180480      3522560
       13760         2048         196.159     56360960      7045120
       13760         4096         391.418    112721920     14090240
       15104            1           0.843        30208         3776
       15104            2           0.941        60416         7552
       15104            4           1.180       120832        15104
       15104            8           1.635       241664        30208
       15104           16           2.526       483328        60416
       15104           32           4.126       966656       120832
       15104           64           7.601      1933312       241664
       15104          128          14.337      3866624       483328
       15104          256          27.574      7733248       966656
       15104          512          54.184     15466496      1933312
       15104         1024         107.430     30932992      3866624
       15104         2048         213.927     61865984      7733248
       15104         4096         426.926    123731968     15466496
       16576            1           0.853        33152         4144
       16576            2           0.967        66304         8288
       16576            4           1.186       132608        16576
       16576            8           1.655       265216        33152
       16576           16           2.582       530432        66304
       16576           32           4.375      1060864       132608
       16576           64           7.999      2121728       265216
       16576          128          15.113      4243456       530432
       16576          256          29.562      8486912      1060864
       16576          512          58.636     16973824      2121728
       16576         1024         116.419     33947648      4243456
       16576         2048         232.782     67895296      8486912
       18176            1           0.960        36352         4544
       18176            2           1.064        72704         9088
       18176            4           1.379       145408        18176
       18176            8           1.727       290816        36352
       18176           16           2.730       581632        72704
       18176           32           4.697      1163264       145408
       18176           64           8.673      2326528       290816
       18176          128          16.471      4653056       581632
       18176          256          32.447      9306112      1163264
       18176          512          63.645     18612224      2326528
       18176         1024         126.351     37224448      4653056
       18176         2048         299.813     74448896      9306112
       19968            1           0.865        39936         4992
       19968            2           1.032        79872         9984
       19968            4           1.381       159744        19968
       19968            8           1.885       319488        39936
       19968           16           2.895       638976        79872
       19968           32           5.023      1277952       159744
       19968           64           9.432      2555904       319488
       19968          128          17.769      5111808       638976
       19968          256          34.764     10223616      1277952
       19968          512          68.857     20447232      2555904
       19968         1024         136.741     40894464      5111808
       19968         2048         272.749     81788928     10223616
       21952            1           0.963        43904         5488
       21952            2           1.133        87808        10976
       21952            4           1.330       175616        21952
       21952            8           1.928       351232        43904
       21952           16           3.098       702464        87808
       21952           32           5.494      1404928       175616
       21952           64          10.056      2809856       351232
       21952          128          19.271      5619712       702464
       21952          256          37.698     11239424      1404928
       21952          512          74.703     22478848      2809856
       21952         1024         148.519     44957696      5619712
       21952         2048         296.154     89915392     11239424
       24128            1           0.897        48256         6032
       24128            2           1.043        96512        12064
       24128            4           1.379       193024        24128
       24128            8           2.014       386048        48256
       24128           16           3.296       772096        96512
       24128           32           5.811      1544192       193024
       24128           64          10.845      3088384       386048
       24128          128          20.939      6176768       772096
       24128          256          41.209     12353536      1544192
       24128          512          81.304     24707072      3088384
       24128         1024         161.912     49414144      6176768
       24128         2048         323.336     98828288     12353536
       26496            1           1.002        52992         6624
       26496            2           1.090       105984        13248
       26496            4           1.448       211968        26496
       26496            8           2.134       423936        52992
       26496           16           3.537       847872       105984
       26496           32           6.284      1695744       211968
       26496           64          11.779      3391488       423936
       26496          128          22.800      6782976       847872
       26496          256          44.740     13565952      1695744
       26496          512          88.827     27131904      3391488
       26496         1024         176.740     54263808      6782976
       26496         2048         352.549    108527616     13565952
       29120            1           1.129        58240         7280
       29120            2           1.122       116480        14560
       29120            4           1.686       232960        29120
       29120            8           2.265       465920        58240
       29120           16           3.845       931840       116480
       29120           32           6.785      1863680       232960
       29120           64          12.936      3727360       465920
       29120          128          24.941      7454720       931840
       29120          256          48.757     14909440      1863680
       29120          512          96.755     29818880      3727360
       29120         1024         192.583     59637760      7454720
       29120         2048         386.903    119275520     14909440
       32000            1           0.944        64000         8000
       32000            2           1.129       128000        16000
       32000            4           1.555       256000        32000
       32000            8           2.395       512000        64000
       32000           16           4.060      1024000       128000
       32000           32           7.357      2048000       256000
       32000           64          13.896      4096000       512000
       32000          128          26.993      8192000      1024000
       32000          256          53.277     16384000      2048000
       32000          512         105.612     32768000      4096000
       32000         1024         213.530     65536000      8192000
       35200            1           1.230        70400         8800
       35200            2           1.175       140800        17600
       35200            4           1.644       281600        35200
       35200            8           2.540       563200        70400
       35200           16           4.401      1126400       140800
       35200           32           7.950      2252800       281600
       35200           64          15.108      4505600       563200
       35200          128          29.418      9011200      1126400
       35200          256          58.032     18022400      2252800
       35200          512         115.380     36044800      4505600
       35200         1024         229.854     72089600      9011200
       38720            1           1.064        77440         9680
       38720            2           1.224       154880        19360
       38720            4           1.731       309760        38720
       38720            8           2.712       619520        77440
       38720           16           4.720      1239040       154880
       38720           32           8.611      2478080       309760
       38720           64          16.425      4956160       619520
       38720          128          32.083      9912320      1239040
       38720          256          63.321     19824640      2478080
       38720          512         126.168     39649280      4956160
       38720         1024         250.985     79298560      9912320
       42560            1           1.012        85120        10640
       42560            2           1.266       170240        21280
       42560            4           1.812       340480        42560
       42560            8           2.886       680960        85120
       42560           16           5.055      1361920       170240
       42560           32           9.338      2723840       340480
       42560           64          17.901      5447680       680960
       42560          128          35.030     10895360      1361920
       42560          256          69.122     21790720      2723840
       42560          512         137.551     43581440      5447680
       42560         1024         274.607     87162880     10895360
       46784            1           1.031        93568        11696
       46784            2           1.308       187136        23392
       46784            4           1.908       374272        46784
       46784            8           3.095       748544        93568
       46784           16           5.457      1497088       187136
       46784           32          10.131      2994176       374272
       46784           64          19.552      5988352       748544
       46784          128          38.225     11976704      1497088
       46784          256          75.496     23953408      2994176
       46784          512         151.113     47906816      5988352
       46784         1024         300.541     95813632     11976704
       51456            1           1.096       102912        12864
       51456            2           1.383       205824        25728
       51456            4           2.156       411648        51456
       51456            8           3.333       823296       102912
       51456           16           5.912      1646592       205824
       51456           32          11.237      3293184       411648
       51456           64          21.395      6586368       823296
       51456          128          41.857     13172736      1646592
       51456          256          83.059     26345472      3293184
       51456          512         165.171     52690944      6586368
       51456         1024         329.407    105381888     13172736
       56576            1           1.105       113152        14144
       56576            2           1.434       226304        28288
       56576            4           2.146       452608        56576
       56576            8           3.569       905216       113152
       56576           16           6.506      1810432       226304
       56576           32          12.037      3620864       452608
       56576           64          23.287      7241728       905216
       56576          128          45.939     14483456      1810432
       56576          256          91.077     28966912      3620864
       56576          512         180.826     57933824      7241728
       56576         1024         360.605    115867648     14483456
       62208            1           1.302       124416        15552
       62208            2           1.492       248832        31104
       62208            4           2.454       497664        62208
       62208            8           3.969       995328       124416
       62208           16           6.951      1990656       248832
       62208           32          13.114      3981312       497664
       62208           64          25.478      7962624       995328
       62208          128          50.111     15925248      1990656
       62208          256          99.399     31850496      3981312
       62208          512         202.769     63700992      7962624
       68416            1           1.243       136832        17104
       68416            2           1.705       273664        34208
       68416            4           2.436       547328        68416
       68416            8           4.253      1094656       136832
       68416           16           7.536      2189312       273664
       68416           32          14.234      4378624       547328
       68416           64          27.762      8757248      1094656
       68416          128          54.708     17514496      2189312
       68416          256         108.776     35028992      4378624
       68416          512         216.558     70057984      8757248
       75200            1           1.562       150400        18800
       75200            2           1.652       300800        37600
       75200            4           2.589       601600        75200
       75200            8           4.441      1203200       150400
       75200           16           8.165      2406400       300800
       75200           32          15.565      4812800       601600
       75200           64          30.397      9625600      1203200
       75200          128          60.010     19251200      2406400
       75200          256         119.364     38502400      4812800
       75200          512         237.816     77004800      9625600
       82688            1           1.275       165376        20672
       82688            2           1.798       330752        41344
       82688            4           2.802       661504        82688
       82688            8           4.825      1323008       165376
       82688           16           9.109      2646016       330752
       82688           32          17.048      5292032       661504
       82688           64          33.250     10584064      1323008
       82688          128          65.681     21168128      2646016
       82688          256         130.707     42336256      5292032
       82688          512         260.457     84672512     10584064
       90944            1           1.409       181888        22736
       90944            2           1.843       363776        45472
       90944            4           2.964       727552        90944
       90944            8           5.409      1455104       181888
       90944           16           9.698      2910208       363776
       90944           32          18.629      5820416       727552
       90944           64          36.319     11640832      1455104
       90944          128          72.066     23281664      2910208
       90944          256         143.106     46563328      5820416
       90944          512         285.288     93126656     11640832
      100032            1           1.689       200064        25008
      100032            2           2.038       400128        50016
      100032            4           3.176       800256       100032
      100032            8           5.705      1600512       200064
      100032           16          10.533      3201024       400128
      100032           32          20.343      6402048       800256
      100032           64          39.889     12804096      1600512
      100032          128          79.161     25608192      3201024
      100032          256         157.260     51216384      6402048
      100032          512         313.594    102432768     12804096
      110016            1           1.618       220032        27504
      110016            2           2.063       440064        55008
      110016            4           3.471       880128       110016
      110016            8           6.112      1760256       220032
      110016           16          11.490      3520512       440064
      110016           32          22.206      7041024       880128
      110016           64          43.778     14082048      1760256
      110016          128          86.398     28164096      3520512
      110016          256         172.208     56328192      7041024
      110016          512         343.710    112656384     14082048
      120960            1           1.532       241920        30240
      120960            2           2.228       483840        60480
      120960            4           3.711       967680       120960
      120960            8           6.665      1935360       241920
      120960           16          12.540      3870720       483840
      120960           32          24.325      7741440       967680
      120960           64          47.802     15482880      1935360
      120960          128          94.794     30965760      3870720
      120960          256         188.806     61931520      7741440
      120960          512         380.044    123863040     15482880
      133056            1           1.413       266112        33264
      133056            2           2.365       532224        66528
      133056            4           3.976      1064448       133056
      133056            8           7.247      2128896       266112
      133056           16          13.680      4257792       532224
      133056           32          26.778      8515584      1064448
      133056           64          52.444     17031168      2128896
      133056          128         104.135     34062336      4257792
      133056          256         207.103     68124672      8515584
      146304            1           1.904       292608        36576
      146304            2           2.523       585216        73152
      146304            4           4.399      1170432       146304
      146304            8           7.949      2340864       292608
      146304           16          14.950      4681728       585216
      146304           32          29.127      9363456      1170432
      146304           64          57.437     18726912      2340864
      146304          128         114.116     37453824      4681728
      146304          256         227.466     74907648      9363456
      160896            1           2.000       321792        40224
      160896            2           2.682       643584        80448
      160896            4           4.652      1287168       160896
      160896            8           8.537      2574336       321792
      160896           16          16.442      5148672       643584
      160896           32          31.901     10297344      1287168
      160896           64          63.028     20594688      2574336
      160896          128         125.217     41189376      5148672
      160896          256         249.738     82378752     10297344
      176960            1           2.317       353920        44240
      176960            2           2.993       707840        88480
      176960            4           5.022      1415680       176960
      176960            8           9.319      2831360       353920
      176960           16          17.894      5662720       707840
      176960           32          34.968     11325440      1415680
      176960           64          69.131     22650880      2831360
      176960          128         137.459     45301760      5662720
      176960          256         274.128     90603520     11325440
      194624            1           2.085       389248        48656
      194624            2           3.138       778496        97312
      194624            4           5.572      1556992       194624
      194624            8          10.389      3113984       389248
      194624           16          19.565      6227968       778496
      194624           32          38.345     12455936      1556992
      194624           64          75.841     24911872      3113984
      194624          128         151.003     49823744      6227968
      194624          256         301.202     99647488     12455936
      214080            1           2.673       428160        53520
      214080            2           3.394       856320       107040
      214080            4           5.970      1712640       214080
      214080            8          11.130      3425280       428160
      214080           16          21.458      6850560       856320
      214080           32          42.123     13701120      1712640
      214080           64          83.346     27402240      3425280
      214080          128         165.800     54804480      6850560
      214080          256         330.843    109608960     13701120
      235456            1           2.879       470912        58864
      235456            2           3.717       941824       117728
      235456            4           6.546      1883648       235456
      235456            8          12.232      3767296       470912
      235456           16          23.580      7534592       941824
      235456           32          46.223     15069184      1883648
      235456           64          91.582     30138368      3767296
      235456          128         186.755     60276736      7534592
      235456          256         363.760    120553472     15069184
      258944            1           3.109       517888        64736
      258944            2           4.089      1035776       129472
      258944            4           7.183      2071552       258944
      258944            8          13.432      4143104       517888
      258944           16          25.911      8286208      1035776
      258944           32          50.789     16572416      2071552
      258944           64         100.566     33144832      4143104
      258944          128         200.112     66289664      8286208
      284800            1           3.490       569600        71200
      284800            2           4.635      1139200       142400
      284800            4           8.403      2278400       284800
      284800            8          16.150      4556800       569600
      284800           16          31.167      9113600      1139200
      284800           32          62.063     18227200      2278400
      284800           64         124.454     36454400      4556800
      284800          128         249.335     72908800      9113600
      313280            1           4.036       626560        78320
      313280            2           5.132      1253120       156640
      313280            4           9.570      2506240       313280
      313280            8          18.103      5012480       626560
      313280           16          35.126     10024960      1253120
      313280           32          70.226     20049920      2506240
      313280           64         140.298     40099840      5012480
      313280          128         281.009     80199680     10024960
      344576            1           4.223       689152        86144
      344576            2           5.585      1378304       172288
      344576            4          10.354      2756608       344576
      344576            8          20.091      5513216       689152
      344576           16          38.986     11026432      1378304
      344576           32          77.149     22052864      2756608
      344576           64         154.223     44105728      5513216
      344576          128         308.633     88211456     11026432
      379008            1           4.508       758016        94752
      379008            2           6.003      1516032       189504
      379008            4          11.311      3032064       379008
      379008            8          21.807      6064128       758016
      379008           16          42.913     12128256      1516032
      379008           32          84.850     24256512      3032064
      379008           64         169.673     48513024      6064128
      379008          128         339.609     97026048     12128256
      416896            1           4.735       833792       104224
      416896            2           6.544      1667584       208448
      416896            4          12.324      3335168       416896
      416896            8          23.497      6670336       833792
      416896           16          47.087     13340672      1667584
      416896           32          93.538     26681344      3335168
      416896           64         186.732     53362688      6670336
      416896          128         377.804    106725376     13340672
      458560            1           5.400       917120       114640
      458560            2           6.633      1834240       229280
      458560            4          13.444      3668480       458560
      458560            8          26.090      7336960       917120
      458560           16          51.137     14673920      1834240
      458560           32         102.300     29347840      3668480
      458560           64         205.185     58695680      7336960
      458560          128         410.238    117391360     14673920
      504384            1           6.856      1008768       126096
      504384            2           7.847      2017536       252192
      504384            4          14.702      4035072       504384
      504384            8          28.646      8070144      1008768
      504384           16          56.225     16140288      2017536
      504384           32         112.780     32280576      4035072
      504384           64         225.407     64561152      8070144
      554816            1           6.409      1109632       138704
      554816            2           8.457      2219264       277408
      554816            4          16.133      4438528       554816
      554816            8          31.358      8877056      1109632
      554816           16          61.770     17754112      2219264
      554816           32         123.836     35508224      4438528
      554816           64         247.767     71016448      8877056
      610240            1           7.789      1220480       152560
      610240            2           9.288      2440960       305120
      610240            4          17.620      4881920       610240
      610240            8          34.472      9763840      1220480
      610240           16          68.071     19527680      2440960
      610240           32         136.356     39055360      4881920
      610240           64         272.711     78110720      9763840
      671232            1           8.401      1342464       167808
      671232            2          10.050      2684928       335616
      671232            4          19.368      5369856       671232
      671232            8          37.860     10739712      1342464
      671232           16          75.065     21479424      2684928
      671232           32         149.981     42958848      5369856
      671232           64         300.088     85917696     10739712
      738304            1           8.978      1476608       184576
      738304            2          10.967      2953216       369152
      738304            4          21.278      5906432       738304
      738304            8          41.645     11812864      1476608
      738304           16          82.315     23625728      2953216
      738304           32         164.928     47251456      5906432
      738304           64         329.739     94502912     11812864
      812096            1          10.472      1624192       203024
      812096            2          12.040      3248384       406048
      812096            4          23.200      6496768       812096
      812096            8          45.734     12993536      1624192
      812096           16          90.457     25987072      3248384
      812096           32         185.552     51974144      6496768
      812096           64         359.954    103948288     12993536
      893248            1          11.569      1786496       223312
      893248            2          13.076      3572992       446624
      893248            4          24.836      7145984       893248
      893248            8          49.421     14291968      1786496
      893248           16          98.839     28583936      3572992
      893248           32         197.547     57167872      7145984
      893248           64         395.509    114335744     14291968
      982528            1          12.652      1965056       245632
      982528            2          14.305      3930112       491264
      982528            4          27.366      7860224       982528
      982528            8          54.244     15720448      1965056
      982528           16         108.685     31440896      3930112
      982528           32         217.585     62881792      7860224
     1080768            1          14.342      2161536       270192
     1080768            2          15.790      4323072       540384
     1080768            4          30.531      8646144      1080768
     1080768            8          59.717     17292288      2161536
     1080768           16         119.629     34584576      4323072
     1080768           32         239.220     69169152      8646144
     1188800            1          15.728      2377600       297200
     1188800            2          17.233      4755200       594400
     1188800            4          33.718      9510400      1188800
     1188800            8          66.149     19020800      2377600
     1188800           16         132.300     38041600      4755200
     1188800           32         264.561     76083200      9510400
     1307648            1          16.753      2615296       326912
     1307648            2          18.819      5230592       653824
     1307648            4          36.332     10461184      1307648
     1307648            8          72.819     20922368      2615296
     1307648           16         145.744     41844736      5230592
     1307648           32         291.787     83689472     10461184
     1438400            1          18.946      2876800       359600
     1438400            2          20.288      5753600       719200
     1438400            4          40.646     11507200      1438400
     1438400            8          81.652     23014400      2876800
     1438400           16         163.191     46028800      5753600
     1438400           32         326.574     92057600     11507200
     1582208            1          20.199      3164416       395552
     1582208            2          26.597      6328832       791104
     1582208            4          44.866     12657664      1582208
     1582208            8          89.807     25315328      3164416
     1582208           16         179.641     50630656      6328832
     1582208           32         359.789    101261312     12657664
     1740416            1          22.112      3480832       435104
     1740416            2          25.113      6961664       870208
     1740416            4          50.141     13923328      1740416
     1740416            8          99.668     27846656      3480832
     1740416           16         199.317     55693312      6961664
     1740416           32         399.627    111386624     13923328
     1914432            1          24.206      3828864       478608
     1914432            2          28.510      7657728       957216
     1914432            4          57.672     15315456      1914432
     1914432            8         115.038     30630912      3828864
     1914432           16         230.459     61261824      7657728
     1914432           32         460.832    122523648     15315456
     2105856            1          27.776      4211712       526464
     2105856            2          32.609      8423424      1052928
     2105856            4          65.445     16846848      2105856
     2105856            8         130.907     33693696      4211712
     2105856           16         261.517     67387392      8423424
     2316416            1          30.548      4632832       579104
     2316416            2          37.692      9265664      1158208
     2316416            4          73.909     18531328      2316416
     2316416            8         147.548     37062656      4632832
     2316416           16         294.918     74125312      9265664
     2548032            1          35.184      5096064       637008
     2548032            2          42.610     10192128      1274016
     2548032            4          85.433     20384256      2548032
     2548032            8         171.106     40768512      5096064
     2548032           16         346.484     81537024     10192128
     2802816            1          39.564      5605632       700704
     2802816            2          48.599     11211264      1401408
     2802816            4          97.593     22422528      2802816
     2802816            8         195.515     44845056      5605632
     2802816           16         390.537     89690112     11211264
     3083072            1          44.051      6166144       770768
     3083072            2          54.067     12332288      1541536
     3083072            4         108.664     24664576      3083072
     3083072            8         217.682     49329152      6166144
     3083072           16         435.105     98658304     12332288
     3391360            1          48.899      6782720       847840
     3391360            2          59.729     13565440      1695680
     3391360            4         119.926     27130880      3391360
     3391360            8         239.311     54261760      6782720
     3391360           16         479.248    108523520     13565440
     3730496            1          54.382      7460992       932624
     3730496            2          66.144     14921984      1865248
     3730496            4         131.907     29843968      3730496
     3730496            8         263.627     59687936      7460992
     3730496           16         527.600    119375872     14921984
     4103488            1          59.627      8206976      1025872
     4103488            2          76.426     16413952      2051744
     4103488            4         145.050     32827904      4103488
     4103488            8         290.453     65655808      8206976
     4513792            1          67.292      9027584      1128448
     4513792            2          79.939     18055168      2256896
     4513792            4         159.431     36110336      4513792
     4513792            8         319.240     72220672      9027584
     4965120            1          71.385      9930240      1241280
     4965120            2          88.955     19860480      2482560
     4965120            4         176.496     39720960      4965120
     4965120            8         351.353     79441920      9930240
     5461632            1          80.541     10923264      1365408
     5461632            2          97.661     21846528      2730816
     5461632            4         194.419     43693056      5461632
     5461632            8         387.196     87386112     10923264
     6007744            1          88.450     12015488      1501936
     6007744            2         107.324     24030976      3003872
     6007744            4         213.361     48061952      6007744
     6007744            8         425.796     96123904     12015488
     6608512            1          96.091     13217024      1652128
     6608512            2         117.542     26434048      3304256
     6608512            4         234.751     52868096      6608512
     6608512            8         474.787    105736192     13217024
     7269312            1         105.228     14538624      1817328
     7269312            2         129.535     29077248      3634656
     7269312            4         257.791     58154496      7269312
     7269312            8         514.873    116308992     14538624
     7996224            1         116.292     15992448      1999056
     7996224            2         142.232     31984896      3998112
     7996224            4         283.435     63969792      7996224
     8795840            1         128.792     17591680      2198960
     8795840            2         156.319     35183360      4397920
     8795840            4         311.937     70366720      8795840
     9675392            1         142.461     19350784      2418848
     9675392            2         171.931     38701568      4837696
     9675392            4         342.701     77403136      9675392
    10642880            1         155.622     21285760      2660720
    10642880            2         189.739     42571520      5321440
    10642880            4         377.390     85143040     10642880
    11707136            1         178.517     23414272      2926784
    11707136            2         208.585     46828544      5853568
    11707136            4         437.226     93657088     11707136
    12877824            1         191.016     25755648      3219456
    12877824            2         231.980     51511296      6438912
    12877824            4         462.935    103022592     12877824
    14165568            1         210.126     28331136      3541392
    14165568            2         259.604     56662272      7082784
    14165568            4         519.389    113324544     14165568
    15582080            1         235.338     31164160      3895520
    15582080            2         302.537     62328320      7791040
    15582080            4         600.922    124656640     15582080
    17140288            1         265.580     34280576      4285072
    17140288            2         437.096     68561152      8570144
    18854272            1         342.266     37708544      4713568
    18854272            2         668.894     75417088      9427136
    20739648            1         478.819     41479296      5184912
    20739648            2        1129.999     82958592     10369824
    22813568            1         730.764     45627136      5703392
    22813568            2        1732.263     91254272     11406784
    25094912            1        1031.299     50189824      6273728
    25094912            2        2465.779    100379648     12547456
    27604352            1        1445.845     55208704      6901088
    27604352            2        3287.201    110417408     13802176
    30364736            1        1860.030     60729472      7591184
    30364736            2        4175.764    121458944     15182368
    33401152            1        2337.238     66802304      8350288
    36741248            1        2780.896     73482496      9185312
    40415360            1        3158.848     80830720     10103840
    44456896            1        3494.611     88913792     11114224
    48902528            1        3861.280     97805056     12225632
    53792768            1        4269.256    107585536     13448192
    59172032            1        4714.141    118344064     14793008

META_DATA
MPI_PROCS      1
OPENMP_THREADS 8
FLOPS          2
ERT_VERSION  1.0.0
TIMESTAMP_DATA  1594866802.0
HOSTNAME  ('apollo-PowerEdge-R430', [], ['127.0.1.1'])
UNAME  ('Linux', 'apollo-PowerEdge-R430', '4.19.129-0419129-generic', '#202006220433 SMP Mon Jun 22 09:12:54 UTC 2020', 'x86_64', 'x86_64')
CONFIG  {'ERT_WORKING_SET_MIN': ['1'], 'ERT_CFLAGS': ['-O3'], 'ERT_CC': ['gcc'], 'ERT_MPI_CFLAGS': [], 'ERT_MPI_LDFLAGS': [], 'ERT_MEMORY_MAX': ['62497788'], 'ERT_PROCS_THREADS': ['8'], 'ERT_LDFLAGS': [], 'ERT_LDLIBS': [], 'ERT_SPEC_GBYTES_DRAM': ['1.0'], 'ERT_RUN': ['export', 'KMP_AFFINITY=scatter;', 'export', 'OMP_NUM_THREADS=ERT_OPENMP_THREADS;', 'ERT_CODE'], 'ERT_FLOPS': ['1,2,4,8,16'], 'ERT_OPENMP_CFLAGS': ['-fopenmp'], 'ERT_SPEC_GFLOPS': ['1.0'], 'ERT_MPI': ['False'], 'ERT_TRIALS_MIN': ['1'], 'ERT_DRIVER': ['driver1'], 'ERT_RESULTS': ['Results.x86'], 'ERT_OPENMP': ['True'], 'ERT_MPI_PROCS': ['1'], 'ERT_KERNEL': ['kernel1'], 'ERT_OPENMP_THREADS': ['1-32'], 'ERT_LD': ['gcc'], 'ERT_NUM_EXPERIMENTS': ['6'], 'ERT_OPENMP_LDFLAGS': ['-fopenmp'], 'ERT_ALIGN': ['32'], 'ERT_GNUPLOT': ['gnuplot']}
